68
60
88
73
61
70
78
77
76
70
75
74
72
71
72
74
66
83
74
72
78
72
75
60
64
65
75
80
68
69
60
68
84
77
60
83
62
60
66
65
72
68
75
87
66
61
61
60
65
63
76
67
66
81
76
81
77
73
70
79
60
68
74
67
77
63
67
79
83
79
72
64
68
63
72
64
75
74
77
85
60
75
66
68
61
71
71
67
61
62
64
72
68
72
73
63
74
64
72
68
71
82
71
82
64
74
66
69
67
72
61
60
83
79
71
73
60
65
71
90
61
63
82
68
72
75
64
70
64
64
73
70
71
76
70
60
70
60
60
69
82
63
81
66
66
72
62
65
61
80
63
74
74
71
65
72
76
70
70
74
78
67
60
72
60
64
68
69
62
61
65
80
67
62
63
84
76
70
63
70
74
83
62
67
80
77
69
68
62
60
79
64
65
64
60
63
82
65
73
67
75
74
69
60
74
73
81
72
61
75
80
65
79
87
60
60
71
73
72
61
67
85
95
71
72
81
66
83
62
63
64
82
67
60
69
79
74
62
82
79
65
64
89
69
68
60
60
64
70
77
67
84
60
73
69
78
73
78
60
69
74
62
65
73
90
76
63
70
87
80
70
81
67
63
70
66
67
71
63
60
85
77
91
70
62
63
78
77
84
