82
60
75
70
95
67
71
89
73
62
73
67
73
60
72
69
64
70
68
77
75
66
81
87
72
72
80
74
80
60
77
62
77
60
73
70
64
72
75
76
74
74
68
90
78
69
74
69
72
61
90
68
79
81
82
60
85
65
66
71
85
76
63
63
72
71
78
72
63
79
83
67
73
79
86
79
60
74
74
63
70
74
69
89
71
66
64
73
77
71
60
65
78
69
84
83
72
73
69
68
75
72
77
62
66
72
67
63
65
75
83
71
68
85
91
79
64
75
86
85
60
64
75
76
74
79
62
72
73
62
76
60
89
74
72
76
72
81
72
60
76
72
65
67
72
72
65
70
69
71
64
88
77
81
82
66
81
72
67
60
93
72
72
67
79
65
84
64
72
72
61
67
75
82
60
65
61
77
73
62
73
87
68
85
91
74
64
77
70
65
60
73
67
83
73
77
60
75
64
87
85
60
73
60
83
78
77
60
78
82
67
80
77
71
67
62
68
92
78
60
64
78
69
69
79
72
68
73
86
63
68
73
81
71
73
84
69
77
80
87
72
74
73
62
88
67
77
64
60
75
67
82
75
62
74
78
82
75
60
72
91
68
77
63
86
83
69
86
84
62
60
66
91
66
60
72
87
76
84
75
60
60
78
72
78
60
73
76
66
