60
73
76
70
70
81
66
61
80
80
62
76
65
79
77
78
70
68
83
82
70
79
60
63
66
77
72
74
72
78
77
67
70
80
79
68
69
70
66
60
61
70
82
68
67
82
68
65
63
74
72
87
67
71
71
60
82
84
62
61
67
72
65
79
76
74
65
75
69
75
75
75
61
81
75
65
72
74
70
74
63
63
69
70
69
72
72
69
60
67
84
71
69
68
71
71
74
66
67
66
87
63
89
67
60
67
82
72
76
65
71
71
62
60
65
83
72
61
72
73
66
68
89
80
77
68
70
73
75
73
66
81
80
73
81
64
61
73
72
75
73
60
70
68
67
75
65
60
67
60
68
69
68
62
60
72
75
63
67
64
69
67
77
85
62
79
69
71
78
75
77
68
67
72
78
78
65
92
78
62
81
88
62
81
75
63
60
73
67
78
69
70
67
82
70
70
74
68
77
70
60
69
75
68
60
71
60
71
70
69
78
64
78
61
85
68
65
74
74
61
65
75
73
67
60
60
67
72
69
60
82
60
69
77
64
74
65
64
71
72
71
71
74
70
73
81
66
69
70
80
72
76
71
70
61
61
60
69
61
95
60
60
65
68
83
90
67
69
63
84
75
69
65
66
93
67
60
66
82
84
74
67
79
78
63
64
82
62
60
