69
60
64
65
67
63
65
75
80
78
60
60
84
74
67
63
76
71
74
75
64
69
66
66
64
63
61
79
69
79
76
70
80
74
64
67
71
81
68
68
71
87
69
77
70
60
77
70
77
75
73
67
60
81
66
60
71
77
61
75
73
75
65
60
77
63
74
67
69
70
61
60
66
69
70
95
68
81
79
61
70
60
76
68
67
68
60
60
65
73
83
64
76
68
71
64
69
72
75
79
64
70
82
65
69
67
70
82
74
91
69
73
63
73
75
78
65
66
72
62
70
81
71
68
60
81
69
66
65
64
84
75
64
60
60
69
86
68
69
68
64
81
77
66
82
74
73
68
77
68
65
79
79
68
88
75
60
60
74
60
93
64
68
72
64
70
74
68
64
62
60
74
69
68
77
71
69
72
63
84
69
64
65
62
66
60
66
84
80
68
68
75
83
67
72
66
64
62
76
67
77
74
68
67
64
67
67
65
69
64
61
73
70
66
64
63
74
65
70
65
73
70
76
80
78
74
71
68
68
60
60
62
65
64
67
68
65
79
82
71
66
64
76
74
69
68
74
88
62
77
60
60
64
70
64
70
69
60
76
73
74
67
75
68
80
69
63
75
69
77
60
70
60
65
76
63
60
73
73
79
60
82
78
75
65
70
68
71
69
