60
68
61
60
80
70
86
72
69
82
67
69
74
62
69
76
82
74
68
75
80
60
77
80
69
71
88
65
76
71
62
74
80
72
71
67
64
83
78
72
67
81
64
72
76
70
78
73
73
60
84
77
79
72
65
78
62
62
72
81
60
75
79
68
72
72
61
69
71
77
60
72
76
60
60
72
72
60
76
60
77
78
79
70
60
62
81
73
66
60
62
60
60
87
65
72
76
76
68
83
82
74
83
72
84
67
60
67
66
93
66
62
60
91
68
68
72
82
71
71
76
63
62
71
81
91
78
83
75
67
65
66
81
81
70
81
79
64
60
63
65
78
69
73
71
73
64
75
87
80
69
81
70
73
72
64
72
71
70
67
63
60
60
68
81
71
67
61
74
65
75
76
62
70
73
88
61
67
67
61
60
62
66
74
77
72
65
60
78
71
68
69
66
69
78
71
83
62
72
84
80
85
74
76
71
85
70
67
64
60
73
60
76
69
71
67
62
71
77
61
84
63
83
95
74
67
69
73
72
73
81
74
62
82
70
70
66
81
73
71
82
61
74
70
83
77
63
66
74
63
69
71
69
81
90
85
70
80
66
80
83
63
83
67
63
60
68
66
65
93
69
65
73
70
70
73
69
80
60
74
70
73
78
60
75
74
65
79
67
