64
60
69
62
67
71
66
62
68
63
85
70
63
60
77
68
84
64
73
74
62
71
69
69
86
64
60
61
70
71
82
66
86
64
60
68
75
82
67
82
73
70
65
71
90
71
67
86
82
77
78
70
69
68
71
64
80
80
78
79
63
82
78
72
64
71
65
70
77
60
70
61
73
61
78
66
70
74
82
69
77
65
75
66
69
72
81
76
60
95
76
81
83
80
64
65
66
73
62
66
74
70
66
64
76
82
75
70
76
72
75
73
69
75
69
80
80
91
75
62
77
70
70
84
61
75
61
80
75
75
68
60
66
81
75
69
72
86
66
75
69
75
77
60
70
66
65
66
70
80
83
77
64
69
69
89
74
64
65
67
60
60
79
67
62
66
83
60
71
61
82
71
67
79
67
80
83
66
64
65
69
86
71
64
66
82
67
67
60
68
60
60
60
79
79
74
74
74
73
71
80
71
76
78
73
85
84
60
84
70
69
68
74
75
67
71
70
70
75
77
64
71
68
60
63
71
64
72
62
85
70
73
80
64
64
71
78
64
85
71
66
75
75
69
63
68
77
68
78
73
87
89
71
73
66
68
73
89
69
69
66
66
71
75
83
60
67
63
78
71
65
72
69
60
81
92
68
81
68
72
60
80
81
73
60
72
73
78
80
