71
68
85
72
73
80
72
81
73
65
69
69
73
72
82
60
83
71
71
71
72
82
77
68
67
68
73
80
74
64
65
60
71
60
80
66
73
71
64
72
60
86
68
74
64
66
76
73
76
81
76
64
93
60
73
68
60
75
76
64
68
68
72
63
76
65
60
63
65
70
70
68
73
77
71
74
69
66
81
74
69
80
74
73
73
66
61
71
74
63
68
69
71
67
70
72
78
80
73
66
84
66
73
80
70
81
78
63
70
66
65
67
95
66
69
65
61
69
69
60
65
75
78
71
76
65
61
63
60
65
89
69
69
67
60
63
67
71
67
67
60
71
80
64
64
64
76
64
65
65
77
74
73
83
75
71
62
62
70
80
85
65
72
78
67
91
69
73
90
70
80
69
65
78
89
75
80
72
66
62
66
68
71
74
67
71
62
72
69
69
62
67
72
72
78
71
67
62
65
72
70
76
76
69
71
76
74
66
70
62
62
62
66
70
70
85
61
71
70
65
68
62
74
74
78
78
63
64
66
68
61
65
69
72
73
64
80
76
63
67
87
66
67
71
60
60
78
68
70
84
78
70
78
60
67
66
84
70
64
66
73
62
70
64
78
68
70
78
77
71
81
65
68
66
71
71
72
77
67
63
74
65
60
71
74
71
69
67
73
