61
76
75
83
68
60
68
72
74
71
71
73
66
77
65
65
68
69
84
60
69
75
77
65
73
62
69
74
83
78
62
77
69
70
80
78
81
77
63
61
60
61
67
67
72
63
66
78
75
62
76
61
68
71
79
72
61
60
75
70
68
72
73
76
82
69
81
60
69
81
75
68
81
66
76
72
73
79
78
78
64
78
64
74
67
73
79
65
70
77
60
64
67
67
60
70
71
67
79
66
68
68
60
62
75
70
72
65
80
67
66
64
77
72
83
77
74
78
66
85
71
60
70
84
65
65
65
68
64
69
60
62
60
74
75
66
66
66
79
76
94
75
71
72
61
62
77
67
77
60
60
75
75
76
67
85
70
60
77
79
83
67
66
75
86
60
69
85
67
76
60
68
63
73
78
87
78
77
62
66
68
69
77
67
66
72
67
74
67
60
87
82
70
64
69
66
65
77
78
60
62
61
72
71
71
66
82
84
62
64
63
64
72
72
71
68
82
69
70
77
73
65
64
77
75
71
77
70
73
77
78
70
66
76
65
73
65
71
65
73
68
66
79
66
75
76
86
70
75
75
75
64
71
76
95
60
77
61
87
63
66
80
63
66
65
74
64
81
76
68
61
81
73
72
71
79
66
68
70
77
80
66
60
63
73
69
67
69
68
