75
63
71
71
68
71
65
75
77
63
75
66
71
62
84
72
76
60
78
60
61
71
68
70
70
77
61
71
63
74
71
60
67
78
63
79
75
79
61
69
60
72
72
72
71
60
77
82
61
61
71
61
68
67
68
72
70
88
60
75
72
80
79
76
67
60
71
74
67
66
68
60
63
71
77
77
83
72
69
70
76
80
65
76
73
62
64
64
74
67
76
66
60
65
84
65
73
74
66
74
70
76
82
64
74
77
72
71
70
77
62
76
81
81
72
60
72
80
65
77
65
74
95
75
72
60
61
62
74
70
67
73
68
76
67
60
72
77
67
67
62
67
71
65
82
85
80
60
78
72
68
74
66
68
73
66
70
60
69
69
68
83
65
83
60
73
64
71
67
63
78
81
86
73
62
65
69
66
66
63
60
70
72
73
75
75
65
68
64
67
72
66
77
69
65
64
70
85
65
60
64
70
64
77
67
62
60
65
62
70
74
62
60
70
66
79
69
63
78
64
71
71
70
75
72
76
61
67
60
61
72
60
68
67
83
69
65
67
66
83
64
64
68
62
80
60
77
74
64
70
60
60
71
73
81
70
66
70
71
72
67
64
68
62
66
65
67
66
84
76
89
62
64
60
61
67
81
64
69
74
81
69
65
62
74
65
70
69
71
