72
67
74
68
66
82
65
67
60
71
67
64
78
79
68
60
76
81
69
69
75
64
70
86
72
61
63
65
76
64
68
71
65
75
60
60
61
78
61
70
76
77
72
64
70
75
73
75
86
73
65
68
64
69
69
67
67
66
75
63
68
74
64
70
75
75
67
76
71
70
66
68
75
83
83
74
66
80
65
80
69
78
70
63
60
80
65
85
64
64
63
67
64
77
60
60
64
80
74
74
61
70
69
72
76
68
60
64
68
69
81
77
71
85
67
68
71
65
60
60
75
89
67
71
82
77
68
69
83
76
64
60
76
71
76
66
71
65
60
63
76
66
61
60
67
72
69
81
74
76
74
60
68
65
71
84
64
83
63
66
75
66
84
88
69
63
81
62
68
77
67
73
69
68
71
63
75
74
66
72
64
67
77
61
67
70
69
64
68
70
81
72
77
60
74
91
67
66
66
72
64
81
63
65
60
67
60
65
80
63
60
71
68
73
69
63
60
74
75
76
80
78
76
76
71
61
80
69
60
73
83
67
60
61
64
60
67
62
65
95
63
75
60
76
69
71
71
68
65
66
74
74
65
68
72
75
79
74
71
72
68
77
72
60
65
67
74
78
64
71
68
65
79
74
71
82
82
60
66
63
71
60
65
64
75
75
62
76
80
