81
60
77
65
79
62
72
84
77
62
71
81
77
69
78
71
62
75
82
69
67
91
76
60
68
72
70
66
83
65
72
67
65
80
78
72
74
65
61
79
70
62
69
74
81
72
79
65
64
74
66
86
69
70
67
68
82
82
93
60
65
60
83
62
86
79
76
66
67
65
73
78
71
73
69
65
67
73
67
68
78
79
75
71
76
67
83
67
74
75
77
82
74
68
77
76
71
90
72
77
72
60
63
85
76
74
84
77
76
63
67
63
69
63
67
79
75
75
73
75
69
81
64
80
72
72
63
73
61
69
63
70
66
78
81
60
78
74
79
82
69
69
66
73
68
69
76
78
85
74
71
75
60
60
81
68
76
69
65
79
74
61
79
74
73
85
61
63
83
76
82
85
60
72
63
71
91
72
72
79
68
66
67
70
72
63
68
74
83
80
87
62
66
65
79
64
60
83
74
71
64
70
85
77
82
79
61
86
95
79
62
62
72
72
60
64
67
70
60
73
64
63
68
73
82
83
77
66
76
77
74
75
76
82
68
76
70
89
76
76
75
72
63
87
62
76
65
69
80
84
77
63
74
61
60
72
65
72
85
61
60
90
78
73
65
71
64
79
63
79
75
76
63
70
60
72
71
69
71
81
67
81
70
65
60
66
63
73
67
