67
61
65
69
61
71
68
60
68
75
70
64
70
70
64
65
68
68
72
78
78
73
73
64
77
72
72
67
82
82
66
76
74
75
71
62
73
65
71
64
60
70
66
61
77
67
71
68
69
73
70
66
71
69
75
75
70
66
83
95
66
67
79
76
71
64
63
84
68
65
73
69
67
61
69
70
69
75
72
69
77
63
67
60
74
63
77
62
65
76
70
72
71
71
71
66
79
61
69
65
66
64
68
66
60
72
60
67
75
84
68
68
67
68
72
66
76
68
65
74
73
69
77
75
71
72
70
77
77
81
63
67
71
67
68
73
68
72
68
64
64
73
86
62
66
69
75
66
71
70
63
74
60
61
67
66
73
77
80
68
67
60
60
61
60
70
65
65
66
81
60
60
76
60
80
60
63
74
66
71
70
74
76
76
61
69
72
69
62
69
68
68
78
67
75
70
74
75
67
61
70
66
70
67
60
64
62
73
60
65
65
74
75
67
70
71
61
70
72
78
71
66
69
73
78
72
73
68
70
62
72
75
68
78
63
66
67
68
66
68
81
60
65
66
67
64
74
65
66
73
75
77
68
67
64
69
70
65
73
75
80
90
69
73
64
64
60
67
62
68
64
73
68
65
72
70
66
71
60
65
75
71
66
67
74
60
79
67
67
