75
60
81
65
77
73
70
74
64
70
63
64
62
73
62
66
63
71
68
65
78
72
69
74
73
84
73
79
73
62
67
67
73
65
60
72
73
68
71
69
69
71
66
75
70
70
81
64
65
65
83
92
63
63
63
67
60
67
67
74
70
80
66
69
67
69
81
65
66
79
67
82
69
81
66
68
65
77
66
77
78
75
71
85
81
72
69
75
78
68
72
65
77
72
69
69
68
71
81
71
69
71
72
63
65
90
63
70
90
63
61
70
75
92
60
62
69
74
73
60
61
83
71
76
61
69
67
75
65
66
65
78
75
89
63
67
60
68
68
76
70
66
62
70
65
61
70
62
68
83
73
60
81
60
67
65
67
76
62
67
66
61
64
62
82
60
80
68
71
70
78
64
79
69
62
66
74
60
78
62
71
60
80
60
71
66
65
63
72
68
70
66
68
83
76
60
66
72
78
71
73
64
73
79
71
68
71
66
67
69
64
67
78
71
81
78
89
65
73
70
66
69
62
72
76
69
64
87
70
81
66
93
60
67
80
71
76
67
66
80
70
71
60
60
83
62
65
71
72
70
72
64
74
60
60
84
61
72
74
70
76
70
86
72
90
75
68
62
63
66
62
61
67
60
64
87
65
94
66
76
69
77
77
67
68
74
95
72
61
