71
60
66
70
76
77
72
72
73
75
62
80
67
65
76
64
60
71
66
66
86
69
65
78
66
60
61
79
71
71
63
70
77
93
62
66
69
65
69
67
73
79
75
72
68
69
77
71
75
78
63
67
70
79
64
61
73
73
67
82
70
72
65
79
66
67
71
66
60
70
68
65
68
68
69
68
68
69
66
73
67
67
60
68
80
60
76
69
62
69
75
67
71
75
77
72
66
61
64
72
63
69
68
66
77
95
72
83
68
60
75
70
79
87
67
75
76
72
62
66
70
67
79
63
83
72
63
63
81
82
83
81
80
86
71
72
70
70
64
62
77
65
68
73
78
63
68
68
72
84
69
68
83
64
79
66
70
80
69
73
75
67
70
63
71
65
81
60
82
77
71
65
71
69
87
71
76
71
62
72
66
67
84
65
68
73
72
70
63
76
76
76
72
70
82
71
79
66
71
66
64
81
76
70
71
68
63
75
69
61
60
70
60
64
69
69
84
72
64
72
66
70
81
69
63
62
80
74
78
67
84
71
70
83
68
74
61
66
64
75
67
72
72
78
71
74
62
77
64
66
70
62
72
72
71
62
84
73
70
63
64
71
61
60
77
73
80
72
67
73
77
90
62
67
73
75
88
78
65
66
88
70
78
60
75
80
60
66
68
