67
62
67
80
63
72
75
74
65
74
82
81
70
73
66
74
67
77
76
91
85
67
75
70
78
78
70
65
67
90
69
64
63
68
75
73
80
80
67
77
74
62
74
71
64
77
84
75
69
75
74
66
66
81
66
73
70
73
75
74
75
64
79
65
71
69
60
66
60
67
79
74
72
75
65
60
66
65
69
60
69
70
66
69
64
70
80
73
61
74
63
68
74
76
71
73
71
67
60
66
62
66
76
75
70
66
72
82
63
72
75
60
68
60
79
60
65
60
71
85
70
95
74
77
67
79
63
77
86
60
77
64
60
79
76
65
71
60
72
88
61
84
75
73
74
65
63
71
61
60
75
85
86
71
61
69
65
77
73
65
74
62
84
66
69
68
76
64
85
70
68
68
72
74
60
72
68
60
81
78
72
67
65
79
78
73
74
81
65
67
66
68
64
88
60
61
73
63
69
73
72
60
67
60
70
81
60
86
66
64
68
70
71
70
62
62
70
75
67
93
66
81
68
67
67
66
65
79
73
71
60
60
70
70
69
69
67
74
70
61
67
62
63
66
72
68
65
74
76
68
71
68
74
77
64
60
67
67
72
64
84
78
73
63
71
69
79
74
67
69
69
70
82
84
69
65
73
60
70
81
75
66
76
79
65
65
71
78
82
