72
88
77
83
71
77
74
60
72
70
67
95
66
77
71
82
64
84
67
71
76
62
77
78
60
66
92
83
69
73
71
64
66
80
79
67
86
85
60
78
79
61
64
71
70
62
70
70
73
65
71
61
90
63
81
79
89
78
79
65
67
68
65
83
62
68
60
89
71
87
77
77
70
67
74
71
60
79
72
63
76
82
80
70
71
83
80
69
63
70
67
72
75
75
73
71
66
60
82
60
77
62
62
64
68
65
69
69
71
77
69
69
61
68
76
77
66
65
76
71
74
78
64
63
74
60
73
71
79
60
80
79
86
66
67
89
81
69
73
87
71
82
81
62
70
79
85
61
69
82
63
78
66
82
60
89
70
85
72
69
72
76
81
74
65
73
64
76
93
72
64
60
68
77
64
61
65
73
62
65
63
64
82
64
60
80
79
73
60
83
89
70
70
72
61
68
61
71
79
73
60
84
64
87
86
75
70
65
77
80
93
77
65
79
78
60
73
72
84
69
76
64
70
76
72
63
65
68
66
60
71
60
60
77
68
72
79
62
77
77
77
77
77
78
67
68
61
60
62
79
73
76
66
70
66
64
65
77
62
69
71
79
68
68
77
67
74
92
76
70
92
68
77
82
73
60
73
68
76
72
72
73
85
67
75
70
77
68
83
