60
69
60
72
79
64
64
71
67
72
70
79
68
77
78
66
86
65
68
64
73
67
67
66
60
63
72
79
72
63
88
61
88
85
84
66
67
67
70
73
78
60
80
74
85
60
74
74
71
66
75
71
91
70
74
71
71
64
77
71
84
62
66
65
62
81
66
71
64
60
72
78
73
72
64
65
71
68
89
69
75
68
60
74
60
69
70
62
89
67
76
70
79
70
74
64
75
65
60
76
72
69
95
75
66
73
70
67
64
77
79
70
64
74
64
85
77
68
68
67
86
94
68
71
70
73
60
77
73
70
82
75
83
62
78
64
85
86
90
71
66
76
62
74
81
61
70
84
67
67
78
71
67
86
60
67
67
72
67
66
64
64
66
77
63
82
67
72
66
83
78
83
68
75
61
76
77
71
78
68
64
69
66
63
63
65
76
77
77
74
64
70
60
60
69
66
69
62
60
73
65
83
80
76
91
69
65
78
80
71
72
78
76
78
65
73
81
62
66
79
72
77
63
60
61
60
68
82
61
68
67
60
71
68
65
64
66
83
79
79
70
69
83
67
79
91
71
76
79
68
75
64
69
74
67
68
64
70
81
74
77
72
71
61
61
82
62
91
81
76
73
76
82
71
94
70
83
63
74
69
82
60
70
66
60
75
80
72
80
