69
68
66
72
62
71
64
62
73
63
79
75
65
76
74
78
68
61
66
68
64
76
65
64
79
75
68
74
77
65
67
65
61
65
69
61
68
65
74
62
74
67
70
68
66
65
67
76
61
75
72
60
70
60
70
71
77
63
66
64
72
74
65
62
74
73
71
65
69
75
69
62
71
65
61
70
70
75
61
63
70
63
67
70
80
65
65
63
72
60
64
63
95
70
61
62
70
68
65
63
65
60
68
79
67
69
62
62
70
74
60
72
60
63
74
67
82
71
64
65
64
77
67
61
60
67
67
68
65
65
63
67
63
61
71
69
72
76
73
61
68
61
70
74
74
71
75
77
76
67
66
73
69
63
60
71
63
73
63
70
68
76
62
70
81
62
67
60
62
68
73
60
74
69
70
65
67
60
67
64
69
73
68
67
73
68
63
70
61
64
60
60
65
65
71
62
76
65
62
79
60
65
63
63
61
70
67
65
63
82
67
68
70
76
60
66
74
81
62
74
70
81
75
77
68
70
82
60
71
76
82
66
65
69
72
72
66
72
63
74
60
66
73
79
76
70
62
68
61
71
72
62
77
68
75
72
67
67
67
68
79
65
68
68
70
74
66
73
68
78
66
67
72
68
64
70
68
66
60
68
60
67
64
66
64
70
64
60
72
