64
65
66
60
71
74
72
74
68
72
77
69
70
60
60
65
60
73
71
66
72
65
66
68
77
65
61
77
76
73
69
82
68
74
67
76
63
68
63
70
74
83
79
80
68
67
68
72
63
81
65
70
67
71
77
60
65
70
76
60
78
68
73
76
74
73
72
62
60
73
66
66
85
64
62
72
71
87
63
74
75
73
72
83
60
89
60
70
69
72
79
74
67
69
67
72
75
86
63
61
86
74
66
62
68
77
70
61
64
63
74
61
73
69
67
64
62
66
71
61
74
61
68
71
82
61
68
77
72
67
84
68
86
78
60
64
71
70
60
61
72
82
68
77
75
87
81
71
60
69
83
72
71
65
75
78
78
64
69
70
66
72
76
65
71
72
74
60
60
62
60
77
78
80
68
67
80
72
70
72
67
67
70
69
67
67
66
70
74
61
73
73
68
78
70
69
63
67
74
70
66
71
76
82
65
75
70
61
74
82
78
65
70
69
76
61
60
71
70
64
71
64
73
78
68
63
66
68
69
71
64
67
75
72
62
71
73
64
62
76
60
69
77
71
62
63
69
80
64
77
68
75
72
63
69
63
84
67
77
80
73
66
84
60
66
64
68
88
69
77
75
77
62
88
69
62
72
65
61
67
76
72
70
78
68
95
72
68
63
