70
79
76
69
72
78
79
75
75
69
81
71
82
69
74
64
70
71
94
72
90
73
82
72
65
61
67
72
78
60
62
70
65
80
60
66
66
77
79
67
64
72
65
77
62
88
69
72
65
64
75
64
72
78
69
61
75
78
64
71
63
78
71
83
61
66
78
61
67
82
92
71
78
80
64
70
65
62
94
73
73
65
63
74
65
69
65
64
72
60
68
60
69
63
66
63
85
75
76
76
69
71
67
71
65
81
76
80
70
69
63
71
66
79
62
75
70
64
82
64
94
60
73
61
65
64
69
63
87
83
91
69
75
61
69
74
65
60
69
77
79
60
80
86
81
71
69
69
62
62
61
71
72
66
61
84
69
76
78
66
77
66
72
73
79
64
65
71
64
66
66
75
62
74
64
63
74
69
65
70
68
76
71
80
71
60
71
60
64
68
67
62
62
65
70
61
94
67
80
73
76
79
80
82
71
60
66
72
61
60
60
72
65
73
73
82
66
75
73
62
63
60
71
77
62
66
60
77
80
69
68
64
68
64
70
69
69
78
61
68
71
67
83
65
81
60
79
75
63
76
65
60
71
70
68
73
73
95
78
77
84
71
75
63
73
87
66
70
63
75
63
74
66
70
70
60
78
71
77
67
68
70
75
67
69
60
60
73
72
