60
66
69
73
81
65
67
61
64
64
61
70
76
69
62
62
71
60
68
64
69
69
70
65
71
68
72
71
60
66
76
64
64
70
69
60
70
86
67
78
60
75
67
63
66
63
76
76
70
70
72
69
77
70
80
66
65
77
66
63
70
69
70
72
73
73
74
72
60
61
82
76
60
69
63
63
75
83
84
67
65
73
67
61
60
88
65
65
74
66
63
70
73
72
71
62
73
75
67
66
64
73
66
63
73
65
71
72
86
69
66
69
69
68
75
67
70
74
63
63
74
64
65
72
63
64
72
68
69
77
84
78
60
84
80
80
66
69
84
74
66
70
60
68
83
64
60
76
74
60
74
60
94
72
67
69
61
71
67
71
67
69
63
68
78
60
75
62
76
60
70
71
64
82
71
65
68
71
67
67
69
78
60
69
65
68
66
76
62
61
95
61
62
74
60
68
71
71
66
87
62
65
74
69
77
69
72
67
77
85
67
73
74
60
66
67
65
78
84
64
80
73
67
67
70
74
79
64
68
76
75
68
60
70
79
79
72
62
69
71
67
90
63
71
73
66
72
69
69
87
65
64
82
77
85
86
64
71
75
81
80
75
70
73
78
76
67
60
75
68
60
63
73
64
80
67
73
64
73
71
66
69
83
67
75
75
64
66
68
