77
67
76
69
71
80
76
63
63
79
71
69
63
71
68
76
64
85
60
79
70
60
64
82
88
84
72
63
74
70
68
65
83
65
74
67
67
63
66
63
73
68
66
74
65
75
67
73
71
64
68
63
84
67
67
68
73
61
72
75
66
63
73
66
76
73
72
72
64
68
67
70
77
71
61
65
73
85
71
81
69
79
74
68
60
60
70
66
63
72
61
69
77
69
82
62
78
61
72
78
73
88
71
79
72
73
65
60
66
65
60
69
67
76
81
90
71
67
84
76
72
69
82
72
73
73
70
64
69
64
74
65
76
71
70
62
72
68
81
82
72
60
75
66
67
68
69
77
66
69
85
65
70
79
68
84
76
66
65
71
60
73
80
60
70
60
71
68
70
79
76
65
85
67
61
71
65
74
69
68
63
70
69
62
65
80
84
70
68
60
79
60
72
74
73
73
66
77
70
81
61
73
80
76
60
66
67
67
82
81
70
79
71
70
95
84
83
66
63
75
70
79
77
71
69
60
75
77
85
61
77
71
73
78
67
73
85
71
79
78
75
71
68
66
77
65
83
78
66
79
73
61
91
88
65
61
66
74
69
68
85
63
67
65
69
70
71
65
79
75
75
85
68
74
71
60
60
76
68
64
75
75
71
65
72
66
82
85
71
