86
60
64
62
77
80
70
67
65
76
70
79
91
72
60
68
61
82
73
81
73
70
63
78
73
72
71
74
72
72
70
72
60
74
77
69
69
67
76
66
66
78
60
68
69
64
70
64
60
91
68
63
71
66
72
62
83
77
65
69
68
73
71
72
66
72
71
61
64
67
69
67
76
64
65
69
63
74
78
66
65
78
68
69
68
71
65
67
66
70
81
72
69
61
70
68
65
65
89
78
69
62
62
62
60
78
79
66
74
73
87
68
60
71
70
79
62
78
68
70
66
76
67
75
60
68
68
70
60
82
62
74
73
67
76
65
73
68
66
72
64
80
67
67
67
60
60
67
66
63
60
76
74
77
65
76
68
71
70
68
83
68
65
66
72
65
72
65
77
60
72
70
78
65
68
65
76
68
78
63
76
72
65
71
67
68
66
76
84
64
70
72
66
69
60
73
61
69
75
74
75
72
70
76
68
69
82
75
72
89
69
72
79
69
69
64
60
74
77
69
80
84
66
79
69
93
65
65
76
64
70
80
80
61
67
63
67
65
64
77
70
71
69
62
84
62
61
71
95
62
63
72
64
65
61
62
72
70
67
65
60
77
62
64
70
72
61
60
68
71
69
68
72
60
81
78
74
66
60
67
77
60
69
75
91
68
80
83
66
