71
73
73
71
74
77
61
72
80
78
68
78
68
80
83
75
78
87
83
73
88
73
80
75
64
80
65
73
79
73
71
72
79
82
77
77
72
69
80
61
63
60
68
60
79
79
90
76
78
82
85
62
65
68
70
64
60
78
75
73
75
87
61
75
60
63
62
61
87
65
75
71
76
60
72
63
71
64
65
68
61
70
70
70
62
70
70
73
73
71
71
76
71
73
73
60
83
66
84
71
60
79
75
71
72
69
67
65
77
81
82
81
70
80
63
86
60
67
70
65
60
75
75
84
71
76
62
67
65
66
77
73
60
69
78
61
78
66
73
77
79
69
77
61
79
87
89
72
86
71
83
71
76
74
80
73
76
62
81
78
67
70
60
81
62
73
74
69
60
80
63
79
63
64
64
73
68
70
76
75
73
76
68
90
70
81
68
77
73
76
76
74
78
77
79
78
82
67
86
64
75
63
72
80
60
71
64
89
72
67
65
80
83
72
74
76
76
69
73
84
74
62
95
73
71
60
77
73
64
66
77
71
94
78
78
68
75
74
66
89
62
68
68
74
83
74
66
80
76
73
60
73
72
67
83
75
71
83
69
78
62
61
75
68
69
71
64
66
73
72
73
70
70
76
74
75
64
60
67
71
78
81
88
79
77
76
89
76
82
