79
70
68
74
72
60
65
75
60
80
73
64
74
86
62
63
62
70
76
62
66
81
76
60
70
63
79
64
85
70
63
68
85
66
73
64
74
67
68
77
74
81
90
67
72
75
73
71
63
67
68
71
70
74
82
80
68
92
74
78
79
68
80
67
61
69
75
71
79
69
77
74
74
60
72
73
61
78
66
76
64
68
67
64
77
71
66
65
70
68
70
76
79
70
75
84
74
70
75
72
80
84
67
63
69
80
71
74
75
82
66
69
79
69
69
61
75
67
69
66
62
71
71
68
77
66
77
78
60
68
60
71
73
74
77
71
60
68
66
72
64
75
62
82
67
67
76
71
66
77
77
60
73
83
80
60
73
84
73
62
64
73
77
64
71
76
64
69
68
60
68
67
72
71
60
75
62
65
61
74
62
61
61
60
69
63
79
66
66
72
65
63
75
64
77
65
76
73
69
79
81
74
79
72
64
66
69
70
62
75
63
60
60
70
78
80
73
84
75
82
73
78
76
73
66
75
70
71
63
72
71
67
62
67
60
79
68
71
76
65
63
64
67
76
72
73
60
63
68
63
69
63
77
69
60
62
77
76
72
69
60
86
71
74
79
70
60
65
60
76
85
95
76
78
71
70
62
63
76
75
71
82
75
64
73
69
73
73
69
