65
62
74
68
68
65
66
75
68
75
68
73
61
72
74
80
62
71
77
60
92
80
70
60
84
77
73
72
69
69
91
73
71
61
90
63
72
60
65
73
66
63
61
77
72
61
89
60
68
67
79
80
76
69
62
78
68
76
69
83
60
71
88
62
62
74
61
62
66
70
84
73
88
69
86
68
62
84
71
71
75
65
60
75
84
78
78
77
65
78
80
80
66
64
70
70
71
71
67
72
60
95
66
69
84
63
63
61
92
73
60
73
72
66
66
71
66
87
66
73
84
66
84
79
68
68
84
60
60
71
66
63
63
77
79
81
76
60
60
64
60
77
70
65
74
60
80
73
70
73
77
66
79
76
70
67
67
60
80
63
91
73
68
90
68
60
60
73
68
89
80
73
72
65
73
71
79
80
67
72
92
60
91
71
66
75
82
87
76
61
69
64
77
61
62
63
74
93
77
63
76
70
73
68
78
76
79
68
74
73
70
86
77
64
65
66
79
63
69
82
77
64
67
87
67
60
68
60
64
68
71
65
89
70
93
70
65
68
74
62
85
77
88
73
62
92
84
70
73
76
68
66
73
69
62
68
73
64
61
83
73
72
60
68
62
81
70
66
63
68
80
82
75
68
61
69
82
67
60
68
71
79
64
68
77
74
74
79
82
