76
67
83
89
69
68
74
72
75
70
76
72
84
73
67
63
72
74
77
70
65
60
72
74
60
77
65
70
87
69
80
93
71
64
65
65
71
60
71
61
67
66
65
70
73
73
74
82
70
62
66
65
62
74
60
74
67
75
78
88
67
66
62
81
73
62
69
69
65
62
83
77
72
74
60
60
69
69
65
70
61
71
60
71
67
78
61
72
60
71
79
71
68
70
64
79
66
71
77
75
65
69
74
77
70
62
61
63
64
64
60
63
61
67
65
60
73
69
71
70
77
71
69
67
69
80
71
62
70
62
64
64
66
64
72
64
67
76
72
74
71
64
69
75
65
61
71
74
68
67
64
77
72
64
66
71
76
64
65
74
72
71
67
61
70
80
72
72
75
60
65
65
68
61
65
73
67
68
71
66
85
64
65
78
82
82
78
70
69
62
67
69
81
60
89
77
72
70
77
71
75
62
77
60
64
90
64
68
88
64
69
67
70
82
71
75
64
85
74
73
75
69
76
91
70
69
70
60
69
69
65
73
86
62
65
66
70
72
80
68
76
62
71
62
74
74
73
60
73
65
65
65
70
95
76
60
82
60
72
68
60
72
74
88
60
76
66
84
77
70
70
64
85
63
68
79
64
76
64
82
64
65
66
65
76
63
72
69
67
