76
62
79
63
83
61
73
66
69
66
66
60
60
77
73
69
65
62
82
72
73
69
67
77
79
64
76
61
67
77
84
70
73
71
61
68
63
83
82
65
80
81
74
75
85
74
68
69
79
74
61
79
63
66
69
62
64
67
71
68
72
83
82
65
60
73
76
60
75
70
72
73
89
61
63
83
60
70
69
65
85
78
68
60
72
86
71
81
71
74
72
69
66
60
67
81
62
65
60
68
85
60
77
67
73
69
92
80
83
64
72
75
82
61
69
73
72
77
68
69
71
82
68
77
75
82
90
71
76
66
75
88
67
60
85
77
64
63
66
62
65
75
61
63
76
67
60
74
90
65
60
77
65
83
79
68
68
64
61
78
66
69
72
75
76
70
65
74
65
64
72
71
64
89
62
85
86
70
60
66
61
68
62
84
69
75
62
80
95
62
62
60
67
69
63
62
61
63
74
73
66
62
76
70
67
73
66
62
81
68
71
85
66
85
71
73
76
76
71
86
73
82
60
72
65
76
67
77
60
69
75
71
63
87
77
74
60
76
71
62
79
71
71
68
62
69
64
85
79
75
78
64
60
92
61
83
75
62
60
76
74
72
60
66
83
69
67
65
78
71
66
65
68
62
76
67
67
81
71
77
65
75
69
75
67
64
64
63
68
