75
70
63
73
68
77
69
70
84
77
70
73
72
61
74
68
68
72
70
67
65
80
80
81
62
76
75
73
78
65
78
72
76
61
61
64
64
77
64
76
68
69
69
74
68
66
64
71
74
68
63
69
66
81
80
77
61
62
67
67
60
69
79
73
65
81
76
74
71
60
64
64
72
63
82
65
60
79
70
76
95
92
76
66
60
65
65
86
65
69
66
74
64
75
60
80
80
65
68
75
64
77
68
76
91
60
66
75
71
71
67
79
60
64
60
73
73
60
85
68
60
75
60
65
86
80
60
69
74
75
74
78
79
79
70
60
86
73
69
61
76
68
67
87
68
69
84
71
72
73
61
67
64
62
72
74
69
84
64
76
62
75
64
70
65
73
64
72
76
71
71
67
69
83
61
77
60
66
70
73
73
76
70
66
81
81
78
70
88
60
71
79
69
72
67
73
67
85
60
79
75
77
60
78
62
76
79
71
65
68
79
83
71
74
72
74
74
71
63
66
77
80
80
69
62
76
73
73
69
63
65
73
62
65
68
60
79
74
81
65
73
76
69
68
73
76
84
78
73
78
76
73
68
84
60
62
81
79
66
70
63
66
73
67
68
68
73
77
91
65
67
64
68
69
60
79
72
65
83
74
74
77
66
65
70
65
73
77
70
