74
73
71
72
72
60
66
62
62
86
68
75
69
68
68
60
71
60
76
64
76
60
66
62
70
67
70
68
60
65
61
69
70
63
68
73
73
60
64
69
66
65
66
62
64
71
68
62
60
60
60
66
66
69
71
71
71
66
60
74
73
71
79
62
62
77
69
73
95
65
61
68
61
65
71
62
63
76
66
67
68
77
68
64
76
67
72
66
60
67
70
69
68
71
72
71
63
61
70
74
71
62
81
63
79
66
72
75
66
76
69
71
69
61
76
65
66
67
67
71
68
62
69
67
66
64
63
60
71
69
81
63
68
64
85
71
64
70
64
60
66
64
73
79
68
70
65
69
63
60
64
71
64
64
66
67
76
66
68
70
70
70
67
60
66
64
61
75
68
64
73
72
61
63
71
63
70
69
67
76
62
76
68
74
68
69
78
72
60
64
61
60
66
68
70
72
61
68
72
63
63
70
75
61
74
73
73
60
73
70
77
63
63
66
60
68
76
69
71
78
61
74
63
70
69
61
61
69
67
73
66
64
67
63
74
70
60
64
73
77
76
67
60
77
75
74
73
70
67
60
66
63
67
72
72
71
70
71
77
63
61
72
64
68
75
72
79
68
68
63
64
73
65
66
67
71
74
64
67
63
77
71
68
71
73
82
64
72
65
