66
79
72
69
76
72
70
69
71
64
69
68
65
72
68
71
74
60
64
74
66
70
65
62
76
71
68
77
68
60
74
64
65
65
80
63
61
63
66
69
73
70
65
72
72
61
65
69
79
61
74
74
65
65
64
74
60
81
62
63
61
63
65
69
69
66
68
78
68
64
66
69
67
71
72
62
65
69
65
63
63
73
78
70
70
63
67
62
78
67
76
62
67
78
76
63
68
65
68
70
77
76
68
63
70
62
76
75
71
61
74
65
74
66
89
64
75
71
83
66
74
71
66
69
75
60
64
60
72
60
74
69
70
67
65
60
64
81
66
60
72
74
86
61
71
76
61
62
72
95
79
74
74
72
69
74
83
69
75
76
67
68
67
64
78
64
71
70
68
73
63
70
69
77
69
68
77
75
63
61
67
71
63
69
65
67
65
70
77
76
60
66
72
78
65
77
63
68
66
60
74
81
70
69
65
81
76
75
65
78
60
76
91
69
76
71
69
77
73
66
60
68
69
72
77
67
70
63
64
69
67
64
61
85
69
72
73
67
64
62
66
77
67
82
67
60
66
68
70
68
62
69
82
90
69
74
60
70
82
71
65
79
69
73
70
74
75
74
72
75
65
84
72
70
66
84
79
72
70
68
64
66
71
72
68
66
66
78
66
