68
82
65
67
68
70
77
64
68
72
64
93
74
63
74
88
76
68
74
95
63
76
80
67
64
84
71
66
77
79
71
75
74
68
78
65
80
65
66
63
63
75
67
65
70
66
72
67
67
60
60
69
78
66
90
76
83
82
69
70
76
60
73
63
61
71
60
76
67
70
71
74
70
66
77
61
70
72
63
77
84
68
74
76
60
74
82
89
60
81
62
66
73
65
68
60
62
70
72
74
77
64
70
60
73
63
72
62
73
82
83
69
60
64
65
71
66
69
61
77
60
66
77
67
67
70
65
73
70
68
62
66
76
68
76
80
60
80
63
73
68
69
64
67
62
67
71
64
62
60
65
60
68
93
63
68
82
70
65
65
61
84
82
73
78
69
66
65
74
70
81
64
70
67
75
71
81
63
90
66
60
61
66
86
83
60
63
67
78
75
71
65
78
60
73
80
69
76
68
78
91
91
64
76
83
66
66
68
67
60
78
68
62
75
65
78
83
69
77
82
65
63
62
78
77
69
68
82
82
74
77
68
65
83
65
69
71
66
81
74
67
70
63
68
67
65
85
81
63
69
61
63
67
65
75
74
70
78
70
82
60
77
68
67
67
71
60
78
64
71
65
71
70
65
60
75
64
67
69
62
78
67
60
85
82
71
66
63
78
