60
60
62
66
67
78
61
61
71
68
65
70
60
65
68
80
69
88
64
60
69
66
75
73
72
71
64
65
73
67
60
83
60
86
69
68
71
66
69
65
69
66
70
74
67
87
82
70
60
69
66
75
66
63
66
78
73
79
68
67
60
61
87
69
71
63
66
62
69
60
78
74
71
63
63
63
69
86
62
64
65
69
65
68
73
95
70
71
72
70
78
62
74
61
69
75
76
66
83
60
74
87
74
73
74
65
72
74
73
72
74
74
80
68
72
75
66
65
72
77
69
72
60
60
65
69
65
71
75
60
68
71
76
77
74
78
74
75
73
80
67
79
68
67
80
68
64
72
71
70
65
70
68
60
78
62
67
72
66
63
66
66
73
70
62
67
63
68
76
68
75
71
77
76
65
71
71
76
69
71
68
75
80
66
68
64
60
73
80
72
69
69
60
66
74
77
81
78
66
70
64
74
73
71
69
68
71
69
76
61
68
64
83
78
62
74
60
71
72
86
64
78
66
84
70
60
67
75
62
67
78
67
75
77
73
70
60
63
69
65
81
83
75
75
86
74
72
73
70
75
71
73
60
77
60
67
68
90
72
81
65
74
60
89
85
67
65
73
69
64
73
63
65
72
69
78
74
63
80
76
70
67
77
78
76
70
64
62
75
