60
64
70
67
73
73
77
80
78
74
77
60
74
62
81
82
66
67
85
78
64
74
84
75
82
71
69
60
74
76
68
79
67
68
75
70
62
73
75
66
80
76
71
61
66
62
76
66
72
67
71
67
70
79
79
64
73
60
91
72
67
72
75
70
75
65
77
67
72
69
60
72
81
77
65
64
74
76
63
71
72
67
72
67
77
80
60
67
70
60
64
68
63
69
70
73
78
64
72
70
63
60
87
75
60
70
63
73
75
67
65
88
71
64
66
60
60
65
69
69
74
89
66
81
63
73
60
63
78
69
74
82
72
68
86
85
64
76
79
69
64
74
74
72
65
78
72
66
71
68
71
72
79
61
91
69
65
78
82
84
63
71
63
65
76
81
65
62
69
78
72
77
66
72
60
68
77
76
70
76
70
72
74
72
72
65
71
71
90
60
65
68
70
67
66
77
81
74
77
95
71
60
67
63
66
68
78
67
61
67
68
78
84
60
65
75
81
67
79
75
68
63
77
70
72
81
83
60
78
70
74
76
66
61
76
60
87
63
69
64
69
62
74
79
73
82
89
78
75
76
78
67
67
67
68
81
67
68
71
66
85
72
62
62
62
67
63
69
72
62
76
68
90
74
86
75
65
79
86
77
77
77
71
62
67
72
74
70
64
