69
75
69
74
70
61
72
79
73
60
82
73
84
82
75
82
72
76
64
71
75
72
75
65
71
62
64
75
63
66
66
69
67
71
72
60
67
76
60
73
86
81
69
67
65
81
74
87
72
66
62
85
74
65
73
81
68
72
74
88
86
74
88
63
73
70
63
60
83
80
67
65
66
76
80
73
68
82
67
69
73
85
95
81
80
60
62
76
65
79
67
62
73
60
60
72
72
79
65
75
62
68
68
82
67
87
68
65
71
69
79
71
61
62
66
75
63
82
70
73
73
71
72
86
62
65
63
67
80
74
60
78
76
75
83
72
61
89
84
68
60
75
71
71
72
64
72
60
68
68
83
70
90
85
60
65
83
73
81
71
80
63
61
61
74
66
61
72
73
69
64
69
68
71
77
75
73
77
73
73
74
67
67
67
62
68
79
60
71
63
73
69
63
78
68
68
73
74
67
67
80
77
62
87
75
60
69
73
70
67
76
71
61
68
78
77
70
67
82
60
62
65
92
69
66
87
60
69
67
86
66
70
65
85
75
73
83
65
76
87
66
90
70
67
69
86
74
64
75
65
81
67
69
68
79
69
62
64
60
62
71
80
65
65
76
85
76
64
64
77
62
66
90
74
61
90
86
69
76
94
75
74
83
76
67
79
60
63
65
