69
75
69
66
72
73
70
80
69
68
80
77
68
70
73
71
68
77
73
62
67
76
66
84
78
66
68
87
62
71
73
84
85
68
75
65
76
75
67
67
65
83
76
80
69
76
69
74
75
74
62
66
80
63
68
61
67
75
62
72
63
83
60
60
72
68
67
69
66
64
60
75
86
74
72
77
65
79
66
81
76
72
66
72
69
66
68
71
63
73
65
68
78
76
71
65
64
69
69
67
64
78
73
73
69
69
77
71
71
75
74
74
63
71
77
78
61
60
65
73
71
95
60
85
62
77
73
67
78
61
74
79
66
75
79
75
70
72
72
60
68
72
64
62
67
78
84
70
61
76
79
71
74
80
68
72
76
80
61
80
61
81
79
74
64
71
63
66
78
65
60
73
63
82
65
86
78
69
79
80
73
75
80
68
63
60
61
71
82
62
66
60
80
77
60
68
60
71
64
81
68
62
66
80
74
64
60
60
65
64
60
85
68
65
76
74
60
60
67
72
63
75
88
72
75
77
65
72
64
88
73
69
75
69
67
60
79
78
68
64
71
68
77
73
60
61
69
70
61
73
72
80
63
64
71
68
69
73
71
84
81
72
81
70
83
83
70
60
74
74
66
61
75
64
73
78
76
60
73
76
60
75
70
70
71
62
71
60
82
