77
73
76
70
78
67
71
64
73
84
69
83
71
62
71
78
62
73
76
68
79
69
60
75
90
68
70
80
60
79
70
75
74
70
74
91
69
79
61
73
60
84
67
69
64
60
63
60
82
71
76
74
70
76
78
65
76
72
75
86
81
72
71
87
80
80
78
62
89
69
63
60
66
80
79
79
68
72
86
78
66
60
73
67
77
78
78
69
76
78
73
74
77
80
75
68
60
69
69
62
72
74
65
74
65
81
92
72
85
85
81
83
70
72
60
72
67
86
69
66
69
86
69
89
76
61
77
67
61
69
63
73
80
69
60
67
68
66
60
60
81
60
81
67
70
64
75
75
72
76
66
80
61
66
77
72
68
75
71
60
65
65
63
69
70
67
70
83
60
67
78
61
71
87
71
67
62
86
63
60
65
69
63
77
74
71
74
60
65
62
76
60
68
66
75
65
84
66
71
79
65
77
77
60
72
64
70
69
68
80
76
89
84
83
69
89
76
60
70
71
78
65
78
60
68
69
60
69
67
60
80
61
80
69
79
78
79
62
74
81
76
60
79
77
71
62
64
76
66
70
89
74
60
64
69
72
66
72
64
89
77
69
82
63
95
87
87
62
64
61
72
67
77
78
60
66
82
67
90
88
84
65
75
70
73
65
73
66
73
