66
89
71
72
69
77
77
64
72
68
66
68
66
71
71
72
79
60
61
64
60
60
81
71
84
67
69
76
74
72
68
80
74
78
88
66
69
65
74
66
80
77
73
77
62
74
71
62
81
61
78
63
76
70
61
62
73
79
73
62
88
85
80
68
72
71
65
63
68
79
63
75
73
61
94
77
66
72
74
75
87
69
75
72
60
79
74
82
65
63
84
71
84
69
68
69
85
71
76
87
83
74
78
62
75
75
75
77
75
89
60
66
68
70
81
68
80
79
76
77
71
66
72
77
69
77
65
91
65
80
60
69
87
69
67
80
88
82
79
69
63
70
62
74
75
69
66
78
74
74
83
66
80
65
76
64
61
75
61
82
84
80
72
63
62
64
72
62
65
78
76
64
73
70
70
87
66
77
60
66
65
60
60
61
81
79
65
63
60
72
65
77
73
77
60
69
71
63
69
71
75
75
64
86
60
81
60
71
77
72
75
71
69
66
81
62
68
73
74
63
95
70
75
71
68
68
72
75
79
61
65
64
60
72
84
75
71
93
72
62
81
82
67
84
76
71
60
63
67
61
63
71
74
67
68
70
81
66
68
60
70
70
74
76
72
70
65
70
60
79
72
72
60
81
69
68
72
67
60
67
62
66
72
72
68
70
81
70
75
