68
64
67
70
71
68
76
67
69
72
85
69
63
72
78
68
71
68
69
64
76
75
72
65
71
74
69
80
68
60
79
69
86
67
67
71
68
70
63
74
70
66
77
60
66
84
69
65
60
86
70
69
62
85
82
60
72
62
69
69
72
70
65
64
76
63
72
69
64
64
69
71
72
83
85
62
77
60
68
86
71
78
75
64
64
72
83
79
69
79
69
68
68
73
81
68
78
70
71
70
85
77
64
64
67
76
69
61
73
63
81
65
62
64
66
68
66
78
76
63
71
82
63
70
70
78
80
68
85
74
68
60
70
65
95
84
61
67
60
61
72
77
73
84
77
66
69
64
62
74
69
64
69
67
68
75
74
80
75
62
85
74
78
88
63
62
63
69
63
63
84
72
62
86
67
88
80
75
82
66
75
69
68
75
66
68
65
71
61
64
63
75
79
65
60
74
80
67
88
71
76
72
65
64
91
71
84
60
72
68
60
70
64
60
66
65
72
70
77
67
68
74
70
73
81
80
73
67
73
62
74
71
84
68
70
72
65
71
76
72
63
65
64
74
76
72
86
71
61
77
75
75
62
76
70
75
60
67
79
64
61
64
63
70
64
78
74
67
67
66
68
78
69
71
73
71
82
70
72
74
80
64
68
75
80
78
67
88
78
