65
68
88
67
83
79
77
76
66
84
67
60
73
77
72
72
60
69
67
85
80
75
63
62
60
64
65
61
72
63
60
60
72
72
69
80
71
89
68
60
77
76
60
73
82
78
75
62
69
66
65
77
61
73
71
79
68
71
70
62
74
73
73
68
66
76
76
76
71
79
60
60
66
69
79
62
64
82
69
66
79
67
68
62
60
66
76
67
71
91
67
73
67
65
76
65
78
72
77
74
83
88
71
65
76
66
63
68
61
74
61
77
76
76
71
63
75
62
65
77
70
79
68
67
65
75
82
78
61
63
73
60
77
79
64
61
71
71
70
76
69
66
64
67
66
66
67
65
61
60
81
65
70
72
69
60
60
73
81
82
68
81
75
66
80
95
86
61
70
60
72
74
66
66
60
73
67
74
72
69
68
75
60
85
68
71
72
66
93
74
67
80
64
80
73
66
67
66
69
63
66
79
79
74
64
71
66
85
77
65
84
60
68
64
69
78
80
89
68
60
64
67
79
69
73
77
64
74
80
87
67
78
65
75
71
68
76
72
67
80
73
67
70
76
73
69
69
61
74
75
60
67
76
65
83
70
77
71
68
72
71
86
66
71
73
60
61
67
67
75
64
74
66
60
76
68
64
62
66
71
62
65
68
81
65
75
64
61
82
