69
74
68
95
63
79
74
60
69
62
76
79
68
62
68
61
62
66
67
83
74
65
76
67
69
70
76
70
69
84
64
65
62
70
90
66
70
65
71
77
76
61
70
63
63
87
74
90
61
67
70
73
79
78
73
60
68
72
70
85
66
60
64
69
69
83
71
81
68
87
72
66
67
72
75
62
77
77
69
60
70
68
78
74
68
62
65
66
75
72
68
77
71
81
71
60
68
66
78
61
64
60
69
74
77
82
61
73
66
77
76
65
63
69
68
71
65
74
71
63
80
70
72
83
78
66
72
66
74
66
80
60
72
72
68
73
62
67
69
70
65
77
71
63
63
61
61
67
66
67
63
78
60
61
72
71
66
66
80
84
72
63
61
63
62
70
67
72
77
70
74
60
60
72
66
76
75
83
72
74
68
73
68
70
63
62
67
78
77
69
77
69
72
63
72
62
72
65
77
72
70
81
67
63
72
88
71
83
67
78
74
70
77
68
70
85
75
81
60
68
77
75
66
68
62
68
80
62
67
69
64
64
71
65
75
77
80
65
84
69
77
62
73
69
79
68
68
74
68
71
66
68
63
68
72
69
63
79
69
68
81
74
75
71
67
67
73
72
66
74
66
75
71
60
71
77
62
71
76
78
61
75
67
74
66
75
71
70
72
