72
72
67
62
83
63
62
76
66
85
69
75
78
73
69
61
61
64
69
68
67
71
67
85
70
65
68
76
74
69
65
64
63
74
73
76
69
75
69
74
69
65
60
65
73
79
70
66
70
69
66
67
62
65
69
75
68
74
64
60
76
68
70
67
64
63
72
71
66
86
80
73
64
69
77
68
83
72
86
60
63
67
67
69
64
69
76
67
68
65
65
63
76
63
68
68
78
65
78
65
72
73
68
74
70
62
67
73
67
75
70
60
76
72
68
63
69
74
60
69
75
75
65
71
67
60
68
63
64
61
72
74
64
60
67
65
77
73
78
75
70
68
61
88
70
71
77
66
60
77
68
75
72
60
79
74
68
60
73
64
65
74
78
81
69
68
72
61
60
77
73
60
77
69
75
64
61
95
66
72
74
60
79
69
64
68
65
69
73
60
62
66
63
70
67
70
61
66
72
68
66
82
73
87
73
69
69
77
66
68
65
61
66
68
82
68
75
63
69
80
71
68
66
81
61
80
63
62
74
65
64
74
65
67
72
65
60
73
75
68
71
86
66
72
65
67
79
64
69
78
70
79
67
60
67
75
74
91
65
74
67
66
70
63
73
73
71
68
66
70
63
64
63
74
68
61
71
63
65
70
72
60
68
61
60
62
66
75
64
