60
70
67
68
75
60
62
63
79
72
75
77
68
63
60
68
76
70
74
68
60
73
60
77
62
73
74
77
76
61
70
65
69
70
65
66
70
75
69
67
72
75
67
60
76
79
82
60
60
61
84
83
81
60
70
68
67
77
72
68
89
64
61
69
60
66
67
61
71
69
73
69
61
92
72
71
64
60
66
88
78
64
62
65
77
71
68
67
65
60
75
80
70
60
60
95
77
64
60
66
65
68
67
80
65
64
66
72
70
69
64
74
70
75
62
72
70
68
69
70
75
67
69
73
68
60
64
63
73
67
81
74
77
71
73
74
66
69
69
70
60
60
69
91
67
64
72
66
78
68
70
74
65
74
68
83
72
85
67
83
63
60
61
71
75
71
79
76
72
67
66
61
67
82
75
71
75
68
76
82
66
81
69
69
67
71
68
74
73
72
68
65
64
61
60
68
73
65
79
76
83
63
67
69
69
67
71
69
66
60
72
60
65
64
72
79
67
61
88
64
73
77
70
73
60
64
69
78
69
80
68
60
76
68
70
78
80
72
70
74
81
78
60
67
64
68
73
66
72
72
67
69
83
72
66
66
76
75
64
60
73
69
80
85
60
67
63
60
65
79
72
71
66
82
66
88
65
66
63
69
68
74
75
71
64
73
68
74
68
