73
72
72
71
71
66
88
66
79
73
64
68
60
69
72
64
63
75
67
73
66
77
64
80
80
69
70
63
68
76
82
78
65
72
61
63
76
64
73
88
71
69
66
70
72
63
77
67
69
62
72
60
81
66
63
77
64
76
77
73
67
63
75
69
68
74
65
67
75
63
75
75
74
72
84
67
80
60
61
62
60
70
64
68
66
66
60
79
66
83
60
72
67
71
60
79
80
82
62
80
60
65
64
68
66
72
66
68
79
78
62
72
64
74
69
66
68
66
66
60
66
65
70
67
76
65
71
82
64
73
82
78
68
63
70
64
62
67
62
77
68
66
76
66
66
63
62
79
74
69
64
66
73
85
69
74
60
66
78
73
69
63
86
66
86
61
69
65
72
60
75
77
75
69
60
64
85
63
73
63
61
64
68
80
79
66
72
75
62
84
70
79
74
65
60
80
72
70
65
63
60
73
70
71
62
64
64
71
72
70
71
75
79
68
73
75
94
76
70
66
66
64
79
72
68
63
70
65
81
67
63
71
67
78
66
70
74
67
76
64
66
67
64
72
65
60
66
70
67
76
83
68
63
66
66
73
78
68
72
71
65
70
64
69
67
72
76
67
69
64
72
74
75
76
63
70
79
81
95
63
69
62
76
64
67
66
72
71
64
