66
80
67
65
71
78
60
65
79
69
60
90
72
74
84
60
79
75
66
68
79
88
74
83
66
81
83
74
64
75
71
78
76
75
91
76
61
77
76
84
73
74
68
65
70
65
75
61
74
66
73
74
64
80
60
72
80
71
61
83
82
89
91
66
83
82
74
73
71
82
81
83
65
72
92
72
75
82
65
75
63
86
84
61
75
72
65
66
74
65
70
62
74
68
82
81
77
71
87
83
73
77
74
60
65
62
78
78
75
66
84
73
77
72
77
62
64
71
92
77
67
70
73
62
89
75
65
65
73
67
60
65
67
75
78
62
63
65
77
72
69
60
73
63
75
71
74
65
72
60
66
65
69
64
63
69
72
71
73
62
74
71
68
61
84
78
71
72
81
77
72
67
82
68
88
64
63
65
63
80
68
72
68
95
79
63
83
61
60
81
68
71
93
82
79
80
83
85
66
60
62
80
69
68
71
65
70
60
65
64
77
91
73
62
73
68
61
61
68
72
64
65
61
82
69
74
93
74
63
60
71
74
71
79
70
76
74
71
78
71
60
69
75
67
66
75
75
82
65
68
71
82
67
60
71
79
60
61
73
71
79
78
73
64
66
64
75
74
69
76
77
89
60
69
60
78
94
66
63
80
70
65
70
62
88
64
67
72
75
