76
63
72
79
65
67
94
75
69
69
74
64
76
64
74
65
61
60
68
67
66
65
69
70
70
61
92
60
76
74
68
66
65
66
82
66
79
72
87
65
69
60
86
65
66
70
83
70
69
71
77
76
68
81
66
65
69
68
60
70
69
69
63
60
78
61
64
66
64
65
74
65
76
74
64
84
60
77
76
73
70
71
75
64
60
78
82
78
74
67
61
73
70
69
70
72
67
62
60
76
79
60
85
71
66
73
61
66
66
69
66
69
75
65
68
80
74
61
68
80
68
64
88
69
65
75
71
60
77
64
68
66
75
70
75
70
67
75
65
74
76
71
65
67
64
65
72
73
66
65
60
60
74
60
65
75
78
80
85
73
64
81
60
60
73
67
61
67
80
76
64
60
71
73
69
74
71
74
68
67
65
72
68
73
79
63
70
91
65
77
67
74
65
73
62
85
72
69
68
73
64
73
67
60
69
73
63
65
75
66
70
78
66
69
64
72
67
72
60
75
64
75
73
74
87
66
76
72
74
75
60
69
66
81
82
63
68
60
65
74
64
78
80
95
73
60
62
80
71
62
62
61
67
65
72
68
60
64
60
64
73
69
75
76
73
83
72
67
66
79
82
68
69
62
74
78
63
70
83
67
73
69
61
74
66
77
65
84
80
