83
77
65
64
61
81
64
85
60
66
66
66
85
60
65
66
68
75
62
72
60
70
61
91
66
70
75
75
76
66
77
66
60
72
61
74
78
66
63
71
79
68
89
87
63
61
64
84
64
81
75
62
60
70
70
89
81
79
72
73
63
82
60
64
64
70
60
78
70
67
68
82
66
68
76
76
74
68
68
61
61
72
77
72
67
78
68
71
81
61
77
75
85
72
64
60
67
72
66
71
68
61
63
62
75
69
66
69
72
67
61
72
72
75
71
84
74
66
70
66
75
64
66
60
72
70
61
75
84
71
73
66
90
79
60
61
79
73
62
65
83
60
73
63
69
76
75
63
68
66
72
63
72
75
60
78
72
78
74
62
64
67
70
67
63
89
80
66
65
80
60
66
69
79
60
62
64
69
78
65
67
80
71
71
68
69
71
68
60
60
69
69
64
84
67
70
61
63
64
75
75
71
84
61
73
69
82
60
70
70
60
71
73
68
81
76
73
68
71
60
65
69
67
80
84
63
79
69
65
95
71
60
67
72
65
72
68
70
66
61
84
74
60
77
63
64
70
68
77
71
66
78
74
77
60
66
82
74
71
68
71
67
66
67
65
68
76
69
84
67
73
70
66
80
70
77
72
70
60
75
73
60
77
62
76
63
66
60
72
