81
71
79
80
60
77
76
87
65
78
66
82
63
81
74
75
72
66
69
74
65
70
75
62
82
70
67
60
61
71
62
79
70
68
77
69
77
79
70
66
64
85
80
80
78
71
82
71
60
64
62
73
72
68
73
81
66
76
82
70
66
75
78
60
67
62
77
75
71
79
60
75
76
76
64
73
69
70
62
67
64
66
60
90
77
72
77
60
74
66
86
68
81
71
68
73
60
71
74
84
77
61
68
62
72
84
61
65
88
76
75
90
64
76
63
69
67
80
60
65
72
79
87
77
70
65
76
74
77
70
62
69
74
77
60
71
68
82
74
84
81
79
60
86
67
71
65
65
85
62
67
68
94
70
78
80
64
81
73
65
67
71
60
62
75
76
68
70
60
67
71
85
74
68
64
62
65
61
73
72
66
61
67
70
65
60
65
67
73
77
65
66
74
70
68
64
79
87
66
65
69
73
66
95
66
76
72
74
72
67
69
80
65
70
73
83
73
66
62
76
64
73
74
75
69
69
62
70
82
83
80
72
91
61
74
77
67
70
62
72
71
64
74
60
63
75
64
67
82
84
77
84
64
61
64
62
70
67
80
61
85
83
73
62
81
81
70
60
64
70
64
60
63
71
88
62
81
72
83
69
80
75
72
74
73
93
60
74
80
