69
70
70
80
77
68
65
64
79
63
73
77
63
60
91
61
74
79
71
79
72
74
85
88
67
80
76
67
69
66
72
73
63
76
72
73
87
65
86
74
77
68
62
61
75
81
78
78
63
66
65
69
67
73
84
74
67
63
73
68
81
75
70
70
72
61
83
76
88
71
77
71
71
82
80
82
75
62
68
75
72
63
63
79
75
93
60
68
77
60
65
76
83
80
76
74
78
84
85
60
86
68
60
75
86
84
88
67
84
79
69
80
70
82
84
78
71
74
71
72
64
74
67
84
61
60
63
72
73
67
86
74
64
73
69
62
60
71
68
91
68
66
72
78
67
64
74
77
67
72
60
60
74
66
70
74
77
63
68
68
67
73
76
72
63
61
78
65
70
75
63
86
75
64
74
74
71
66
61
65
70
60
61
67
67
72
69
73
79
81
71
74
76
70
68
68
72
70
72
66
63
70
84
83
64
60
66
62
74
80
84
68
69
72
77
69
66
74
62
73
82
69
65
88
69
60
71
63
70
84
81
84
67
68
61
64
66
73
82
76
69
60
74
62
69
72
70
75
67
67
66
76
75
78
63
83
64
80
76
60
68
66
67
76
75
76
67
60
67
72
61
89
67
63
75
95
73
71
74
78
83
73
87
68
74
77
68
85
78
