87
60
74
61
75
71
67
81
69
63
77
71
66
78
65
61
70
65
60
60
68
70
68
82
64
85
83
78
75
62
79
69
69
67
76
66
63
61
70
72
79
72
61
71
95
71
74
70
66
73
64
67
64
76
84
69
73
62
76
74
65
64
87
66
66
71
65
61
72
69
62
85
60
77
71
67
75
80
60
67
60
63
67
63
61
68
76
73
64
64
73
79
76
76
71
70
86
70
71
63
73
80
60
72
74
72
85
74
72
72
67
72
63
86
69
60
77
69
61
80
83
66
73
69
74
83
62
64
75
71
65
76
67
81
67
60
77
71
64
70
76
76
72
89
69
72
67
60
69
83
78
70
60
75
65
60
77
62
76
69
72
68
77
64
64
63
65
75
77
80
67
65
60
61
69
79
84
61
63
60
60
65
69
80
70
69
64
78
80
73
68
77
70
71
72
68
71
66
73
69
63
73
74
80
61
80
70
68
77
79
62
60
81
75
74
73
70
64
75
82
83
68
73
66
81
85
63
83
65
74
71
65
70
82
69
72
76
68
72
72
62
67
82
63
78
60
61
71
71
81
70
65
72
74
73
65
66
86
79
74
79
63
70
69
60
65
65
69
61
60
78
78
79
81
72
64
61
67
64
60
63
60
70
78
75
69
78
67
77
