63
72
67
79
76
77
78
71
72
66
69
70
79
72
93
68
66
79
70
82
71
77
82
67
85
83
71
83
62
66
67
63
86
64
75
66
83
82
67
64
76
72
70
78
88
82
68
75
77
76
68
65
62
69
67
79
87
77
77
74
73
66
80
91
75
60
68
66
73
65
70
70
70
80
72
64
60
67
86
82
62
67
81
72
69
60
72
73
60
64
68
62
60
74
65
62
64
95
65
72
94
73
74
77
77
87
78
70
65
79
60
70
73
67
70
66
60
70
65
89
74
68
85
74
65
60
75
75
83
66
94
72
74
61
76
70
70
63
90
60
76
66
72
60
60
69
78
84
79
72
69
65
82
71
60
63
74
78
64
73
62
80
75
75
68
67
74
60
76
66
68
80
62
72
74
63
60
63
60
90
75
79
74
75
61
60
75
79
76
87
83
72
72
79
71
66
70
67
75
91
70
62
78
72
84
86
61
65
86
62
77
70
80
60
69
74
75
65
85
65
69
78
84
71
78
66
62
87
64
91
63
61
67
77
74
92
74
76
75
80
71
78
72
73
76
73
64
84
69
74
68
62
68
67
71
66
64
76
73
62
78
65
74
84
72
79
64
81
69
76
83
79
76
64
71
61
72
67
67
77
70
64
73
64
60
62
80
73
68
