63
70
69
91
77
84
68
72
71
80
70
66
65
64
74
66
90
75
67
68
70
61
65
62
69
78
76
73
83
62
78
69
67
79
71
73
79
82
68
62
78
78
68
74
69
60
82
70
84
70
73
72
60
60
73
90
86
69
70
63
75
72
60
72
76
60
65
75
66
72
65
77
71
80
84
75
67
81
77
70
70
63
74
77
68
75
63
92
77
68
80
65
77
73
69
76
74
71
65
74
66
82
70
63
72
77
81
65
64
60
79
69
73
71
77
66
70
77
75
79
71
76
60
77
66
69
68
94
75
70
93
76
79
84
84
74
75
60
62
63
86
71
76
77
63
60
74
64
68
64
71
81
72
71
76
73
68
79
68
71
63
77
71
64
64
78
70
60
73
78
66
68
60
72
73
76
66
70
64
71
61
80
72
76
70
70
64
72
78
78
69
69
61
61
69
79
80
63
83
64
60
87
68
76
63
60
89
65
72
75
83
60
61
80
62
73
75
65
80
64
67
63
66
77
78
68
72
68
68
66
85
77
61
70
76
95
63
84
69
76
71
68
60
75
76
71
81
73
72
64
72
72
75
68
70
71
61
68
64
82
72
81
62
77
80
73
62
67
66
78
66
64
89
67
61
65
73
68
75
64
87
70
67
79
71
60
64
70
85
