65
69
67
74
72
74
64
61
68
68
65
78
62
70
63
68
60
63
79
62
62
68
61
78
70
74
76
61
66
64
66
90
67
80
72
69
76
72
63
62
73
71
76
72
81
66
66
76
67
64
61
72
75
69
61
70
63
84
73
72
64
86
61
68
68
65
77
77
61
74
79
74
60
61
84
65
76
60
62
64
71
76
67
72
72
71
64
73
71
64
76
72
69
69
62
68
65
66
75
69
64
74
75
95
60
71
71
69
69
75
79
69
61
66
71
78
72
82
70
70
68
77
79
71
60
61
72
70
73
63
68
63
69
63
64
66
68
78
74
77
74
71
65
65
60
68
65
74
71
90
76
62
60
65
66
66
60
70
60
69
73
61
65
78
72
69
60
62
66
69
69
67
62
67
63
76
76
80
65
60
68
69
61
78
62
70
74
65
67
66
64
62
71
73
68
71
65
65
75
60
73
61
77
60
78
68
83
71
69
77
64
74
60
84
66
70
65
74
60
73
68
75
76
64
63
77
79
66
74
60
81
70
92
73
67
69
75
60
65
60
77
76
65
77
65
70
64
69
71
87
88
61
73
69
78
62
76
61
61
70
62
72
60
78
67
75
68
73
60
63
76
68
75
84
79
72
66
60
72
64
72
68
83
63
63
61
65
83
69
