71
67
70
74
62
72
77
67
69
77
65
63
73
73
66
65
64
64
60
64
69
69
66
66
64
64
70
83
70
60
69
69
66
86
63
74
65
79
70
68
69
63
60
69
68
79
68
76
67
67
75
67
70
73
70
74
68
72
71
65
83
95
67
65
67
61
72
79
69
77
75
85
72
73
64
71
72
72
65
76
74
75
79
71
60
68
61
63
64
71
77
68
72
69
67
70
64
80
66
66
70
68
64
75
70
73
68
84
73
73
66
78
66
72
64
76
68
65
77
60
84
60
84
71
71
70
67
68
71
74
68
66
69
64
69
74
75
78
76
68
68
67
69
63
64
73
76
63
69
71
69
66
62
67
75
77
65
76
64
70
69
69
76
66
65
68
61
64
68
66
65
79
79
70
68
69
63
70
73
64
68
61
64
71
70
61
68
67
73
73
67
60
79
69
77
75
82
68
70
70
74
76
76
60
83
65
67
60
71
70
73
64
68
69
60
65
64
72
63
64
69
77
69
66
75
82
71
73
63
80
77
66
82
71
77
77
65
62
60
63
63
70
81
69
68
92
61
64
71
83
66
71
76
74
79
79
66
60
65
71
69
77
60
62
74
84
65
64
60
73
60
70
73
64
91
77
74
61
70
72
85
79
70
67
70
69
68
68
65
