63
60
60
67
60
60
66
75
77
71
60
66
81
65
73
76
67
61
66
73
60
60
60
71
73
70
63
60
72
74
83
64
79
70
79
68
73
72
75
73
74
77
74
73
66
63
77
70
67
90
73
66
66
73
71
68
66
69
68
64
68
72
77
61
60
63
60
66
62
65
73
65
64
74
70
76
72
75
66
60
78
88
68
70
70
79
74
65
80
76
81
73
61
62
66
64
86
66
72
69
78
78
60
69
86
67
68
70
72
69
84
72
88
75
71
64
65
72
70
68
70
77
81
66
61
64
87
73
63
68
83
67
72
71
69
63
68
71
82
75
82
63
65
78
84
77
71
72
67
76
69
67
72
61
66
67
69
74
76
73
77
75
81
62
65
62
69
79
68
65
79
60
73
69
60
75
61
66
60
70
72
63
82
68
60
86
68
62
66
65
72
67
60
84
61
77
78
67
65
66
79
70
78
67
65
72
76
60
66
74
61
68
69
83
74
66
67
62
68
62
95
81
60
72
69
70
78
60
66
71
73
67
67
60
66
79
75
73
61
67
69
65
70
63
73
70
77
74
63
90
78
60
73
78
74
69
68
88
77
66
72
83
65
83
76
74
72
70
72
72
63
77
81
81
64
66
74
70
70
67
60
71
69
72
60
70
75
65
84
