79
65
78
76
83
65
76
83
75
67
79
68
74
60
64
60
71
75
77
72
71
77
71
73
60
70
70
69
62
79
72
76
79
72
62
81
69
68
64
68
79
63
72
60
72
63
80
62
83
74
79
70
75
71
71
83
69
76
77
83
67
69
79
75
78
68
70
71
67
77
67
73
74
72
65
67
69
75
62
68
65
63
60
75
67
84
79
84
68
79
73
72
60
61
90
77
61
76
62
67
61
73
64
63
78
74
60
79
62
64
69
70
68
68
76
64
71
62
60
75
68
62
66
62
83
62
74
95
72
64
66
85
72
65
68
79
86
69
76
81
92
60
75
82
77
80
78
86
85
69
72
61
72
84
65
62
69
72
73
68
74
68
78
63
65
70
64
69
60
69
67
75
75
74
63
61
69
64
63
68
60
68
65
64
75
60
80
63
71
66
61
60
71
60
75
73
74
72
72
66
69
70
74
60
80
70
60
74
71
89
89
89
70
60
67
75
82
77
78
71
71
86
74
65
60
82
65
77
63
72
61
67
60
74
80
72
83
76
74
78
68
73
66
70
70
74
70
63
75
62
73
60
80
70
73
67
68
66
68
81
73
86
75
65
64
80
75
86
60
72
68
72
74
75
81
76
79
73
71
60
66
74
71
76
67
76
77
81
60
