77
82
78
84
63
68
73
77
68
71
67
67
73
64
88
72
69
67
67
85
85
76
65
80
70
71
75
60
71
90
72
69
70
81
73
75
69
69
61
66
72
72
80
62
72
66
73
81
60
69
85
76
67
76
60
66
77
83
68
70
70
71
80
77
78
66
74
76
70
85
75
67
77
70
66
63
90
68
62
88
65
63
67
67
74
78
65
65
84
65
77
60
79
82
77
69
69
68
72
68
67
60
71
77
87
79
63
73
75
60
64
60
77
78
68
71
77
60
68
81
66
69
73
75
75
79
83
67
64
72
78
68
72
75
71
72
83
81
81
76
66
60
64
68
74
72
60
63
60
82
72
76
63
88
70
69
69
78
78
62
67
73
78
65
71
62
78
69
74
65
67
83
67
83
63
67
60
75
67
75
64
74
72
83
72
76
75
76
66
78
69
75
63
76
77
68
75
89
70
71
69
66
69
65
82
83
67
83
79
75
66
83
79
65
87
60
84
68
65
95
81
72
60
75
85
81
60
60
87
62
75
70
72
69
72
67
84
72
69
67
77
77
75
88
61
71
61
66
81
69
61
66
73
73
69
72
73
70
89
68
75
90
81
69
74
90
66
86
74
70
64
74
65
85
81
72
69
63
64
60
75
88
68
80
72
73
71
75
73
