78
79
66
80
68
78
83
60
70
76
60
78
81
66
69
61
89
65
72
78
60
88
64
67
71
74
70
71
68
69
67
71
69
67
93
77
66
72
82
72
74
69
65
74
69
75
68
67
92
65
83
74
68
85
67
63
73
75
73
75
60
82
67
80
67
74
64
69
63
71
75
76
79
72
68
73
81
68
78
72
69
76
67
71
78
76
69
75
70
68
77
85
67
68
75
84
68
83
69
60
64
60
60
71
90
63
69
67
63
87
67
67
67
88
88
81
74
75
85
71
72
66
66
78
64
71
65
60
82
67
65
63
84
72
76
60
68
79
80
73
89
81
60
89
67
81
60
70
70
65
89
63
82
78
66
76
75
82
76
61
80
63
68
61
79
80
75
69
72
73
69
71
83
81
80
63
60
69
67
63
63
64
71
64
69
60
60
63
77
66
62
78
64
74
70
79
66
67
78
81
65
70
65
85
73
63
67
69
66
74
79
74
78
63
71
60
76
61
74
72
82
67
95
79
62
81
67
78
74
83
77
66
63
79
67
77
71
62
68
61
73
78
79
74
70
68
68
60
75
65
70
88
65
73
82
67
82
94
74
62
76
73
65
76
66
77
77
65
62
79
66
68
87
76
91
85
62
80
77
79
91
67
75
64
76
73
66
73
94
