69
60
66
62
73
67
65
82
70
66
62
67
83
69
68
62
64
74
68
73
78
65
65
63
72
61
73
68
73
74
68
86
68
72
73
70
68
66
74
74
83
74
84
95
65
74
87
79
64
61
69
72
76
77
65
71
63
68
74
61
68
74
67
60
65
60
60
71
66
66
74
74
61
70
66
60
71
70
64
62
67
60
65
65
74
83
77
78
68
77
62
67
64
73
62
75
75
70
69
72
76
78
60
84
75
61
68
68
71
84
66
73
70
66
64
67
78
72
66
62
66
63
74
64
65
70
68
62
73
63
75
68
75
74
65
77
72
71
66
80
66
82
60
60
65
67
64
72
60
73
67
74
76
71
73
68
68
77
74
68
75
81
65
64
70
81
68
84
63
66
71
68
65
69
60
68
85
61
69
69
60
67
79
74
68
74
67
64
67
64
66
60
81
75
73
64
69
65
68
86
71
60
64
68
79
60
63
63
66
66
73
60
79
77
77
72
61
73
63
73
61
81
60
62
84
66
73
68
67
89
82
80
64
73
78
73
60
65
60
64
81
84
60
67
80
74
75
66
69
71
86
71
68
67
80
82
68
68
73
62
80
78
82
77
78
62
64
65
72
70
64
77
73
69
69
72
60
78
61
64
62
68
69
74
64
73
70
60
75
