76
67
73
77
67
81
85
64
73
72
68
82
68
60
65
72
90
69
74
81
62
66
73
67
77
66
67
70
60
78
70
79
60
74
80
74
74
75
66
70
64
70
60
69
77
67
75
79
75
61
83
79
63
77
74
66
79
88
60
66
80
73
64
75
60
62
69
81
65
71
65
77
67
60
67
82
83
61
79
74
67
65
65
66
83
73
70
69
73
60
76
63
74
68
63
67
80
62
67
78
61
69
61
77
80
71
76
69
61
61
71
78
71
88
77
69
61
77
65
74
79
73
63
60
72
77
71
68
76
65
64
79
75
74
66
69
65
65
73
81
69
61
95
82
84
76
75
68
78
69
65
63
73
89
75
75
66
66
68
68
76
70
64
79
60
74
67
75
70
66
76
60
72
74
65
73
60
78
68
78
66
69
77
82
69
71
79
65
60
79
85
70
79
74
76
62
66
68
73
62
82
67
63
60
70
82
64
65
66
70
78
66
65
81
69
74
71
77
83
69
84
72
78
72
72
60
62
60
78
86
75
70
74
67
64
75
73
68
67
66
77
61
80
67
84
94
68
78
79
77
69
70
92
69
66
72
70
64
78
66
82
81
83
66
68
66
72
71
64
62
86
81
64
69
63
65
77
60
78
75
66
75
76
84
85
75
85
64
60
