71
67
75
67
68
70
70
69
72
72
65
75
73
75
64
82
71
73
86
70
70
70
83
83
73
93
83
75
70
67
69
85
82
84
64
60
68
64
82
64
63
77
60
65
71
64
67
76
74
72
78
71
73
62
68
63
64
79
76
80
78
70
74
82
90
73
74
71
73
79
84
81
80
65
70
79
86
73
60
73
83
75
69
76
78
60
83
75
76
78
79
67
80
90
79
64
64
94
80
75
69
60
68
69
88
73
61
65
66
81
65
69
89
76
76
65
71
69
60
86
74
63
60
75
60
70
78
95
62
73
60
65
80
83
66
69
78
63
67
76
61
68
67
63
60
79
76
73
79
67
69
93
76
66
69
76
85
69
67
67
71
66
76
64
79
63
61
80
73
76
72
79
63
71
60
81
76
60
80
60
69
87
65
60
71
79
69
84
83
67
73
61
60
69
78
69
62
64
77
81
77
71
64
77
75
72
71
73
68
78
64
65
66
75
61
65
78
60
60
79
65
70
75
76
64
60
68
76
62
61
77
63
78
92
60
85
77
83
61
60
74
72
70
65
70
77
88
73
88
60
78
64
68
74
77
67
69
74
76
70
76
74
70
62
64
61
61
70
77
73
73
64
80
84
69
85
70
68
77
81
62
68
69
87
70
72
60
61
85
