64
67
66
75
60
68
60
71
67
76
63
62
69
71
66
73
65
76
73
70
64
68
61
80
76
73
66
62
72
68
63
78
68
68
64
63
64
83
64
68
65
72
68
75
67
71
65
70
67
73
71
61
61
73
69
60
60
76
81
70
67
69
69
69
76
65
79
75
72
74
61
73
80
81
72
71
70
63
67
79
73
79
64
67
64
65
70
66
63
65
73
65
68
66
60
72
80
79
71
67
73
72
77
62
69
61
78
68
76
69
68
71
70
70
71
69
68
63
64
65
71
60
69
80
72
61
60
63
78
60
66
70
76
60
67
65
75
71
65
72
63
74
80
74
68
76
61
62
64
67
64
77
68
65
87
66
68
68
63
83
64
62
65
70
60
70
86
70
69
67
62
74
65
66
72
68
73
77
75
68
65
74
71
60
71
71
82
74
74
70
65
71
72
70
70
76
63
64
81
70
81
77
78
69
74
63
72
66
68
72
81
77
71
83
75
68
65
69
80
61
72
72
73
80
67
68
66
70
76
78
73
72
66
60
64
66
60
79
72
73
60
77
67
74
73
77
60
60
70
60
75
74
63
66
69
63
60
70
76
62
60
60
72
76
65
67
77
70
72
60
81
66
71
75
68
80
69
67
69
66
77
63
61
67
71
73
95
60
75
