63
73
74
68
69
67
63
67
91
85
76
64
65
71
69
67
73
65
68
74
78
62
79
80
75
61
74
68
73
76
78
80
67
60
73
72
81
71
65
60
75
72
76
87
60
71
72
66
85
69
61
70
84
60
75
70
70
64
83
62
86
72
70
60
74
60
77
60
67
79
66
66
63
68
67
75
68
62
62
73
70
63
69
86
69
85
69
68
77
68
66
67
71
66
66
72
62
63
76
63
76
70
74
72
65
80
81
60
79
71
75
75
72
67
62
63
60
77
69
79
61
62
74
71
65
83
69
67
60
78
71
67
69
65
70
64
83
69
75
77
80
60
95
74
66
78
67
69
75
66
75
77
69
63
81
83
60
64
80
71
64
81
74
68
69
75
89
60
72
69
66
72
73
74
79
66
72
60
63
64
62
63
66
72
77
74
72
75
66
71
66
70
79
68
69
77
66
62
62
71
81
61
69
75
69
83
62
84
64
77
68
86
82
82
68
88
80
74
67
76
68
65
60
69
73
79
67
64
67
63
72
78
60
78
62
67
68
64
73
78
82
63
60
71
79
70
66
81
65
72
74
75
87
75
72
79
83
62
73
67
74
79
66
76
75
64
60
79
60
69
60
79
85
62
74
73
68
71
69
64
86
64
74
73
60
63
71
73
82
