86
64
76
64
62
60
78
62
76
66
69
60
65
65
73
60
63
81
73
67
75
84
69
63
68
70
82
78
78
67
72
78
77
84
83
70
66
71
71
61
82
67
85
62
72
60
71
67
70
68
68
67
67
68
69
80
80
63
67
60
74
78
69
66
77
66
65
74
72
60
78
68
78
68
72
72
60
74
63
65
80
71
84
60
67
62
73
71
77
61
74
66
88
79
60
72
68
84
66
62
67
74
71
70
73
72
81
74
73
73
73
70
77
76
76
79
63
68
68
70
73
68
67
74
69
83
86
60
62
70
73
65
64
80
72
70
70
73
71
71
65
68
69
69
69
79
60
60
71
70
68
70
72
91
68
61
78
79
64
79
61
67
70
60
77
71
68
74
73
82
72
66
75
62
68
74
74
77
71
82
74
87
67
82
65
61
60
91
65
67
60
76
72
65
79
70
60
67
70
75
71
72
67
84
68
65
60
60
69
72
66
69
76
72
78
87
75
66
67
72
75
64
71
75
67
73
62
81
66
81
62
83
70
61
77
64
72
81
74
79
69
62
66
72
70
64
71
72
68
66
70
95
66
70
77
71
84
67
70
81
75
81
82
82
74
60
60
68
79
76
69
75
69
69
82
69
67
63
67
69
66
82
70
60
68
63
75
63
64
