88
64
71
67
65
73
64
78
87
67
94
66
71
81
74
71
73
85
66
61
61
75
66
65
75
64
73
68
86
70
74
71
71
65
76
62
78
85
76
79
66
76
73
71
65
78
74
87
67
75
75
60
74
65
76
69
64
69
78
75
76
63
76
68
78
90
72
79
76
74
61
73
71
73
69
73
74
71
70
61
81
71
60
69
67
60
70
68
69
61
80
72
78
60
64
69
74
76
60
63
81
71
73
66
83
68
86
66
72
76
68
61
71
68
65
76
69
68
65
64
64
70
75
80
81
71
74
83
75
71
80
76
71
68
75
80
86
86
83
72
65
70
72
75
74
65
72
64
73
73
65
71
65
77
66
68
89
85
64
69
88
67
69
62
83
66
84
80
74
69
75
66
67
71
61
73
68
67
61
67
69
68
77
73
67
62
64
74
71
66
64
79
79
67
64
84
71
66
73
70
60
73
64
64
72
65
65
65
74
65
65
77
71
61
65
69
73
67
70
60
65
63
63
79
85
68
70
60
79
75
60
60
83
71
72
63
60
90
69
71
84
75
73
77
72
76
87
68
66
73
67
70
63
61
65
67
66
65
68
67
87
89
66
79
71
89
76
60
69
61
88
60
73
77
71
61
74
75
67
62
71
76
64
64
77
63
67
77
95
