69
76
83
60
64
60
74
76
75
79
64
64
69
67
73
74
70
74
70
67
83
68
74
71
64
78
71
66
78
70
76
65
79
71
71
69
74
60
80
77
70
65
70
72
71
74
64
63
76
68
79
62
60
89
66
70
75
75
60
72
69
77
76
62
61
69
70
79
67
70
67
74
82
67
78
65
60
64
73
66
73
72
65
81
71
81
68
68
69
76
78
66
75
80
74
62
78
79
71
74
73
63
66
70
83
67
60
68
69
63
68
70
83
77
70
60
69
71
69
72
69
60
82
69
77
72
81
81
78
67
60
60
70
78
63
78
62
69
75
65
61
75
62
71
63
66
78
69
72
68
60
68
70
77
65
67
70
77
95
64
60
74
70
64
69
71
68
74
60
71
64
61
66
78
80
63
80
76
68
75
69
62
71
60
64
90
72
73
74
77
77
75
73
73
77
85
85
68
75
65
67
72
69
74
77
66
69
63
77
78
80
86
62
67
85
64
81
66
66
76
87
64
71
64
83
74
83
71
69
80
65
69
69
65
75
74
80
70
71
63
71
77
75
75
64
87
78
70
61
78
70
82
76
74
72
68
72
64
75
71
74
72
64
62
70
73
71
62
76
78
76
63
63
76
62
69
83
64
75
65
63
72
60
72
83
62
62
63
82
