71
61
62
65
75
82
67
67
69
60
61
73
63
73
78
73
69
77
61
70
71
78
69
63
60
66
64
72
73
60
78
76
62
63
72
68
81
63
78
63
65
70
78
63
64
61
65
64
70
63
75
61
61
78
60
64
60
64
66
87
68
77
60
72
68
61
95
63
67
63
73
63
64
74
77
74
64
79
79
69
64
60
71
65
76
68
71
76
71
68
73
78
72
72
70
66
66
60
77
69
78
75
78
62
67
61
66
77
60
71
60
75
74
71
66
64
64
65
65
76
69
66
63
65
77
79
60
61
80
66
72
71
82
73
74
73
60
69
63
80
75
69
70
79
68
76
75
61
66
68
75
74
72
68
61
76
68
80
72
67
68
64
65
84
68
68
62
73
60
73
69
67
75
71
74
73
72
60
72
65
71
63
75
70
66
68
73
72
67
68
71
60
64
76
68
75
67
63
64
81
62
67
64
66
67
60
61
86
79
69
71
76
70
64
64
66
67
64
69
81
67
61
68
61
60
74
66
80
69
69
67
75
68
82
70
71
72
67
69
73
71
64
70
73
71
88
64
62
69
71
64
66
78
71
72
66
60
65
72
67
75
79
66
69
60
66
66
66
63
74
71
67
77
60
70
67
82
60
77
66
69
65
60
68
66
67
68
71
70
