79
76
79
71
78
65
76
61
67
64
62
67
75
72
64
67
73
70
78
76
65
63
82
71
71
85
67
68
65
80
65
71
67
74
61
71
66
60
74
61
60
90
65
63
64
84
66
78
67
68
78
65
73
75
68
80
78
71
66
62
66
71
70
64
66
68
66
64
64
60
66
63
74
67
77
66
80
72
62
82
67
62
68
76
61
65
71
73
71
67
70
75
64
69
68
69
67
74
69
71
64
71
71
91
79
71
95
66
71
71
70
65
65
70
66
64
66
88
65
73
68
60
70
66
73
69
81
71
69
76
64
69
63
65
72
74
62
65
61
65
76
72
62
69
69
65
67
65
63
62
65
88
72
77
72
70
64
64
72
66
62
61
85
75
64
60
64
67
77
67
62
72
64
66
60
69
60
72
61
79
68
83
67
66
76
78
78
69
62
74
72
68
80
61
76
72
74
75
60
68
70
67
66
72
70
73
60
66
68
79
75
60
77
63
72
60
73
60
81
62
84
69
63
77
69
82
68
76
67
60
62
75
69
76
67
65
68
68
79
73
77
68
80
80
65
64
73
68
65
68
70
71
65
63
66
71
63
63
79
65
61
62
79
86
71
73
75
75
77
72
61
69
73
63
65
65
69
65
63
74
64
81
83
77
68
73
84
67
69
