68
66
65
71
76
65
74
66
70
69
67
70
63
86
71
63
67
60
80
79
69
75
71
73
66
74
72
77
73
70
68
78
73
60
81
74
73
63
69
65
80
64
83
75
78
74
69
62
60
67
70
64
71
70
62
71
63
62
62
64
61
62
65
63
72
63
70
68
67
76
64
73
63
71
66
61
66
80
74
68
66
64
62
60
66
70
60
73
70
74
81
75
70
73
74
71
60
60
61
81
62
79
65
72
61
66
61
75
67
75
76
77
74
73
77
68
77
77
64
65
67
75
72
72
62
67
64
82
73
71
83
74
67
67
60
65
68
70
76
60
62
72
65
64
77
66
71
68
81
75
76
60
67
69
79
71
70
68
67
71
74
75
63
62
60
64
95
62
68
64
77
63
69
60
77
81
60
65
73
69
78
72
71
68
67
72
65
79
64
69
63
70
89
74
73
66
63
63
66
70
76
63
65
73
66
73
68
63
63
82
73
69
74
63
64
77
71
66
69
67
77
65
74
61
82
68
72
61
80
74
66
68
71
72
64
68
71
68
77
70
68
78
73
67
63
67
74
64
79
85
68
71
67
60
60
70
65
68
75
72
63
60
69
70
74
71
70
81
60
73
67
76
78
71
69
63
72
68
69
67
86
76
70
62
69
70
67
67
63
