74
74
75
62
68
64
66
71
86
62
74
76
68
60
64
76
75
76
72
75
73
74
60
60
65
68
73
70
74
64
95
60
69
63
61
60
62
79
61
66
68
60
60
71
60
78
71
71
79
78
62
64
63
74
62
86
65
70
72
63
65
71
78
65
78
70
64
65
70
84
69
78
68
72
64
85
63
77
88
63
68
69
70
71
68
60
71
60
77
65
70
71
62
76
63
73
66
79
72
69
65
73
67
63
80
61
72
68
60
61
76
71
74
63
60
72
60
78
68
71
73
68
68
63
61
65
75
83
79
65
64
80
70
63
66
81
72
75
84
72
68
64
76
68
65
71
72
82
60
70
74
75
76
71
67
77
78
73
72
68
65
77
67
77
63
66
66
69
72
68
70
64
76
73
66
61
68
68
63
60
71
62
64
85
62
68
63
70
67
77
66
70
75
82
75
68
66
60
81
68
72
69
71
64
74
67
75
74
69
76
71
62
74
73
64
76
68
69
87
71
65
63
79
83
68
64
61
70
72
73
83
67
64
65
63
63
63
71
65
67
68
74
66
66
86
64
64
70
67
64
63
78
64
73
64
68
83
66
70
75
67
68
62
70
76
64
81
75
60
68
74
66
69
81
60
60
74
64
67
73
70
72
71
72
74
60
64
64
66
