75
73
85
62
84
71
78
62
63
73
75
75
72
77
82
67
75
69
68
69
66
69
73
68
72
62
73
61
61
77
65
74
68
68
73
79
68
74
64
68
62
79
66
80
62
67
67
79
67
74
77
68
65
69
69
65
65
76
86
60
65
70
66
80
60
72
78
75
60
76
65
65
68
62
66
80
76
75
76
76
74
95
81
80
68
81
62
68
88
60
70
77
60
68
79
71
76
67
73
72
64
63
69
60
69
74
70
66
67
69
78
72
61
80
86
68
67
77
62
68
61
71
66
71
70
84
75
60
70
75
68
65
70
71
72
64
78
73
73
75
66
69
71
93
62
78
72
70
63
63
62
62
79
60
90
60
91
60
65
74
69
77
73
65
79
87
62
83
63
69
73
67
69
73
69
60
66
75
71
77
76
65
74
66
78
80
80
66
66
72
63
70
76
72
71
75
80
67
84
72
71
84
65
71
81
85
61
92
71
60
70
68
72
69
67
64
73
63
68
77
65
60
87
62
64
78
62
77
64
62
64
73
62
67
78
66
72
81
75
83
72
65
80
69
85
73
65
60
76
71
71
77
60
68
73
70
66
62
64
75
84
82
68
62
70
63
72
69
75
61
61
86
68
67
79
86
86
80
73
67
66
68
61
69
78
70
81
66
65
