74
83
68
74
71
72
72
69
86
63
87
84
71
85
69
66
83
69
67
95
73
77
61
68
89
71
76
69
63
69
72
80
60
60
78
73
71
66
70
80
65
66
62
88
68
60
60
64
65
77
69
76
79
78
68
66
81
77
68
60
71
75
64
88
60
68
62
69
73
65
62
68
82
73
61
63
77
65
82
83
78
79
60
70
60
89
70
64
77
79
88
78
67
71
68
80
63
81
74
63
80
76
77
76
69
60
61
75
74
68
69
69
61
66
74
81
73
71
79
63
60
66
63
68
69
75
68
76
60
64
78
72
69
64
87
60
82
62
60
65
75
76
88
68
81
74
74
63
77
65
70
65
71
62
74
67
70
69
65
78
65
60
63
67
64
70
73
78
64
65
84
80
69
75
78
70
75
67
79
66
63
75
74
62
75
73
68
76
89
64
70
75
67
73
61
82
79
70
64
81
70
68
67
76
68
65
67
78
90
68
65
61
66
68
76
60
74
85
63
70
64
82
77
73
80
70
76
73
76
74
80
72
60
73
87
61
60
76
60
76
71
76
72
73
71
72
84
63
60
73
62
73
71
60
72
73
61
78
83
60
63
71
72
65
76
64
69
77
69
73
78
60
77
62
73
88
77
83
83
80
73
63
72
85
91
67
84
63
60
