75
82
80
69
80
69
67
60
70
61
74
62
79
63
74
79
76
95
62
74
69
74
74
60
72
65
75
61
67
69
68
70
79
69
69
66
69
69
75
76
68
60
67
71
69
77
75
89
68
72
69
72
60
76
72
78
67
61
65
60
61
70
67
71
74
75
71
77
65
60
76
62
64
74
69
78
81
72
60
75
60
61
60
62
65
69
60
76
69
65
60
60
61
62
82
63
63
81
74
64
72
71
73
65
75
65
75
80
60
69
75
70
82
68
68
61
74
71
76
69
60
69
79
68
78
69
65
66
68
68
60
68
68
80
66
74
69
78
80
65
76
83
73
73
65
69
68
62
64
67
74
79
79
75
61
63
67
64
79
66
75
78
78
85
78
63
74
65
76
66
65
86
65
75
71
81
64
69
67
65
67
64
73
70
77
67
78
66
69
72
60
60
61
71
69
67
65
72
60
73
61
61
69
71
66
69
64
74
71
74
61
68
82
74
68
69
73
68
68
60
62
83
60
65
63
60
73
88
67
73
70
77
71
64
70
68
78
84
62
76
65
70
60
60
66
64
71
80
68
75
67
63
66
61
73
69
75
67
60
68
84
78
76
68
67
72
73
63
77
60
81
71
69
79
73
72
68
83
71
66
73
66
64
74
86
66
60
68
63
