73
76
73
61
81
64
69
78
73
69
67
63
72
74
71
68
61
75
68
65
87
66
77
78
65
79
60
74
94
86
69
65
77
81
74
80
66
70
66
80
83
66
66
69
73
71
69
75
70
73
60
77
93
60
75
64
71
68
64
74
65
81
61
74
63
63
82
79
66
64
71
71
62
67
69
76
81
70
78
62
69
89
66
73
79
78
79
60
63
68
60
80
83
77
60
71
69
68
95
60
82
66
67
80
62
64
76
75
72
67
80
66
65
71
93
72
62
88
86
79
76
77
65
61
70
85
70
74
77
87
76
81
87
72
66
63
67
65
74
71
74
71
61
69
71
71
79
76
76
76
65
88
81
61
73
73
66
66
87
60
90
62
69
62
81
73
82
74
66
76
74
72
78
72
60
70
69
87
63
67
94
60
72
65
73
89
61
84
60
71
82
78
83
85
61
75
63
60
83
72
67
73
74
91
74
63
63
60
71
87
78
89
62
73
71
94
77
91
67
88
75
82
74
85
63
82
68
78
65
60
78
63
74
67
62
69
64
63
74
72
85
64
60
81
65
60
74
66
66
64
60
75
68
65
75
78
65
88
69
73
72
67
66
64
81
75
70
62
74
70
74
69
67
72
60
65
70
72
72
71
62
69
75
66
61
71
63
63
67
