64
74
68
70
78
64
64
85
71
76
62
71
79
63
67
71
82
73
63
65
66
88
89
69
76
76
60
86
60
80
78
73
72
76
65
82
64
75
73
73
69
73
68
75
78
70
76
60
62
71
78
77
70
71
68
88
78
77
61
74
60
66
71
82
90
71
66
73
74
84
64
76
78
90
73
74
62
70
65
68
71
79
77
61
87
67
61
65
68
71
69
65
75
73
69
94
64
76
60
72
79
64
70
75
72
60
66
92
89
75
65
71
72
64
71
75
64
70
72
61
65
64
74
60
83
62
71
60
63
66
77
67
62
68
78
71
66
62
70
75
68
74
68
80
69
67
68
68
70
80
89
64
70
70
68
60
72
60
74
69
72
76
83
62
60
65
71
76
72
71
60
60
66
67
70
73
67
72
71
68
60
60
71
81
65
81
67
71
79
76
66
69
73
72
69
77
70
63
65
68
78
71
64
80
69
60
63
68
69
85
71
75
64
78
60
73
66
68
89
78
63
66
70
82
68
72
70
60
62
95
71
77
60
66
66
64
78
89
70
71
77
69
60
69
72
69
73
78
77
83
60
74
68
74
64
60
64
63
74
71
83
69
75
64
69
73
60
70
66
62
71
64
75
75
76
69
67
74
84
72
63
79
66
62
81
60
75
67
70
