62
78
70
62
74
70
71
79
75
61
81
89
75
67
74
75
70
75
73
81
66
65
64
72
70
73
75
77
71
60
62
67
72
78
73
74
60
78
64
63
63
70
68
63
67
65
66
71
72
73
79
76
62
75
76
66
67
69
67
86
63
68
64
71
70
62
66
64
68
72
77
62
63
73
66
69
68
66
65
72
63
74
78
71
68
76
82
67
66
65
73
67
80
62
72
60
66
82
71
65
68
63
62
62
63
69
65
72
67
69
74
63
81
72
73
72
64
72
68
61
60
79
79
61
63
64
60
62
72
75
75
60
76
68
75
60
68
65
62
71
65
67
66
70
62
71
73
67
69
76
73
69
71
68
65
76
60
69
70
68
69
69
70
74
80
72
64
74
81
66
69
76
73
60
69
71
69
75
74
76
79
66
78
68
63
66
69
66
69
65
69
78
67
69
84
75
63
73
68
61
62
72
71
73
70
64
73
79
75
66
65
76
75
64
74
63
70
77
69
75
60
71
79
73
60
68
68
68
66
77
67
69
69
69
79
67
95
80
73
62
78
70
66
72
72
66
68
65
63
60
65
69
63
72
64
72
70
73
66
64
71
60
63
73
77
77
63
68
71
69
67
68
71
67
63
67
73
69
71
62
73
74
74
66
66
66
66
61
66
