75
82
81
67
63
81
64
65
67
70
71
60
61
84
67
69
74
81
87
85
69
79
75
84
77
71
82
68
94
78
78
73
69
66
62
80
64
65
60
62
66
85
68
76
65
60
71
81
68
84
71
72
81
78
82
73
71
74
64
95
66
74
81
68
63
60
74
78
75
78
71
63
78
68
60
61
64
76
75
65
70
82
73
81
86
73
65
70
70
81
76
81
72
69
67
68
73
67
68
72
69
73
60
73
75
66
70
66
87
66
85
76
65
62
67
73
88
75
71
72
92
68
68
62
80
85
76
72
70
68
80
80
76
81
72
79
81
64
76
60
81
88
80
68
60
66
62
75
62
89
68
79
82
69
71
64
79
66
73
65
67
92
82
62
78
60
83
75
82
82
73
62
60
79
64
76
64
65
60
71
64
77
63
69
82
71
77
61
69
73
72
82
74
61
73
61
70
81
72
67
60
67
66
62
77
81
71
72
85
85
73
70
72
72
84
76
66
81
60
84
75
74
73
65
74
83
77
67
78
72
87
73
69
67
85
70
87
74
72
66
79
75
70
81
72
66
73
64
63
66
63
65
71
60
68
73
66
77
78
64
69
68
75
75
60
78
62
82
63
81
60
72
79
74
60
77
70
64
84
73
71
64
78
65
78
67
85
67
80
