63
74
71
60
75
61
63
64
65
66
64
80
60
95
63
83
65
64
73
68
63
69
75
68
77
68
75
79
65
69
70
84
66
77
60
70
73
74
79
69
64
70
60
65
65
64
71
68
81
64
81
72
65
61
67
73
75
72
81
66
67
63
72
79
74
65
88
64
64
65
65
67
76
67
60
65
72
71
73
83
66
69
64
86
68
74
70
85
64
86
86
70
78
63
72
73
68
70
79
69
79
76
69
80
66
70
60
68
67
66
66
69
70
66
68
78
85
70
70
65
74
73
62
75
80
66
79
80
65
79
66
66
67
74
69
72
69
73
72
76
71
81
71
89
63
68
65
60
70
75
60
80
79
71
65
78
68
72
62
72
64
66
63
71
63
64
73
75
69
62
68
63
74
67
80
77
75
65
74
75
79
61
75
71
61
61
81
62
82
66
66
73
60
68
65
70
61
75
70
71
74
60
60
71
63
61
68
81
73
71
61
75
84
70
80
77
66
72
70
68
63
60
64
68
74
63
60
65
72
65
68
68
72
66
78
75
74
66
77
79
60
60
62
72
60
71
82
74
79
68
73
70
64
73
69
62
73
79
66
67
67
61
86
70
66
67
79
70
78
75
78
61
74
68
75
60
61
67
69
70
76
63
78
65
83
68
75
61
71
