61
70
66
73
87
60
66
75
67
60
73
83
66
67
64
65
62
84
61
71
74
68
68
75
77
91
70
82
74
67
60
68
64
66
70
63
66
75
73
75
74
67
70
68
71
83
68
66
87
60
71
72
66
65
69
64
66
68
70
64
60
74
75
68
71
69
60
72
69
84
60
63
62
77
60
77
69
65
60
73
60
71
65
70
61
64
61
67
67
81
64
76
65
69
60
69
68
81
71
82
92
69
61
69
73
61
63
75
71
84
73
68
62
73
74
76
81
69
68
78
67
60
78
78
72
85
69
76
60
82
63
66
66
70
64
66
67
79
77
62
73
66
63
83
72
78
66
77
75
63
64
60
81
86
68
61
67
77
79
69
64
76
66
73
65
80
70
76
71
69
65
75
68
75
75
77
68
65
65
66
62
62
68
88
71
74
63
62
63
66
65
73
66
64
79
64
62
80
63
64
66
72
74
75
73
64
79
61
82
66
82
77
70
76
79
70
64
77
60
63
68
71
95
71
75
79
76
62
64
73
60
73
60
74
69
66
65
69
72
79
71
66
69
77
65
74
60
67
69
69
73
75
76
83
73
67
63
60
71
70
75
63
86
65
71
68
70
74
62
67
69
75
75
75
69
68
60
82
71
69
69
69
69
67
64
86
72
71
65
