69
84
84
74
82
68
65
65
67
82
73
83
63
70
71
71
74
74
63
77
72
67
78
62
63
60
76
62
77
67
60
60
74
67
60
60
66
70
65
68
70
63
85
85
95
74
64
60
65
68
64
74
76
81
77
62
71
67
76
73
74
62
70
71
78
84
66
69
61
70
62
69
72
69
62
72
81
61
69
75
65
67
72
72
74
77
74
60
62
64
75
74
63
66
77
72
66
83
63
65
77
62
68
78
76
65
75
60
87
70
74
60
65
72
82
72
69
63
75
63
63
80
64
77
70
60
69
80
84
68
68
61
63
69
65
63
76
78
87
68
62
70
77
61
68
67
65
66
83
69
82
69
71
73
87
75
72
79
78
68
77
78
60
67
66
60
75
74
70
72
66
83
66
72
66
77
78
61
64
65
75
60
68
70
66
78
81
69
71
66
64
70
63
66
66
78
66
66
73
63
65
67
70
70
64
68
63
68
82
72
71
94
79
71
80
67
70
66
66
75
73
68
66
69
62
67
70
77
70
64
78
87
63
71
70
85
76
72
83
63
63
68
63
79
73
76
79
60
74
65
70
63
75
78
60
79
73
66
72
83
76
70
77
83
65
70
65
70
74
76
82
79
69
64
66
62
61
65
67
66
79
69
67
81
89
69
68
65
72
