70
65
70
69
62
77
70
68
73
62
64
80
71
68
71
73
64
62
64
69
65
70
62
66
64
74
78
70
66
69
63
63
79
67
64
65
64
73
60
65
68
75
72
65
60
76
71
73
68
61
67
61
60
72
67
66
75
70
65
75
74
75
67
71
63
68
68
60
61
60
69
60
65
64
64
68
62
73
60
79
68
69
61
76
69
65
66
67
75
64
68
67
63
79
85
60
67
74
60
69
67
74
73
60
74
67
60
70
84
78
60
66
73
66
67
70
72
77
72
61
60
60
62
70
67
65
61
77
81
69
60
87
70
75
60
71
70
65
71
61
74
69
70
82
63
85
75
66
65
70
63
71
65
82
65
62
64
81
70
70
68
64
66
68
69
64
81
62
67
63
64
70
76
67
69
70
67
63
66
71
68
63
69
60
67
72
60
67
74
62
64
73
60
63
72
76
71
85
60
64
69
73
65
67
68
68
64
65
70
71
69
73
64
76
68
70
61
73
77
65
60
69
95
68
60
64
63
73
74
60
60
75
73
70
67
71
64
65
74
86
64
79
64
68
61
63
73
61
79
67
61
71
80
63
67
60
66
62
66
70
71
63
67
60
72
75
60
62
69
79
68
65
76
60
66
69
62
70
71
72
74
76
66
74
63
70
74
60
73
