69
63
64
64
69
67
74
66
73
64
75
68
66
64
80
75
67
62
64
62
71
71
60
73
70
67
69
74
80
69
77
66
60
69
68
65
70
62
76
62
82
75
61
80
68
72
72
73
69
65
76
64
61
60
70
84
68
67
65
65
81
72
69
67
66
74
64
80
82
72
79
65
74
70
70
79
71
78
70
60
61
63
82
68
78
65
64
69
78
61
66
69
61
60
65
72
66
71
77
60
77
62
65
71
67
79
75
71
73
61
65
69
61
69
78
73
64
71
70
85
70
69
65
62
60
77
72
70
80
67
68
64
62
67
62
76
63
79
73
63
78
67
77
80
60
72
71
73
82
75
74
71
65
64
62
73
62
74
64
77
68
69
71
75
70
68
66
73
81
72
74
77
69
74
60
68
62
65
82
69
63
75
67
83
64
75
73
78
60
83
62
69
76
68
79
64
68
63
63
65
95
72
70
69
69
63
69
80
74
87
62
72
69
68
61
73
77
65
73
79
62
60
89
64
63
84
65
60
69
63
71
77
63
76
64
63
70
66
64
60
60
62
68
80
74
62
65
73
81
63
75
83
67
81
74
74
76
60
69
73
66
60
72
83
65
82
70
61
64
72
71
86
71
64
73
71
83
85
72
72
84
62
75
67
66
67
63
88
69
