67
73
76
63
60
71
72
60
64
73
74
75
69
61
70
63
72
70
65
76
67
72
77
64
72
70
67
67
68
69
73
71
67
76
73
77
69
67
64
67
61
71
63
86
73
72
70
69
61
88
72
82
69
69
72
75
65
62
65
78
88
71
75
60
70
73
60
79
67
76
82
71
79
69
60
68
61
72
71
79
73
76
66
77
70
73
75
66
60
71
66
69
63
77
62
75
78
71
72
74
70
69
60
70
68
71
60
79
66
68
71
78
67
72
60
65
60
60
60
64
85
83
84
75
65
74
64
95
78
67
67
71
75
71
61
76
60
74
85
73
76
72
68
65
69
63
72
68
65
65
76
67
76
66
85
86
77
72
67
87
65
74
66
67
76
74
63
78
66
82
70
75
62
60
72
65
71
73
75
87
69
73
83
80
75
74
68
62
80
71
66
83
79
91
70
75
78
86
65
69
67
70
77
72
76
60
70
78
66
60
69
79
74
73
74
67
71
67
70
66
75
60
67
64
67
60
79
72
67
74
80
69
76
66
64
72
64
64
73
65
65
65
68
72
69
66
60
88
68
63
73
67
81
74
72
70
73
71
60
71
81
72
81
66
75
60
66
69
62
60
66
61
67
71
64
68
76
71
75
78
61
81
72
69
73
74
78
65
66
