74
65
83
63
77
68
82
68
60
76
71
62
69
66
74
70
79
65
60
72
61
77
68
68
75
73
74
61
69
67
76
65
76
76
77
65
89
74
62
71
63
78
65
80
77
63
60
62
85
70
82
84
76
89
72
66
69
68
68
60
75
64
63
71
82
81
62
67
69
70
60
64
70
83
73
91
73
76
81
60
78
70
68
78
82
79
83
67
67
77
73
60
91
64
72
85
63
64
72
78
73
73
80
65
78
68
78
66
72
76
76
75
71
60
74
72
66
71
74
60
88
72
76
66
62
74
79
75
79
69
66
67
83
77
74
71
88
68
87
69
90
79
68
70
69
69
64
70
76
64
75
73
65
75
73
70
60
67
81
69
86
65
80
68
78
69
81
69
62
80
74
65
63
72
65
75
62
80
76
67
72
65
79
69
86
72
62
74
60
61
91
69
79
70
67
72
80
78
77
71
69
71
77
76
82
73
83
68
66
72
75
60
77
64
70
67
78
89
85
86
82
76
68
67
70
68
67
75
73
78
61
61
82
73
91
80
72
66
64
70
68
83
74
67
69
60
68
70
65
86
66
83
84
73
94
67
64
74
68
67
75
73
65
63
78
73
72
71
90
73
70
81
86
66
76
67
76
63
67
64
86
66
95
86
87
78
78
71
83
