69
87
75
79
60
62
73
79
62
63
66
70
70
76
70
71
77
77
71
76
68
60
77
81
85
66
68
72
83
75
60
74
69
62
73
60
60
70
66
84
72
68
83
67
77
88
66
66
68
60
75
70
63
63
84
68
66
71
65
77
62
76
64
63
60
68
74
70
71
80
82
73
74
69
71
78
80
69
70
70
70
69
69
70
74
85
64
70
63
81
66
64
60
85
78
60
67
62
73
62
79
66
61
70
73
61
65
76
60
60
75
66
67
71
69
66
60
69
70
76
61
78
72
70
67
75
73
79
72
67
76
65
70
68
68
66
65
60
76
78
71
60
60
69
70
72
81
86
71
75
65
75
68
81
67
95
71
69
64
66
70
67
60
68
71
72
79
66
68
74
77
74
76
87
75
64
62
70
68
76
60
78
62
73
75
63
92
62
69
71
61
60
84
66
68
80
81
62
63
71
76
74
71
71
62
80
72
68
76
75
65
69
67
67
70
79
76
70
69
68
67
73
67
73
84
65
69
81
68
60
69
67
75
62
60
73
66
67
65
66
71
67
76
64
75
68
65
62
71
80
69
83
64
63
70
73
73
72
65
61
67
72
80
61
66
78
84
77
74
83
76
74
63
67
77
62
71
71
64
71
60
77
74
75
70
78
69
60
70
