80
65
70
66
60
69
74
66
64
71
68
67
75
66
64
60
78
69
64
67
65
70
63
73
81
72
71
65
64
66
60
62
71
75
64
75
65
69
65
60
74
66
82
63
75
64
75
60
71
72
79
63
73
71
60
60
76
71
68
62
69
60
64
76
66
70
67
75
70
60
69
71
74
65
62
74
77
68
70
66
69
62
77
60
65
74
67
70
65
66
67
73
64
71
76
69
62
71
70
74
82
95
78
64
60
60
73
73
68
65
70
76
80
75
68
65
64
71
73
62
64
65
71
67
68
66
65
67
63
73
65
84
69
65
70
77
89
77
69
63
75
69
70
61
67
62
71
74
75
68
67
67
70
62
61
60
62
60
60
71
77
73
67
82
63
63
60
72
69
62
74
77
78
60
64
67
77
68
60
62
77
81
66
75
62
71
60
66
69
67
62
77
70
64
69
79
86
73
68
75
70
62
74
65
70
69
63
80
77
77
67
66
69
72
72
63
71
72
63
65
67
65
65
60
63
63
76
85
71
70
71
65
68
65
64
64
73
75
72
61
74
67
60
66
63
70
63
69
75
67
67
74
73
67
72
63
73
69
73
77
64
68
69
66
63
74
65
81
66
73
73
68
68
66
72
60
63
65
78
61
63
70
74
64
63
79
66
83
76
