75
80
64
67
60
78
66
72
79
61
77
63
60
84
69
69
69
82
75
65
71
69
74
79
85
67
79
74
63
85
74
86
64
69
80
75
66
65
76
81
81
74
71
67
74
66
65
69
66
74
73
75
63
61
78
64
69
74
70
64
63
83
65
62
85
60
83
95
72
65
71
77
64
71
87
71
72
76
66
61
60
64
62
70
84
60
70
67
68
81
77
72
65
70
66
62
64
68
63
65
78
64
67
66
69
80
66
61
61
71
67
69
70
67
62
72
70
75
81
78
79
70
77
60
60
67
68
71
75
63
60
65
78
74
85
69
75
71
80
66
72
60
65
69
79
68
65
69
63
71
77
76
71
73
60
66
61
71
78
79
76
69
76
71
78
64
71
70
72
78
68
73
79
73
60
65
60
67
77
65
78
80
68
60
65
69
70
71
63
61
69
67
65
79
60
79
60
85
70
67
66
77
60
75
64
63
81
71
67
77
62
72
67
66
81
76
73
62
61
66
79
81
67
79
63
70
67
77
60
72
60
85
60
61
67
66
74
62
60
65
60
61
66
69
75
60
66
86
73
75
60
66
67
66
76
62
71
63
70
67
68
60
81
63
79
86
70
69
73
64
65
69
72
68
75
71
70
71
79
83
69
89
78
72
91
70
68
67
71
