66
60
64
75
79
65
74
73
78
87
72
82
72
70
71
79
61
76
75
77
75
61
74
75
88
80
64
84
77
71
66
70
65
72
70
69
77
75
70
68
87
83
63
77
68
74
86
68
79
60
71
61
64
68
60
95
63
68
73
85
65
70
69
76
81
73
79
81
80
60
67
91
85
75
79
78
60
60
66
74
71
73
70
61
72
71
89
65
78
73
82
66
70
66
73
73
66
76
73
73
65
73
63
66
90
80
64
73
61
68
64
68
64
83
94
70
83
89
60
77
76
85
75
62
79
76
86
90
65
64
62
73
60
83
87
60
73
79
83
63
60
67
73
65
60
72
64
70
66
75
66
71
74
65
60
86
77
60
73
69
61
61
76
61
70
78
76
86
66
60
75
82
67
88
92
71
83
79
81
70
78
90
73
84
64
68
62
63
70
82
61
74
75
77
81
75
61
66
68
90
72
85
65
70
70
68
80
80
74
68
79
63
78
79
71
72
66
79
69
67
66
63
76
67
86
73
72
76
70
91
80
71
77
76
84
70
87
79
75
74
78
72
79
68
66
65
78
69
64
64
60
75
74
76
63
74
78
76
83
68
87
72
73
77
62
67
66
73
66
60
69
60
76
72
71
72
75
82
65
62
70
75
84
71
68
67
72
61
84
