65
72
68
61
62
73
68
79
67
77
73
66
74
62
65
70
74
73
66
66
61
62
78
83
65
60
63
60
68
75
65
64
63
67
74
81
75
69
86
79
61
72
78
68
74
69
73
67
60
65
86
70
60
92
61
71
64
61
72
74
71
72
77
63
87
72
69
77
60
72
60
77
60
76
70
71
66
68
66
67
70
66
74
67
62
63
64
77
75
72
80
60
63
78
65
73
77
65
87
67
77
66
79
66
71
67
65
72
75
60
85
74
64
77
81
67
74
77
81
60
65
85
60
68
70
77
60
68
83
76
72
70
71
87
65
66
71
60
75
73
64
70
83
77
60
66
76
65
69
69
67
60
60
71
81
68
71
78
71
66
64
64
78
69
70
74
61
66
67
66
75
65
68
65
70
62
61
66
75
83
78
60
71
73
75
64
72
62
72
76
79
77
62
71
75
73
70
69
85
79
67
85
67
84
73
65
68
73
61
67
69
64
69
72
71
62
70
73
73
79
73
62
90
73
70
67
70
65
77
77
63
82
78
70
71
74
65
70
64
76
77
71
60
65
79
60
67
66
73
60
67
66
68
64
77
66
63
66
83
74
70
65
60
82
60
79
63
69
68
71
73
66
67
65
84
76
68
62
61
72
60
67
73
66
78
69
95
70
70
