64
82
73
64
63
69
78
75
74
61
74
63
94
71
74
70
68
66
67
64
69
70
69
60
79
73
73
90
68
64
77
66
64
77
81
70
78
73
68
65
63
66
70
77
62
74
60
60
72
67
74
69
84
79
69
73
61
74
63
88
78
84
71
95
80
62
63
60
80
67
68
74
76
78
89
66
88
81
63
68
69
68
70
64
75
60
74
64
66
64
63
68
66
88
72
64
73
64
68
73
83
70
75
65
76
70
87
74
66
74
82
61
73
70
68
70
83
81
65
83
64
67
80
60
70
72
69
84
66
62
72
60
77
64
73
74
73
65
60
63
73
63
62
80
60
60
77
67
65
81
79
74
69
72
71
78
69
84
60
60
65
74
71
63
74
76
66
60
60
66
60
60
63
62
81
67
67
74
74
68
82
73
78
60
70
61
71
79
73
69
66
89
60
72
72
70
61
62
68
83
67
65
83
91
66
66
79
78
73
74
60
86
67
68
65
63
83
85
77
64
71
68
67
60
70
70
78
60
75
67
73
68
64
67
70
70
63
77
78
65
65
78
71
75
73
71
69
60
73
74
67
63
80
73
70
71
60
61
75
69
86
67
80
80
70
63
71
75
80
63
74
60
63
74
68
69
71
61
65
64
61
65
69
67
75
62
68
78
63
