71
64
70
67
69
69
65
72
60
78
84
67
75
81
71
79
68
69
63
66
75
60
70
77
67
73
68
74
65
67
64
66
79
65
68
63
63
65
66
63
60
80
72
63
68
80
62
73
65
63
62
65
65
71
68
60
67
63
82
66
62
70
60
67
80
76
66
65
84
67
62
60
63
69
72
70
75
65
71
75
69
76
68
70
62
72
65
70
88
67
68
67
71
65
76
64
74
72
74
70
67
61
64
74
67
70
61
61
60
63
65
70
73
75
82
71
68
69
67
61
78
70
71
66
67
79
83
76
72
75
70
69
74
60
67
70
70
68
73
62
80
67
87
74
79
81
71
60
77
67
73
63
71
76
82
79
75
81
79
70
69
72
60
63
75
67
79
68
62
70
61
70
61
63
64
62
64
72
61
62
74
64
72
69
77
85
85
80
69
60
77
73
66
78
75
75
71
69
77
62
72
64
71
60
67
67
72
84
76
67
76
66
79
66
78
81
67
66
67
63
82
76
68
74
75
70
62
64
68
64
71
70
77
92
71
60
76
63
62
88
63
66
60
67
80
60
70
61
66
85
66
78
95
75
70
60
63
68
63
60
65
65
86
76
60
66
69
60
65
72
69
73
75
80
65
78
71
69
80
71
79
77
72
75
74
63
74
73
75
