60
66
73
83
72
67
64
73
81
69
69
64
84
62
67
74
66
64
65
60
62
81
60
62
62
68
79
61
67
71
67
70
64
75
76
73
74
72
66
72
76
72
70
71
65
72
68
71
77
78
68
66
74
77
82
67
69
67
62
68
79
66
70
69
60
76
69
66
69
70
62
74
74
63
70
74
74
69
77
77
61
61
71
60
78
70
70
65
84
60
60
77
68
62
84
64
82
83
62
73
84
77
72
80
63
71
83
80
70
72
68
62
66
60
61
67
67
60
62
75
84
74
69
60
69
60
64
78
67
78
60
80
71
67
69
62
71
83
79
66
60
75
78
79
79
65
79
75
74
73
73
60
86
70
67
74
69
70
66
85
61
65
79
77
76
72
66
65
67
69
64
68
67
82
68
69
74
75
80
63
72
66
67
74
77
71
65
63
69
80
77
70
63
95
67
64
61
76
60
61
69
67
65
79
72
64
63
79
78
66
68
68
72
71
60
84
71
65
60
64
68
71
71
69
72
77
65
76
71
77
73
81
75
74
61
60
83
86
69
60
69
89
70
65
79
85
75
71
62
69
75
74
62
60
69
71
64
71
83
62
73
74
82
84
61
64
63
71
77
62
71
74
60
63
69
74
70
75
72
61
60
70
80
67
68
69
66
60
67
