72
81
76
89
82
66
80
74
79
68
70
68
90
71
91
66
79
78
63
72
84
77
67
65
61
65
69
70
66
71
75
78
69
71
61
63
60
72
75
70
63
67
72
74
70
84
66
68
73
64
82
63
63
69
76
70
60
69
70
81
60
66
68
80
64
82
70
81
71
67
71
72
75
67
63
60
78
80
72
81
74
73
77
73
65
63
80
67
80
64
65
87
65
83
76
77
75
63
73
63
79
66
79
83
68
60
75
69
71
65
78
78
89
60
71
60
66
62
76
61
70
60
63
71
72
73
62
68
72
64
74
67
62
67
62
68
66
82
79
67
71
72
95
68
79
67
69
71
72
70
87
60
60
66
61
64
62
71
60
76
70
78
64
67
80
61
60
66
70
60
81
68
68
74
66
83
67
77
65
74
60
67
76
71
65
82
68
60
66
72
61
77
69
63
80
70
69
66
62
81
60
60
68
60
74
71
75
69
73
77
71
71
69
67
86
65
63
63
73
67
69
81
61
79
73
62
60
60
70
81
60
66
62
64
60
65
82
68
76
78
70
76
64
79
73
65
60
76
70
67
70
77
68
78
64
67
60
71
68
60
66
68
73
84
67
70
65
67
63
64
61
75
89
80
67
65
84
81
78
71
80
69
67
73
60
65
70
78
66
