60
70
95
73
69
75
79
65
62
69
71
85
64
82
66
64
81
82
79
76
75
60
71
70
84
74
74
83
62
88
67
81
62
74
72
74
64
80
71
72
73
71
77
60
69
75
65
73
73
75
78
69
73
83
63
60
67
81
70
77
62
60
88
62
71
70
80
67
65
76
71
86
60
74
71
68
76
76
69
85
78
66
71
90
78
69
66
72
75
71
78
65
76
60
61
81
84
76
87
76
78
73
86
60
65
67
62
81
73
64
64
84
76
84
71
73
71
71
63
88
75
81
78
75
83
67
86
82
89
65
74
71
73
74
76
60
83
84
86
60
70
76
67
78
61
81
74
69
60
62
66
78
67
61
80
77
75
66
70
80
60
77
60
72
60
61
78
66
66
61
68
60
67
82
74
77
64
69
61
79
91
87
65
90
70
75
63
77
74
77
75
60
75
70
73
83
66
76
87
73
73
68
78
64
71
82
90
70
89
62
67
63
66
79
68
67
63
91
69
64
69
71
80
77
89
64
77
71
73
71
73
60
60
60
77
79
77
75
79
64
60
61
66
78
63
65
66
66
70
76
81
75
66
62
78
94
65
60
83
73
65
71
93
81
67
73
85
73
70
76
80
80
73
82
75
65
60
76
79
87
75
87
79
72
68
76
61
82
80
