75
71
64
74
69
69
64
68
67
66
63
66
70
76
74
79
73
74
82
77
73
61
73
75
71
82
62
71
76
95
60
69
68
64
72
68
71
79
72
75
66
74
63
68
71
62
60
70
68
78
69
64
65
72
74
63
64
69
83
79
80
73
89
66
83
62
86
80
60
65
62
80
69
74
69
72
68
70
66
70
82
83
65
69
73
66
80
85
60
64
74
79
73
74
64
75
76
68
60
77
60
60
65
60
60
60
69
63
82
64
85
62
74
60
70
70
66
76
89
69
73
72
61
70
68
66
79
60
75
60
62
60
65
72
80
74
65
74
63
62
71
69
66
74
60
74
71
63
67
68
75
70
62
83
81
76
84
69
63
69
64
68
64
77
70
65
71
71
74
87
61
65
67
79
75
80
60
76
94
82
70
87
77
67
77
63
66
69
69
63
60
65
79
71
64
64
63
66
82
74
63
72
65
62
60
72
63
76
78
73
64
86
69
66
77
72
71
74
70
73
73
70
75
80
73
66
68
62
69
79
60
73
63
60
65
72
71
77
72
62
77
76
81
69
76
62
77
69
76
78
67
77
70
71
68
63
66
63
76
65
64
69
60
78
65
67
82
67
65
77
75
64
90
91
71
77
74
72
73
65
65
68
64
72
69
73
60
69
69
