77
70
74
73
85
63
65
64
67
63
69
80
69
80
62
81
73
60
70
62
72
62
73
90
62
70
70
60
73
77
74
60
81
73
66
72
72
82
60
77
75
69
72
75
60
78
62
74
81
84
61
67
62
74
67
69
73
61
82
86
63
87
77
67
63
71
65
62
79
74
63
65
71
61
62
65
66
72
65
68
76
73
74
63
70
72
66
60
73
80
77
85
60
77
80
74
60
75
60
71
76
77
64
70
67
60
65
61
60
73
61
80
77
82
75
68
60
72
75
67
70
70
71
69
84
89
85
60
70
64
70
79
77
73
69
69
77
89
74
86
70
82
70
61
69
79
75
88
81
71
70
76
63
62
69
70
67
61
83
61
68
64
77
78
66
68
75
61
66
63
64
67
82
65
79
65
76
60
81
73
60
77
68
70
74
78
60
71
76
60
73
75
69
69
79
66
77
95
66
75
70
78
67
60
60
76
69
68
64
75
84
75
65
60
72
67
64
75
74
67
69
71
60
71
62
63
68
63
72
66
66
64
70
74
74
72
70
89
77
75
64
86
64
65
73
66
64
71
73
77
80
76
75
60
61
68
73
70
63
60
75
72
81
67
69
73
68
60
72
65
67
66
67
63
67
76
69
60
77
71
76
77
75
64
69
70
69
78
61
