68
65
70
76
75
67
67
77
66
63
60
75
75
72
78
64
64
69
69
66
62
73
69
64
64
73
69
68
74
77
68
73
65
77
81
60
63
83
66
71
78
63
78
64
73
67
60
64
70
79
78
70
66
81
79
78
85
68
62
63
81
61
65
69
68
72
91
73
65
76
76
82
64
70
60
68
67
66
62
67
78
70
78
90
71
69
70
66
77
64
70
75
70
75
66
70
66
77
76
70
60
62
68
67
68
61
74
73
73
79
65
67
66
70
79
77
71
67
76
63
68
83
77
61
79
65
60
68
66
71
65
80
72
69
95
68
70
75
60
68
69
70
63
77
73
78
80
70
80
64
79
87
65
84
61
66
66
69
60
60
72
73
65
75
68
63
81
68
63
70
70
67
67
73
63
63
74
72
68
68
64
70
75
72
60
77
72
74
60
69
72
77
63
70
73
60
88
69
67
74
73
69
74
69
66
65
65
60
80
67
65
81
73
86
74
61
75
79
61
75
75
65
62
83
78
77
68
64
82
86
72
62
62
60
88
72
69
65
60
77
83
63
93
82
66
75
64
73
64
82
69
70
61
61
62
64
66
75
67
61
60
73
67
61
68
70
78
70
63
67
64
74
79
72
73
61
63
72
64
79
62
66
64
63
61
68
71
63
67
