68
66
67
60
68
65
73
71
75
60
72
71
72
67
73
73
63
65
62
87
61
72
70
70
77
64
76
64
62
72
88
73
60
75
63
73
63
77
75
61
69
61
63
60
71
76
70
71
73
67
65
75
60
60
65
81
71
69
77
67
63
60
77
95
66
83
70
73
73
71
75
65
82
70
60
68
66
67
73
66
60
71
60
74
73
85
79
60
76
73
72
75
64
65
64
64
85
69
66
74
71
73
65
68
75
61
76
67
69
62
60
66
69
68
77
75
67
70
83
68
63
66
71
64
85
69
70
78
67
71
76
60
81
62
60
62
66
72
67
68
82
66
61
63
60
73
69
70
60
80
69
60
65
66
76
71
60
72
66
69
75
65
74
73
61
73
64
65
64
66
79
74
67
65
60
65
77
72
70
71
60
75
77
79
71
72
65
72
69
73
73
65
63
69
60
68
79
69
60
79
72
70
71
74
69
69
61
77
67
84
60
65
69
71
69
62
73
63
77
75
87
70
63
66
60
79
74
84
70
72
61
66
69
62
60
65
79
76
72
86
74
65
72
72
67
70
63
65
78
65
60
70
67
73
64
75
77
74
73
80
72
77
79
79
74
64
79
68
75
76
71
71
69
74
80
67
66
77
69
65
64
68
63
64
64
71
70
81
63
