62
61
66
89
73
66
65
76
64
77
62
89
86
78
78
67
62
67
77
67
67
77
67
69
62
78
70
73
62
64
60
68
77
71
60
64
68
75
66
63
78
69
84
78
69
69
61
77
60
62
67
70
69
63
65
63
79
76
60
89
72
72
60
67
64
78
63
71
73
74
66
66
81
66
60
68
70
72
67
64
65
72
65
71
67
73
63
79
77
80
71
66
63
66
69
60
76
65
62
80
63
64
60
68
77
64
74
77
64
62
71
74
75
67
60
60
60
70
60
65
86
72
66
77
74
60
68
64
87
68
70
63
76
83
75
61
84
78
68
62
71
74
72
75
61
67
66
90
72
69
71
67
75
70
63
80
63
75
83
63
73
70
63
64
67
75
74
62
86
62
63
66
72
65
84
70
72
70
79
79
60
68
74
73
75
65
70
72
70
64
67
64
74
74
63
68
77
76
74
69
81
83
61
60
82
64
81
62
60
85
67
68
79
76
60
69
80
67
68
74
67
85
68
80
88
75
65
67
69
68
69
75
60
63
80
76
64
69
76
69
75
68
78
65
71
65
60
74
78
80
71
75
70
61
71
64
61
66
69
69
66
72
62
63
72
76
64
73
83
64
66
81
81
67
79
85
72
71
95
64
65
76
73
75
63
79
73
71
90
