88
76
70
73
83
64
69
64
69
76
76
62
78
92
84
80
62
77
78
87
77
63
75
70
65
95
88
71
70
71
75
82
83
85
81
60
78
72
77
74
67
66
81
64
81
61
79
90
78
69
78
73
74
74
63
73
63
68
76
77
63
60
60
60
71
74
66
74
63
61
66
67
64
60
79
61
61
61
80
75
76
63
63
60
67
77
79
74
69
67
77
71
66
63
66
72
67
86
67
78
65
73
76
76
66
78
78
65
72
77
72
71
73
88
76
73
89
82
85
78
65
74
62
68
68
72
84
66
85
86
76
62
89
71
67
65
82
61
80
67
94
89
64
65
72
67
76
60
75
62
78
74
76
74
72
75
74
75
60
65
91
78
71
62
77
75
64
70
77
62
73
78
74
86
68
91
60
70
74
86
83
70
62
69
92
69
87
70
70
73
76
82
73
77
76
85
74
67
67
66
65
69
61
67
74
72
70
69
72
67
66
70
86
72
70
69
61
69
76
70
66
63
71
67
79
60
80
69
76
75
79
82
73
63
62
74
74
66
78
78
78
72
61
62
90
75
74
71
77
74
64
60
75
84
84
69
63
74
65
60
60
74
84
66
91
71
84
71
62
71
73
75
71
60
62
69
71
63
64
77
73
85
76
60
66
62
67
63
70
