60
68
60
63
75
73
68
60
72
67
84
82
84
76
71
74
75
60
61
82
69
72
63
61
80
73
70
60
66
67
65
72
72
85
73
65
73
72
68
71
73
75
77
60
83
68
74
62
62
60
68
80
66
73
74
75
66
62
82
79
69
74
77
66
87
72
95
80
76
79
69
79
75
68
74
72
78
73
76
69
67
72
71
73
68
75
81
69
76
63
60
68
64
60
66
74
86
81
88
69
75
77
64
82
84
62
60
64
80
74
77
80
72
82
65
71
75
83
65
79
64
70
71
71
65
75
73
61
86
93
84
73
77
74
69
81
70
62
87
76
71
62
78
73
60
65
67
69
72
73
79
72
83
76
65
67
88
74
60
77
67
74
68
77
61
75
71
67
78
67
70
65
67
77
80
60
67
71
84
78
85
76
66
71
79
65
60
82
81
61
85
60
62
73
71
87
71
88
79
73
72
71
60
74
76
71
69
69
65
74
74
69
62
80
72
63
71
81
71
67
79
71
67
62
60
78
60
75
78
68
80
64
80
79
68
60
62
72
63
85
79
71
81
71
64
62
66
69
75
71
77
60
72
60
77
81
76
71
63
87
68
78
60
92
72
64
79
65
71
69
80
69
67
76
66
72
68
90
73
81
76
78
66
75
78
73
70
69
73
