64
89
72
80
67
79
66
70
87
68
78
66
71
84
85
80
64
72
69
83
60
60
75
71
78
72
69
71
78
76
73
72
74
77
64
73
80
68
88
61
60
65
80
77
83
86
66
91
64
78
64
68
68
90
64
60
70
60
65
68
70
71
68
81
60
85
66
70
68
76
79
61
77
78
77
70
70
68
63
64
78
75
79
76
81
71
64
86
77
73
86
80
62
83
78
64
75
75
77
67
84
76
60
69
60
81
61
76
84
61
80
76
64
63
64
69
85
78
68
76
72
78
73
67
91
69
67
79
64
71
89
87
73
65
76
78
67
74
60
63
86
77
60
62
60
68
79
72
82
77
74
77
86
75
83
65
75
78
77
64
81
85
73
65
60
74
75
81
71
63
78
63
60
75
72
69
77
68
60
72
77
86
67
66
60
64
87
62
70
74
70
89
73
87
69
74
66
70
68
74
72
64
79
60
67
60
60
66
63
79
76
80
60
80
60
67
68
65
71
78
62
95
76
76
65
85
65
71
62
79
74
65
73
69
70
70
79
64
80
91
64
80
71
67
64
82
90
75
80
74
83
60
72
76
72
68
69
64
89
76
66
69
68
74
80
70
74
74
60
76
76
72
73
64
61
77
70
69
64
74
67
68
62
70
61
66
79
73
76
