69
68
72
71
75
65
85
76
68
62
76
67
84
63
71
83
74
67
68
70
64
62
74
64
68
77
71
66
72
79
62
71
69
64
68
64
74
65
60
68
70
95
77
81
71
69
70
60
72
72
60
82
63
68
72
67
70
69
76
71
65
60
68
74
63
66
68
67
71
64
76
62
60
69
62
72
75
60
60
67
73
77
68
68
66
76
80
67
64
76
60
65
65
62
60
67
79
67
67
73
63
71
70
64
60
69
63
72
62
68
67
60
67
71
64
73
68
79
62
68
79
74
69
62
65
64
70
70
92
60
77
69
64
75
66
62
71
72
72
67
68
66
71
61
67
72
72
77
73
74
72
67
72
67
82
83
79
71
73
61
66
60
74
70
62
63
62
63
69
63
84
68
69
61
76
81
76
65
81
71
80
69
66
74
89
78
65
70
68
68
65
60
62
76
60
73
76
63
68
63
63
88
63
68
67
60
70
73
60
70
76
67
80
69
64
74
65
71
68
67
78
63
78
67
70
65
80
64
65
72
62
74
68
65
72
77
73
60
60
80
68
61
68
71
69
70
67
80
80
61
78
77
66
70
65
63
76
66
74
78
63
71
67
68
75
64
73
63
65
79
67
78
61
69
77
63
63
73
84
74
67
68
69
82
68
65
61
71
69
