60
73
74
95
70
76
65
62
69
79
77
66
80
92
60
62
71
72
71
69
81
68
69
65
67
60
79
66
71
81
60
72
69
79
71
77
65
73
76
68
72
68
69
62
74
72
63
68
78
79
65
83
71
65
66
63
63
67
64
79
64
72
69
87
66
77
72
82
76
72
71
73
65
84
60
67
63
84
84
72
74
77
78
70
71
68
86
75
67
71
64
66
69
65
60
70
73
69
75
78
61
73
73
77
78
77
68
70
71
80
78
77
71
69
72
72
87
86
61
94
71
62
72
71
66
77
72
69
78
72
79
69
69
74
63
72
67
77
70
72
72
81
75
69
73
60
67
69
65
72
87
79
66
68
75
79
67
60
67
64
73
63
65
69
79
64
65
61
66
62
72
65
75
76
79
65
75
64
75
63
66
76
66
66
80
84
61
67
77
61
73
64
65
87
69
67
69
74
85
63
69
72
69
79
69
76
63
82
65
62
62
69
71
66
72
65
78
65
61
63
78
88
62
64
66
67
73
76
60
73
70
73
69
67
66
77
70
87
77
91
65
83
70
69
63
65
79
64
60
65
94
78
77
60
72
67
72
68
65
68
77
80
73
67
81
62
74
72
65
68
69
66
75
60
66
67
69
60
73
88
64
80
61
63
82
77
68
91
73
