60
67
75
74
74
64
68
63
73
71
72
73
64
70
73
85
80
70
78
63
66
70
80
78
67
62
64
89
66
62
78
68
69
71
73
75
67
71
78
73
71
73
77
72
79
71
63
75
67
68
62
66
72
67
65
81
88
73
80
66
60
63
75
76
73
83
70
80
71
64
65
69
82
68
67
78
61
84
73
65
65
74
72
64
82
65
64
66
82
60
71
63
75
78
74
93
65
66
76
64
64
60
72
68
63
74
68
60
88
69
76
64
64
75
77
68
67
74
70
72
60
63
64
65
69
66
76
87
67
66
61
83
60
74
70
82
75
74
68
80
75
70
61
75
73
76
73
63
65
65
74
70
77
61
82
73
85
71
71
65
70
69
70
77
66
85
67
75
71
67
77
81
74
68
64
75
66
70
74
72
72
72
73
77
69
71
77
68
60
84
61
60
68
73
68
68
74
65
63
65
77
72
69
60
70
78
69
74
65
68
74
80
65
75
76
67
79
74
65
81
76
65
64
79
65
71
72
73
65
62
69
86
70
68
72
66
62
65
70
71
70
69
64
60
88
82
66
67
75
67
69
73
77
76
71
65
63
72
62
78
70
79
77
60
71
64
95
71
64
64
74
76
79
70
64
61
60
63
72
71
67
60
74
67
72
72
70
82
61
