65
61
64
64
68
78
75
75
62
71
60
72
61
70
75
63
67
79
76
88
73
61
61
75
60
73
66
75
66
66
74
80
72
62
68
83
68
65
77
73
73
75
61
70
60
80
68
61
70
68
60
71
62
72
77
95
66
62
65
69
66
61
74
60
82
82
62
73
77
64
68
70
72
60
77
70
63
64
63
83
69
61
79
62
69
77
85
67
75
82
70
60
63
60
66
76
64
69
69
82
62
82
73
60
60
73
78
60
73
71
78
76
80
61
62
80
74
69
84
60
60
71
69
71
65
76
64
71
80
77
64
63
68
76
61
67
66
64
65
79
68
65
60
67
78
76
73
70
62
60
71
79
75
74
65
74
76
64
69
62
66
67
60
70
81
60
67
69
70
68
79
61
69
77
69
62
80
60
66
84
65
64
61
62
72
71
68
60
64
73
72
68
64
63
71
67
72
62
67
68
83
68
68
60
81
71
60
66
60
77
74
67
65
65
77
79
80
64
70
68
74
76
65
60
60
73
74
62
74
68
60
70
68
75
81
80
68
61
71
60
67
66
77
68
68
66
65
67
94
74
60
69
78
73
69
73
65
77
60
74
77
63
69
61
69
76
64
62
71
79
78
87
74
62
60
72
70
62
67
79
71
70
65
62
60
71
79
66
75
