72
68
72
82
74
75
79
71
72
64
61
64
72
70
70
71
72
80
69
65
73
75
68
68
75
71
68
75
70
68
70
67
64
78
60
66
60
75
65
63
60
65
68
76
74
72
73
68
71
72
69
75
62
72
76
66
66
68
78
61
70
70
64
66
60
74
78
71
69
63
74
66
78
70
69
68
69
72
76
64
70
77
70
69
76
63
70
82
72
76
77
60
71
67
68
65
75
80
70
69
62
74
73
72
77
68
66
68
63
68
72
80
74
74
67
61
66
62
76
69
67
66
60
66
74
67
70
73
82
70
69
60
64
65
67
63
94
72
75
72
80
77
67
60
66
76
65
64
70
75
74
63
75
88
72
60
65
65
61
66
72
64
68
66
63
72
70
64
86
80
72
72
68
66
73
71
75
66
74
72
66
67
74
68
64
70
83
70
72
77
61
63
71
79
67
69
60
81
63
74
80
64
60
63
77
73
76
70
73
73
61
62
66
72
78
83
77
80
95
67
74
65
72
67
66
76
81
63
75
89
82
70
60
65
78
66
66
71
66
76
78
75
71
75
61
73
73
66
64
62
60
75
60
73
68
63
68
75
79
72
69
71
79
69
64
74
74
61
79
63
64
76
63
66
71
67
71
64
62
74
66
68
65
75
60
74
66
70
60
