86
64
61
67
71
69
79
66
77
75
65
95
65
71
65
67
77
69
65
63
77
68
66
76
68
80
89
86
60
70
66
60
75
83
60
70
62
67
65
61
84
78
72
64
70
69
66
78
68
74
75
77
73
68
71
75
79
74
65
85
66
60
75
67
67
66
64
69
60
80
66
71
66
80
81
83
68
88
61
68
72
81
76
70
67
80
74
70
66
73
70
62
63
80
68
69
83
69
67
67
86
81
65
61
77
84
60
82
60
68
72
80
70
75
73
63
75
86
67
66
62
63
60
71
69
62
60
70
65
67
74
72
70
70
60
60
67
92
63
60
62
60
86
69
62
63
66
66
81
65
64
80
66
86
60
75
80
61
65
69
61
67
75
66
72
75
68
67
70
71
64
64
68
73
68
61
66
70
82
79
81
63
60
64
74
74
64
66
76
77
72
71
65
60
70
80
66
60
66
64
68
66
70
76
75
61
70
63
79
67
76
71
86
72
61
67
69
80
63
70
73
67
60
60
66
71
84
71
66
73
86
60
80
67
71
60
74
71
74
77
68
71
62
73
61
68
67
68
68
74
64
62
67
61
68
70
71
60
65
75
77
70
64
78
70
76
75
66
71
72
71
66
72
66
71
62
73
64
79
65
75
76
71
61
75
67
78
67
70
