85
60
74
67
74
60
73
78
81
70
68
74
72
77
69
77
71
79
92
68
60
85
77
64
78
80
77
67
67
61
60
77
76
83
70
79
68
71
74
61
60
73
73
62
67
72
78
82
77
60
64
69
64
66
62
65
86
64
76
74
85
86
70
65
70
66
60
91
83
78
61
73
72
68
60
71
70
75
62
92
70
70
67
66
69
75
75
68
83
69
60
77
72
75
66
74
78
64
66
70
70
74
78
73
91
69
85
74
63
87
76
66
81
89
64
75
70
60
62
83
60
74
62
72
64
84
67
69
64
69
79
72
77
67
73
60
75
79
67
61
68
63
88
77
72
95
65
68
78
66
73
63
72
63
66
60
76
83
74
71
68
72
80
69
92
74
68
71
73
71
68
83
71
74
63
71
64
81
65
65
68
69
77
73
78
61
78
64
84
60
71
62
84
73
60
69
81
67
61
85
71
69
66
61
62
72
77
74
83
65
60
63
83
70
65
60
60
71
67
75
63
62
69
67
70
65
77
65
71
71
82
69
66
71
60
70
62
74
60
75
79
66
70
67
73
85
84
73
75
68
81
78
72
79
82
67
65
70
70
67
67
72
71
81
82
80
76
70
71
72
71
65
65
82
69
72
86
72
86
91
82
63
74
73
74
60
66
64
70
