65
70
74
84
67
69
60
65
81
61
73
79
86
76
69
61
74
74
65
64
70
74
68
77
81
65
62
63
74
70
75
74
71
68
72
62
69
77
84
66
67
60
66
73
72
83
67
73
74
60
69
60
83
77
68
76
75
79
75
70
73
82
72
72
65
70
87
73
89
70
74
72
76
70
80
71
62
74
60
66
63
63
73
68
74
82
67
76
68
66
87
62
65
65
82
66
95
72
73
80
72
62
60
62
78
77
74
81
80
71
68
75
72
69
71
72
60
71
64
74
73
63
74
64
76
74
89
83
81
84
78
61
67
76
89
77
72
64
75
70
74
69
62
65
78
69
70
74
87
73
61
79
67
60
61
65
62
72
64
71
72
77
61
75
60
79
62
70
69
74
60
66
60
73
67
64
79
60
67
66
65
74
65
82
65
69
63
73
68
74
69
81
76
72
68
72
68
92
66
63
60
81
69
70
70
63
70
69
76
61
68
64
80
84
69
71
73
63
64
74
71
60
80
70
68
60
60
84
68
77
74
67
73
66
71
64
70
64
68
78
67
70
69
77
69
62
60
79
60
60
67
78
72
83
61
72
66
66
65
82
67
72
67
74
69
70
62
61
67
68
81
67
66
69
83
63
62
65
72
62
73
63
62
72
82
69
62
62
79
