69
60
66
70
63
60
69
60
65
66
72
62
87
67
69
70
69
95
68
72
74
60
77
72
77
62
72
65
63
73
78
80
65
71
64
72
64
60
64
70
73
68
60
73
62
70
73
72
66
76
68
81
74
67
63
67
60
65
64
66
82
64
71
82
61
73
69
64
80
68
81
67
63
64
84
75
68
69
77
64
60
60
60
62
63
84
69
63
75
68
63
89
61
63
76
93
82
74
69
70
71
62
72
87
74
65
74
69
72
64
71
66
67
74
67
78
69
60
81
75
76
67
67
65
62
85
73
62
82
89
68
60
60
87
81
81
74
62
71
76
64
69
71
72
80
74
66
71
73
69
72
60
77
74
61
74
82
69
74
72
77
64
60
67
75
66
60
74
65
79
62
81
71
79
79
73
67
66
63
79
67
79
60
78
75
72
62
66
60
65
73
60
60
66
62
78
67
70
75
65
66
79
76
86
71
78
61
74
67
74
69
67
63
77
63
78
62
70
66
63
77
75
66
72
60
60
68
65
75
63
67
86
67
66
72
68
67
61
68
79
63
71
71
68
68
60
73
62
79
70
67
66
72
77
64
75
79
77
76
75
72
65
73
80
76
68
66
63
76
76
74
85
68
77
60
74
68
78
64
68
64
60
74
62
63
82
60
63
78
