76
70
68
66
82
69
67
79
73
65
65
62
67
75
69
73
86
61
63
82
72
69
65
68
62
74
68
65
66
72
62
73
67
73
66
79
73
72
78
74
67
69
67
66
61
71
72
68
62
65
73
77
85
86
64
88
76
60
73
71
79
74
62
66
74
60
70
67
64
67
68
95
67
73
74
66
68
63
82
60
64
75
66
67
71
75
85
62
71
73
60
72
67
79
84
71
70
80
65
73
73
72
78
73
66
60
65
71
73
74
67
65
65
67
79
63
83
71
69
63
72
70
64
64
63
73
71
75
67
66
67
68
62
61
76
72
65
72
65
72
76
78
72
67
70
62
70
62
73
65
69
76
71
78
61
72
73
60
66
61
92
85
68
60
70
66
64
78
81
65
65
74
72
74
84
77
68
69
69
75
82
71
69
66
67
66
73
72
62
80
67
68
67
69
75
76
60
69
60
71
81
67
60
77
77
70
72
65
60
69
76
60
65
71
64
67
75
65
77
68
66
73
64
62
78
72
73
75
81
65
74
67
82
73
83
64
67
81
73
88
77
63
69
60
74
64
74
70
80
66
67
71
72
76
76
89
75
74
60
70
65
70
65
70
72
62
76
65
62
65
70
79
60
80
63
65
66
63
60
72
68
72
72
72
61
80
60
67
65
