73
73
70
62
75
74
75
74
72
67
81
73
60
60
70
90
75
62
72
63
71
76
60
77
76
72
72
70
62
61
67
73
70
72
75
67
66
81
60
77
75
76
65
67
68
66
88
84
71
63
76
64
72
63
65
65
66
66
66
73
64
81
62
79
74
73
76
67
70
88
69
74
85
79
76
63
77
61
68
75
76
71
68
73
60
68
63
60
74
68
65
66
71
79
69
73
80
70
75
89
71
68
75
75
62
67
69
69
83
68
71
65
70
63
77
64
64
76
60
62
72
79
65
65
87
64
85
76
62
70
60
91
63
64
82
66
60
68
82
77
60
76
77
75
72
64
64
63
71
68
60
72
81
64
95
68
83
86
66
68
77
76
67
68
60
74
61
73
77
66
64
66
72
68
82
72
73
77
64
72
82
75
78
62
72
60
73
69
75
71
67
63
85
62
71
60
71
62
70
73
85
67
76
60
76
65
60
63
70
67
85
65
73
74
74
72
68
77
69
76
62
68
82
61
75
82
76
67
64
78
67
70
74
71
89
60
63
65
63
71
71
77
72
62
64
66
70
78
70
62
77
75
65
70
64
66
72
79
70
62
65
66
66
64
66
66
74
79
60
80
69
69
64
62
66
78
78
67
68
70
60
85
62
74
60
72
65
70
70
