70
74
66
73
64
67
69
66
68
67
70
68
63
74
66
76
72
78
70
60
72
60
76
69
70
60
65
63
70
67
66
77
60
63
65
65
66
72
62
73
77
67
71
69
71
65
71
76
69
72
62
78
63
67
65
71
73
64
67
69
80
79
72
67
61
79
65
70
65
64
63
70
66
65
60
61
63
62
75
64
70
76
70
80
95
68
83
63
85
61
68
61
66
82
69
72
74
72
77
60
64
74
67
64
64
67
63
77
74
66
61
60
70
70
60
67
68
63
71
74
67
66
66
76
88
60
78
72
77
60
78
64
72
78
63
68
74
65
78
70
61
71
70
77
70
86
66
66
72
71
68
69
82
79
62
60
70
72
68
81
71
75
88
71
60
68
64
68
63
77
65
74
67
63
65
67
72
72
63
68
60
68
63
78
73
79
60
72
72
79
66
66
72
65
69
64
66
73
70
60
60
81
72
70
69
68
61
64
73
75
76
64
71
64
62
60
81
60
73
63
63
78
72
64
82
65
70
60
60
68
67
69
62
60
60
69
86
60
63
70
68
81
87
63
78
64
76
70
77
66
74
73
62
71
64
66
75
64
67
62
64
64
72
74
65
71
68
70
73
67
66
72
79
73
73
72
60
75
69
65
69
75
60
75
60
60
68
71
63
