78
75
74
69
66
71
62
73
81
76
75
65
74
67
74
62
73
60
60
66
68
65
65
71
63
66
63
67
69
74
68
82
75
77
76
69
78
61
78
78
78
68
76
73
71
74
73
60
78
60
84
61
64
70
68
77
69
75
61
76
76
66
63
64
68
65
63
68
81
69
72
73
62
63
83
69
68
82
76
64
74
74
65
72
70
74
73
76
77
70
70
74
71
70
64
64
71
65
63
74
71
72
71
85
70
95
83
74
64
71
66
77
72
62
67
71
75
72
81
72
72
73
73
79
75
76
79
62
75
61
83
78
60
60
63
72
73
78
60
63
84
66
77
65
64
61
70
75
71
71
75
74
75
68
71
91
91
60
74
72
67
79
84
63
70
74
71
71
62
62
67
66
80
67
61
74
65
61
77
69
73
79
68
69
69
64
77
68
75
72
71
79
78
85
72
80
74
75
68
78
61
61
84
65
60
77
63
75
74
60
68
81
72
66
66
71
73
67
74
60
68
60
74
63
73
79
65
67
78
65
60
76
76
73
86
60
78
69
76
60
65
73
71
71
85
66
65
73
78
86
80
67
68
66
65
75
63
62
74
69
68
83
68
60
80
73
66
60
73
80
72
67
70
67
64
71
77
61
67
73
71
68
67
81
67
72
83
64
60
