66
60
76
79
78
77
60
76
68
83
81
60
68
83
72
74
79
60
63
83
65
77
75
79
68
77
62
72
62
65
64
80
62
76
65
63
64
67
62
88
72
74
95
70
66
79
75
62
68
66
66
88
69
72
72
73
74
75
81
66
85
75
79
80
70
65
65
75
66
70
80
76
79
60
77
72
82
71
67
65
63
71
70
67
69
69
80
71
73
74
74
67
62
73
80
71
74
60
60
75
84
78
60
68
65
66
66
87
88
75
70
78
62
66
76
64
81
84
66
80
63
64
70
60
67
65
72
68
81
68
66
60
75
88
93
73
73
77
63
67
72
81
73
62
69
80
84
68
70
74
71
76
80
69
60
64
74
72
74
75
63
62
63
65
66
64
67
66
71
71
61
65
73
70
71
60
72
80
63
63
62
71
77
71
69
75
62
70
68
76
81
67
69
77
72
72
60
61
74
63
70
75
66
84
74
82
78
63
77
60
69
75
74
63
70
81
63
85
67
75
72
80
79
74
72
73
75
76
61
80
69
70
64
66
66
68
78
67
74
87
80
69
69
71
82
72
60
77
60
74
64
78
75
85
63
84
72
78
70
75
65
63
76
72
88
68
71
65
63
69
81
73
62
67
72
76
82
70
75
62
63
79
69
83
66
73
92
67
82
