61
82
80
67
60
60
71
74
80
78
69
77
71
67
74
70
62
65
88
71
65
76
63
65
70
67
83
80
66
60
80
71
72
75
72
60
61
60
83
65
65
67
69
75
71
75
69
77
71
69
72
66
74
67
80
72
78
71
69
64
65
84
78
60
71
82
64
61
61
62
86
75
82
62
73
65
70
78
79
77
75
76
61
71
72
66
94
75
65
70
75
64
77
69
79
87
67
87
66
76
67
68
75
70
82
79
77
67
60
92
73
84
62
70
90
76
68
73
71
70
79
75
76
85
75
75
66
72
63
71
77
67
70
75
60
61
71
78
82
61
75
70
68
65
89
72
69
68
74
72
60
75
77
60
72
78
66
78
60
91
78
70
64
87
87
78
69
73
64
65
60
78
79
73
80
79
86
75
64
88
62
60
76
70
66
74
61
85
81
70
76
75
67
74
92
66
71
60
66
77
63
63
92
70
61
81
62
63
75
86
73
68
67
77
95
75
90
85
80
63
71
78
65
61
67
63
63
85
71
75
68
79
85
74
67
82
69
64
65
93
67
75
74
75
79
64
79
60
87
78
83
67
77
74
67
60
63
68
71
70
65
79
73
60
81
67
64
82
69
72
80
79
83
61
66
81
89
60
75
60
69
71
86
68
66
76
69
69
62
