60
61
72
69
75
78
62
65
66
72
71
73
70
72
85
88
62
82
67
71
69
91
87
72
84
60
86
65
89
84
60
60
84
70
70
64
78
60
75
72
63
64
67
60
60
63
65
71
67
73
79
73
67
66
71
83
78
78
69
70
70
67
75
67
85
74
65
72
60
73
77
73
83
67
81
64
66
69
74
60
80
60
75
89
63
72
86
79
64
60
78
81
64
71
60
83
73
74
73
91
71
66
69
85
73
64
70
69
60
72
66
60
67
72
72
64
78
60
76
79
77
92
85
72
80
63
73
60
74
74
82
76
65
72
79
79
61
62
74
63
82
60
67
86
60
71
71
67
74
61
60
74
71
82
60
76
68
67
70
60
68
73
60
83
60
74
68
80
73
79
63
86
81
95
82
68
78
85
71
76
83
60
87
68
78
72
80
75
76
68
60
60
80
70
84
70
92
69
73
90
64
66
81
73
60
70
77
69
76
71
73
68
75
68
68
64
73
73
76
73
77
79
79
66
76
61
76
68
84
72
72
80
71
60
64
65
78
73
69
71
71
71
67
62
71
66
61
66
60
69
84
72
60
83
64
60
83
83
66
79
80
64
83
65
74
60
69
68
71
72
84
80
67
63
76
83
75
60
76
66
69
72
64
65
78
69
78
70
66
