72
71
87
82
71
82
63
73
62
68
65
69
74
74
64
74
73
66
73
67
71
63
62
62
68
68
78
73
67
67
60
83
68
62
68
66
61
70
85
69
62
80
74
60
69
68
70
74
71
72
72
77
64
67
73
71
60
69
76
74
73
69
74
84
70
78
66
73
71
73
83
73
63
77
77
68
69
75
65
68
73
72
80
65
79
73
60
68
65
70
66
74
70
65
72
60
73
79
70
63
67
67
80
89
63
74
77
83
71
73
60
76
68
74
73
60
75
75
71
85
78
66
67
67
84
83
63
80
72
70
65
67
60
71
76
90
80
61
95
76
66
60
63
71
71
82
81
69
63
67
70
70
73
69
76
68
69
63
63
66
65
60
60
73
63
60
67
70
70
70
71
66
69
65
77
67
60
72
69
68
66
74
70
72
79
60
67
72
73
64
77
62
80
67
68
79
70
62
79
81
77
60
69
75
76
74
86
71
69
67
74
60
61
80
76
72
75
73
71
74
76
79
79
68
75
69
75
69
65
70
69
66
71
60
62
69
92
71
72
81
60
71
78
68
82
60
66
69
67
76
74
60
74
71
80
66
71
86
75
78
63
77
87
60
70
83
73
72
66
70
61
85
65
67
82
76
75
62
60
81
72
79
62
61
66
68
79
78
67
