61
76
60
79
71
63
75
85
79
69
62
64
66
84
94
71
60
82
80
77
64
71
64
68
78
62
74
81
70
84
80
70
91
69
78
71
60
74
73
62
75
76
63
67
70
72
84
75
80
75
62
80
63
75
83
71
68
72
65
64
62
76
68
77
71
64
85
76
87
63
60
77
64
61
80
72
71
70
61
68
76
68
63
87
70
73
75
78
68
64
69
68
65
69
74
66
72
60
60
67
64
71
60
68
84
71
75
65
72
70
71
68
77
71
67
75
74
73
66
67
72
87
84
77
68
95
84
60
77
75
71
76
71
70
78
71
94
70
72
63
83
83
76
91
65
86
72
63
73
68
79
66
66
75
77
73
75
64
63
88
84
79
64
66
66
71
84
77
72
64
71
65
67
84
72
68
66
81
87
86
74
64
67
83
68
64
67
82
73
67
74
63
81
75
69
61
73
64
80
64
89
64
73
70
68
84
76
74
69
79
61
71
70
82
60
72
76
70
73
69
71
77
69
71
68
62
70
63
77
64
75
80
64
60
72
64
66
73
73
60
66
72
60
82
63
71
63
62
60
65
71
69
65
76
64
88
60
60
93
81
79
86
73
75
74
70
65
74
73
74
78
63
61
60
68
76
70
61
62
71
60
66
69
73
60
75
69
75
77
