88
95
69
60
65
60
69
74
71
60
77
74
83
89
63
88
60
67
74
73
61
80
68
64
73
66
71
64
66
71
72
70
70
73
73
69
69
73
70
86
79
61
66
68
69
64
77
70
61
76
66
71
81
71
69
64
74
67
69
70
65
60
67
74
70
63
64
69
70
80
71
71
60
74
61
68
66
72
76
66
67
72
72
70
64
78
75
69
72
62
70
73
66
63
60
69
67
64
75
73
65
71
66
70
63
70
73
69
66
70
68
65
72
75
67
79
65
68
66
62
63
79
74
76
60
71
69
64
88
75
76
75
72
70
63
67
67
66
69
72
68
60
79
68
65
76
75
81
73
60
66
77
63
73
65
75
70
69
70
72
74
77
84
63
84
63
71
63
82
73
62
70
65
71
73
63
78
76
86
81
65
79
75
71
73
62
61
61
73
70
61
76
62
68
67
82
70
72
64
60
66
76
72
84
89
68
60
65
62
72
62
60
70
60
68
65
64
80
70
73
66
66
79
78
63
61
71
69
69
88
78
66
62
74
68
64
80
74
68
74
66
67
72
80
81
67
84
63
63
91
84
71
64
67
69
63
73
60
79
66
85
75
80
72
61
87
60
60
73
61
81
60
65
60
62
61
79
62
73
71
62
86
83
74
72
78
83
67
72
