68
64
85
60
69
61
70
60
76
78
63
67
66
88
65
70
67
71
68
81
60
70
74
66
64
76
81
65
76
67
86
73
68
60
86
66
77
70
70
65
81
61
63
68
60
64
74
68
68
80
80
78
70
65
79
78
64
67
67
60
68
76
65
70
68
87
78
72
80
62
83
72
66
76
72
68
81
73
82
83
60
60
73
63
60
70
64
72
76
69
75
80
77
75
60
67
75
65
68
83
71
79
64
67
60
70
73
69
65
85
79
83
61
67
74
60
65
74
72
80
61
72
63
63
62
67
77
65
68
65
67
85
72
76
80
70
72
62
84
75
78
78
68
66
60
78
65
74
95
66
76
74
65
72
67
85
86
81
87
85
88
70
89
68
80
78
66
70
61
60
79
70
82
60
67
61
60
84
67
74
63
63
70
77
75
63
83
85
66
75
61
60
65
71
70
75
72
66
64
76
83
60
61
66
73
69
62
76
70
77
69
88
60
69
68
70
63
64
60
91
89
70
79
66
70
62
67
63
79
77
62
65
71
77
80
60
84
69
67
76
62
71
75
76
65
60
60
60
69
79
76
75
69
74
77
85
66
62
81
65
79
85
76
61
72
69
67
60
66
80
74
67
71
84
68
81
64
67
80
81
64
82
70
70
61
68
75
82
91
