63
60
73
69
67
76
64
74
70
73
65
67
65
60
60
68
68
60
77
77
62
73
71
68
79
64
66
72
71
85
60
69
68
66
75
62
66
72
68
72
79
73
84
63
66
72
68
69
67
66
72
78
67
66
70
68
60
66
75
70
64
63
65
63
67
66
67
65
73
65
73
60
78
60
62
71
61
73
60
65
64
73
66
80
60
73
71
67
74
69
77
76
72
70
78
75
65
72
68
71
72
71
71
60
71
77
70
73
60
77
68
71
62
70
70
60
83
64
60
64
67
83
66
73
74
65
66
73
79
72
60
60
74
78
65
66
95
73
65
66
62
60
70
69
67
61
72
71
73
70
75
69
67
66
74
72
60
66
76
77
65
62
66
68
74
62
64
66
70
62
80
81
73
69
71
73
60
64
73
69
64
76
72
64
69
62
66
60
79
65
66
79
60
85
60
69
75
67
69
60
62
60
64
69
73
71
60
85
66
64
69
64
66
84
83
70
68
73
82
64
65
72
74
67
69
72
60
61
61
60
68
69
75
76
73
77
72
61
63
77
61
62
70
86
76
68
71
75
70
63
72
79
70
63
77
74
66
68
60
70
69
61
62
80
60
60
73
67
69
63
71
69
66
73
71
71
87
66
61
65
69
65
62
67
79
67
66
63
64
