73
61
71
64
63
67
69
64
60
78
71
69
70
72
74
85
72
66
74
89
75
68
72
63
65
69
60
74
60
68
67
65
60
60
80
70
79
68
70
69
66
62
79
60
72
68
77
79
60
62
72
82
61
65
78
71
75
60
73
60
66
72
70
68
62
60
75
66
67
70
64
64
72
78
86
65
69
68
75
66
74
60
74
67
80
92
66
76
69
66
68
71
73
68
74
66
60
72
72
69
78
83
77
79
75
65
63
75
63
77
60
75
77
85
83
81
62
81
75
74
75
66
77
79
80
73
67
67
80
65
74
88
64
60
81
61
66
68
67
66
64
67
71
61
95
80
60
70
71
71
80
69
63
68
73
69
63
60
78
67
85
81
68
75
74
62
64
60
66
72
66
69
76
60
82
80
69
65
62
79
71
76
70
71
83
60
70
67
67
60
72
60
63
74
75
86
75
61
69
71
74
62
71
64
71
64
67
68
61
77
65
68
67
60
61
76
60
70
74
80
80
73
75
78
75
71
65
65
73
68
79
66
60
69
68
65
77
62
65
60
68
63
60
83
79
61
63
75
60
90
70
79
73
64
75
72
79
62
74
64
69
71
66
76
71
60
75
79
61
60
72
62
64
71
86
72
80
72
71
72
71
73
73
74
71
75
64
70
80
