66
72
65
69
66
70
70
74
65
84
70
81
71
75
78
60
69
89
60
66
60
72
71
83
60
78
68
86
64
64
62
67
68
83
68
60
65
65
65
75
68
60
65
79
65
74
77
72
60
67
85
69
87
64
72
73
72
60
61
63
80
76
61
71
72
60
68
77
73
70
77
67
70
80
66
69
69
76
68
85
64
68
76
70
81
67
68
67
77
78
77
81
77
80
67
60
60
70
61
78
62
68
60
64
68
73
80
81
77
70
84
89
69
85
92
76
89
86
70
77
67
63
69
74
69
86
65
72
60
73
71
75
70
82
89
80
71
67
67
73
82
70
83
82
65
71
89
93
86
66
79
78
80
72
83
82
76
60
77
60
77
73
77
70
79
65
70
70
70
80
68
70
84
65
80
60
61
70
83
84
86
81
64
75
76
80
66
70
72
60
69
70
65
87
69
78
68
84
60
66
62
62
69
73
71
66
70
88
62
81
91
74
75
84
77
69
83
77
84
95
69
60
85
76
74
75
77
76
66
70
74
82
80
92
71
70
64
84
79
63
68
78
71
74
76
70
63
64
78
74
75
71
80
61
71
66
61
76
74
67
89
89
76
78
84
70
65
63
74
65
70
81
68
74
71
65
77
71
65
63
84
67
63
66
75
60
72
60
75
