60
68
75
60
71
69
72
71
67
71
75
77
68
71
62
73
72
85
60
82
66
82
71
67
60
71
76
72
77
66
68
68
78
62
62
66
86
76
60
64
70
83
78
72
64
72
86
72
67
72
62
78
69
82
64
64
80
74
65
68
63
81
72
74
71
78
72
79
82
70
70
68
60
73
88
66
72
74
61
75
79
69
65
74
80
84
78
70
68
72
74
64
75
67
64
65
68
72
75
68
67
78
71
72
66
67
73
79
87
73
66
74
60
72
64
67
60
75
66
70
78
76
61
67
76
64
75
77
86
68
71
76
77
60
82
65
61
67
61
91
67
78
68
70
71
76
60
72
77
69
63
77
69
73
82
82
74
75
70
69
71
63
71
66
82
67
63
78
74
63
70
67
79
66
82
69
73
77
71
69
65
62
69
79
71
74
84
77
76
74
81
61
79
75
60
69
81
66
65
76
71
78
73
60
70
69
65
76
63
82
72
77
67
81
61
68
66
78
67
71
73
68
60
73
84
64
69
69
67
69
69
65
62
82
76
74
66
74
63
70
61
60
60
84
64
77
81
87
75
73
68
79
80
73
79
81
73
66
95
60
78
69
74
81
79
65
65
82
60
77
61
69
67
60
70
66
87
69
80
76
89
77
60
67
69
73
83
68
82
