60
78
67
73
67
67
60
67
66
60
72
65
79
84
62
60
74
63
65
61
67
70
62
66
67
66
65
75
60
80
77
64
82
67
81
85
60
67
68
75
71
68
85
69
70
84
74
81
68
75
79
82
69
84
67
66
71
62
68
69
62
74
69
72
83
71
85
60
72
73
75
71
60
65
70
65
72
66
60
72
61
73
77
68
75
74
71
72
81
75
79
66
72
60
81
66
62
61
66
63
64
62
62
87
72
84
61
65
60
72
64
65
84
82
69
66
63
71
65
64
83
68
63
75
63
70
75
68
72
66
69
87
67
72
85
70
67
60
75
73
60
61
78
70
62
68
83
77
80
60
71
85
71
77
68
69
72
73
65
73
77
72
67
68
71
66
71
78
62
69
64
77
95
73
60
79
68
79
74
64
85
70
65
68
66
82
63
71
71
67
67
75
68
74
69
65
60
63
75
70
60
76
76
70
69
72
82
72
76
71
69
74
75
63
60
75
82
63
68
94
67
78
69
64
84
72
67
64
82
73
80
73
84
78
70
77
82
60
82
67
92
81
78
77
81
83
60
74
69
77
71
70
70
60
74
68
70
69
65
63
78
70
65
65
81
69
78
77
63
86
65
75
68
76
75
60
75
66
62
74
65
60
86
78
66
60
60
72
66
