71
86
77
76
69
68
73
86
77
70
87
66
73
65
75
81
67
73
70
69
70
71
76
61
72
60
67
72
60
60
72
70
70
60
67
64
64
68
75
84
62
61
63
60
69
70
82
78
83
60
76
68
73
79
66
70
67
71
61
62
61
64
71
63
64
76
63
70
70
68
72
71
79
67
77
72
66
73
68
63
79
71
82
91
64
60
73
60
64
73
78
61
72
75
77
62
74
68
81
61
72
71
72
81
67
71
78
62
70
62
86
62
62
71
72
65
70
60
64
67
67
72
60
83
64
70
60
71
60
79
70
73
78
73
77
75
71
61
66
73
65
77
77
81
73
70
66
73
75
62
86
74
62
73
79
77
75
62
69
78
71
75
70
63
65
85
72
72
67
80
74
73
74
64
82
65
79
84
60
63
68
66
70
82
77
64
66
68
66
74
86
68
69
63
67
70
77
67
62
76
75
68
66
85
68
60
81
84
68
70
71
79
74
74
60
71
68
70
66
67
80
74
69
67
62
67
69
79
64
70
68
82
80
72
78
72
60
65
82
72
95
61
83
74
74
75
60
76
69
76
61
62
68
69
75
63
77
72
65
81
61
82
69
78
69
74
74
65
86
74
60
76
62
71
78
72
74
70
77
70
60
77
78
75
63
66
80
66
67
