63
64
71
84
65
71
63
72
82
70
78
66
75
77
68
84
74
72
69
81
64
74
79
70
64
86
71
69
81
71
78
77
80
85
81
70
89
79
79
79
75
85
70
87
78
73
67
65
68
62
82
72
80
94
64
70
88
86
69
78
75
66
73
95
60
72
62
83
76
75
73
69
79
63
82
63
61
68
70
68
77
63
64
79
79
72
65
79
69
70
75
63
69
65
67
90
61
60
76
79
81
64
64
73
79
69
62
68
66
76
75
68
69
65
68
84
77
77
87
75
78
71
69
67
81
91
82
80
74
73
60
60
65
81
73
81
76
64
62
77
83
70
73
70
77
71
81
85
64
70
69
85
74
83
71
69
74
78
86
60
82
77
69
77
82
71
86
70
77
81
60
81
60
75
69
75
61
73
76
73
68
68
71
75
71
74
72
82
66
73
65
60
74
67
66
82
86
64
71
85
71
70
67
72
86
84
92
81
75
60
64
77
78
70
71
79
75
71
80
93
67
68
83
69
61
61
75
75
71
61
74
60
77
75
72
60
77
60
80
76
76
77
62
69
82
77
71
78
63
82
85
67
67
63
67
66
82
68
77
65
78
82
71
69
89
71
60
74
72
74
74
66
67
93
68
60
82
72
83
73
72
68
60
66
68
78
68
66
61
