78
63
67
73
74
67
60
65
73
69
64
73
60
75
65
70
71
65
81
67
60
78
67
60
72
62
61
67
76
74
79
68
75
71
61
75
65
68
69
70
64
66
60
66
71
70
69
63
70
73
95
67
60
70
76
72
74
66
60
71
68
71
67
76
73
71
68
75
60
69
75
72
74
70
71
79
63
63
65
60
61
75
72
80
61
62
63
69
67
74
71
63
67
71
70
61
78
86
61
69
73
65
66
61
86
71
65
64
71
63
82
68
80
67
68
80
72
65
71
67
68
70
73
85
70
68
75
71
60
68
60
64
66
86
69
61
66
60
64
68
66
66
71
71
78
67
67
71
64
60
69
77
72
60
72
68
74
62
62
77
73
63
86
60
84
75
63
81
82
72
66
82
61
70
74
80
63
73
68
74
69
71
76
79
69
72
80
77
60
79
65
62
67
70
78
77
71
68
72
70
66
69
71
65
70
66
80
76
80
64
65
68
63
72
65
92
64
68
67
71
67
78
76
67
74
78
60
75
69
69
67
65
60
68
60
74
74
62
60
76
71
71
69
69
65
64
71
75
80
70
77
66
61
70
73
62
60
64
65
68
60
64
72
67
66
75
66
66
60
69
70
78
76
63
69
60
80
71
61
67
60
84
66
70
83
65
68
60
73
