72
68
77
64
60
89
88
63
64
70
60
71
60
83
66
67
69
66
63
78
95
72
79
84
90
74
67
87
73
71
70
64
69
69
75
75
69
70
67
74
86
75
87
65
67
69
76
60
62
92
90
68
70
60
68
63
89
71
66
64
77
78
84
66
61
75
63
72
75
81
92
63
80
71
72
71
74
69
81
64
72
74
75
73
74
84
70
60
67
73
76
77
74
60
82
80
77
71
60
66
69
91
63
82
68
67
84
64
71
62
80
67
65
73
79
77
74
79
79
68
70
65
65
66
73
77
73
74
65
80
92
78
60
69
60
69
73
91
69
84
86
73
66
74
75
71
86
65
85
81
81
65
67
81
70
70
82
69
79
78
85
76
76
65
74
78
69
78
61
73
66
79
73
69
70
66
65
80
67
68
73
76
70
74
68
67
62
76
76
65
78
76
72
72
69
78
78
68
82
93
66
72
61
78
74
60
89
72
84
76
73
75
61
62
64
70
70
73
78
71
64
69
90
61
66
74
76
68
75
73
71
77
65
62
77
76
65
75
82
80
65
79
74
65
67
60
67
94
74
79
66
69
88
71
66
89
77
86
60
65
88
73
73
64
72
61
76
67
75
70
75
71
74
71
79
68
70
60
69
72
62
61
89
66
78
67
74
67
65
