66
68
71
65
75
77
66
69
69
69
74
64
62
63
87
62
74
73
68
86
61
71
60
67
80
70
75
77
73
66
68
70
80
64
60
75
71
82
73
80
67
69
76
64
64
61
81
71
60
70
72
75
61
81
60
70
76
71
71
85
71
63
77
69
71
63
69
75
76
60
67
81
64
61
64
67
72
67
66
84
79
69
67
74
75
61
82
66
82
69
79
73
77
61
68
74
67
75
60
75
75
68
73
81
93
95
64
69
70
81
82
66
68
66
70
68
72
70
81
72
69
79
64
88
60
74
80
93
74
75
60
64
77
71
71
64
80
70
75
64
71
64
66
80
68
91
85
67
69
70
60
79
75
60
71
90
72
68
82
68
60
72
81
69
72
61
67
66
60
67
66
73
71
77
86
60
64
67
61
67
60
60
60
64
62
78
62
73
66
68
69
67
73
61
69
73
63
61
73
63
72
60
62
67
61
71
64
68
79
61
79
75
73
66
81
71
70
64
86
73
68
68
80
60
66
73
66
77
72
68
68
73
62
73
67
67
74
62
63
60
66
74
78
83
74
73
69
80
69
72
74
75
87
75
71
81
87
66
80
76
77
77
80
60
76
71
87
67
60
76
74
68
72
83
61
60
69
70
68
69
72
62
69
60
71
60
64
82
73
