60
73
61
73
73
69
64
66
86
80
64
67
65
60
61
71
77
78
81
64
75
72
65
67
65
65
88
65
83
70
70
61
66
82
64
70
87
71
69
80
87
82
71
67
69
76
63
85
70
75
70
60
67
77
66
85
78
70
69
69
71
60
74
64
76
70
61
86
63
70
72
67
67
65
83
74
67
81
60
63
65
62
75
73
70
65
71
62
66
93
75
88
65
73
78
67
60
64
78
93
74
62
61
67
77
63
64
66
82
81
61
64
70
90
65
60
60
79
60
63
73
77
71
79
86
83
60
68
63
81
79
66
66
60
78
60
70
74
78
89
74
61
74
65
74
69
75
76
79
68
69
69
73
78
60
68
84
70
65
66
78
94
65
64
72
72
76
67
81
67
83
65
70
62
62
75
71
69
66
78
74
76
60
77
76
77
61
76
95
67
60
69
71
68
64
65
72
67
69
83
74
70
71
88
60
69
85
73
60
71
74
63
63
60
64
76
73
67
71
65
73
69
74
71
69
66
76
72
69
73
61
72
76
73
74
66
64
69
81
80
80
64
75
90
79
72
73
67
71
60
76
60
77
70
67
66
60
84
74
68
66
75
84
78
68
79
73
70
67
79
75
71
60
65
80
72
82
79
69
70
63
65
83
79
68
69
62
90
63
