77
77
76
64
64
63
70
68
63
71
73
60
75
69
71
68
60
79
77
62
67
81
62
78
69
67
72
71
76
70
63
65
64
71
79
71
62
64
69
80
60
88
74
63
81
64
78
89
74
74
77
62
76
68
79
74
80
71
76
62
62
74
68
64
76
65
64
75
62
75
81
78
78
72
60
81
80
65
73
65
75
64
60
88
60
63
85
80
74
65
71
73
69
77
81
77
82
70
68
79
86
84
70
78
61
77
72
70
83
77
73
66
64
75
70
79
66
63
81
60
76
78
81
78
74
95
60
79
60
73
75
88
70
65
60
73
64
60
67
69
63
67
65
78
64
75
86
62
61
66
80
74
78
80
68
76
69
70
78
60
63
75
68
84
74
62
68
67
77
74
73
69
77
64
68
69
84
60
86
70
78
73
78
69
67
78
72
78
77
62
62
74
80
72
85
80
71
69
72
79
76
72
63
80
78
66
72
67
77
86
73
82
63
78
76
60
67
89
69
78
76
73
73
61
68
68
65
60
80
83
65
61
76
77
66
73
79
60
81
63
81
64
81
68
62
63
71
74
71
92
68
72
64
79
87
70
69
63
67
66
66
68
88
63
65
65
69
80
73
60
72
75
63
68
74
73
79
92
74
76
81
68
68
76
70
74
63
72
64
