60
66
80
75
62
82
75
69
66
68
70
67
79
64
66
61
74
63
60
68
65
85
62
73
82
66
90
73
72
84
86
83
66
62
61
65
60
73
84
61
72
84
69
74
69
78
82
60
72
66
76
82
75
64
68
67
79
83
74
74
65
65
84
69
60
65
69
66
86
87
66
75
73
71
78
78
64
60
62
68
83
60
67
65
71
81
69
74
94
76
73
83
70
88
64
68
65
83
70
66
65
66
82
72
65
83
65
60
79
76
71
82
68
74
73
66
75
82
60
71
70
83
69
92
74
61
68
77
73
69
71
66
66
76
60
61
79
69
64
64
62
71
74
72
79
77
61
65
81
60
68
75
68
71
80
73
75
62
65
75
94
61
84
64
74
61
68
65
78
83
62
78
71
71
60
60
67
72
63
62
73
70
70
82
67
60
71
62
66
81
89
80
76
72
82
79
76
60
60
69
61
74
87
82
62
83
62
65
69
69
64
89
63
78
78
60
60
73
71
73
87
78
70
81
67
69
95
66
67
68
73
68
64
79
74
80
63
64
80
82
73
74
72
85
65
72
81
84
74
60
75
84
82
67
67
74
64
74
73
80
65
69
60
68
60
62
70
61
62
69
73
74
65
73
61
67
60
71
65
82
76
87
73
91
65
67
74
74
62
