62
63
72
68
83
77
78
77
67
65
74
72
78
72
60
65
82
73
69
65
68
75
64
86
68
64
69
60
63
60
73
64
62
60
87
68
84
60
71
79
66
74
75
71
61
64
65
67
70
75
76
70
61
61
68
78
78
74
72
76
67
79
64
60
61
70
76
69
76
71
72
72
72
60
69
67
60
81
66
71
79
72
64
71
75
72
66
70
66
67
62
60
67
79
73
66
77
77
60
71
70
62
60
67
79
72
75
72
66
66
71
95
67
67
68
63
65
71
70
74
68
74
72
80
66
61
84
64
72
74
65
62
76
74
75
64
75
64
63
64
82
74
62
74
71
70
77
75
75
63
62
74
71
70
76
76
66
82
66
69
68
75
88
65
73
82
74
67
71
64
68
80
80
71
68
69
68
80
69
78
71
66
77
81
74
75
68
70
71
65
82
77
64
67
67
67
77
60
65
72
61
76
74
60
71
75
60
79
69
65
75
62
69
72
60
69
60
78
70
66
65
79
70
70
71
73
63
73
64
75
70
70
89
72
60
60
76
81
68
61
73
73
67
60
82
71
67
72
77
72
60
77
69
78
68
89
76
65
62
61
72
64
70
67
60
82
77
74
66
60
70
74
68
64
74
71
66
60
74
72
77
79
66
64
62
90
73
68
80
