60
77
82
81
65
65
62
65
70
64
73
70
60
63
78
60
65
69
62
85
85
64
72
72
74
81
63
82
77
74
77
74
61
73
75
70
80
68
60
62
75
60
77
64
77
61
60
63
67
82
77
67
71
60
63
70
69
79
61
71
69
71
72
93
66
71
66
72
76
84
67
78
70
81
78
76
60
72
66
71
64
80
80
67
65
85
63
74
62
70
73
83
78
67
69
84
86
94
76
74
88
73
74
61
63
72
69
60
78
66
75
68
71
66
75
69
60
72
69
73
89
70
65
77
65
65
65
67
60
77
61
60
75
75
69
69
81
69
69
70
75
69
69
72
70
77
76
78
73
81
67
63
60
81
73
72
71
66
74
77
60
95
63
64
90
91
89
81
67
85
73
77
77
71
71
79
74
73
70
85
68
66
70
76
72
77
82
75
68
68
72
71
64
60
67
72
72
70
69
61
66
76
62
68
74
68
65
77
75
70
66
81
66
83
72
70
76
62
76
75
66
69
87
77
66
68
79
75
68
74
64
71
69
84
79
76
60
67
61
80
80
74
61
82
60
71
75
77
65
70
79
70
69
80
64
80
67
79
71
62
60
69
78
60
70
82
60
68
72
66
63
61
83
66
83
60
62
64
80
76
64
74
72
79
72
70
62
89
67
