78
74
74
88
71
78
68
62
60
78
65
85
92
60
74
72
68
66
60
71
60
79
66
68
63
75
60
60
70
78
62
73
62
76
83
65
67
66
64
71
67
85
75
81
70
81
68
70
65
69
60
68
78
80
80
80
64
70
77
71
73
77
60
63
72
62
70
65
65
68
67
67
67
69
66
64
74
83
75
60
72
78
67
71
72
68
73
76
68
70
77
65
73
71
72
70
67
74
67
71
76
69
64
79
69
76
71
67
65
67
60
66
67
95
60
62
62
60
73
81
62
73
75
62
76
68
70
72
64
73
72
79
72
85
66
78
66
76
65
73
87
60
86
62
76
70
71
71
70
69
63
62
76
68
86
76
68
78
68
78
69
74
73
73
77
73
71
65
72
61
73
81
74
82
63
80
80
69
76
70
67
60
79
74
72
71
64
63
72
78
65
86
72
60
73
82
69
69
72
89
71
70
71
72
62
83
77
60
73
66
73
66
74
77
75
87
63
62
64
66
64
63
88
70
91
69
76
73
64
70
70
72
71
64
64
74
67
68
62
66
77
69
78
77
71
70
74
70
74
73
64
70
60
69
69
60
75
60
70
60
64
65
72
65
84
62
72
78
69
85
67
66
71
68
64
68
73
72
71
78
84
60
70
72
70
76
69
84
60
