70
64
75
64
75
67
66
79
76
79
70
63
63
60
84
65
70
70
66
67
74
69
71
64
68
61
70
78
84
61
67
60
66
64
62
61
62
60
67
68
61
62
73
75
63
87
88
65
68
64
84
77
70
73
65
66
72
75
81
77
66
73
71
82
67
75
70
74
67
81
70
71
73
64
69
79
68
69
66
74
63
77
64
66
73
65
67
77
68
64
73
65
67
60
61
69
63
79
64
60
67
68
76
68
72
78
69
69
73
75
70
65
66
70
73
64
73
66
77
65
72
69
86
69
95
70
61
72
68
74
60
73
68
74
65
83
72
60
73
62
66
87
64
70
74
66
61
64
68
70
80
66
66
85
72
79
68
65
76
72
66
68
62
67
60
68
91
78
69
63
60
64
81
63
69
64
77
66
69
66
61
78
60
74
61
70
65
70
60
75
60
68
66
70
74
77
64
63
69
63
63
80
81
69
79
73
66
65
78
60
77
74
61
68
82
66
60
68
63
77
65
72
65
85
85
60
70
75
76
64
79
77
70
71
66
70
67
72
70
64
65
68
60
72
67
76
66
81
63
75
61
64
81
71
73
67
65
78
69
63
64
70
65
72
63
75
64
72
77
74
72
60
60
79
70
68
65
76
73
64
60
71
70
68
68
78
70
77
62
