67
73
70
76
79
69
70
68
61
70
63
63
75
67
70
61
60
66
65
61
82
67
68
73
62
60
64
65
61
74
77
68
73
79
80
69
68
73
75
78
60
77
66
64
89
73
60
64
70
89
60
79
78
70
60
74
67
72
69
63
64
72
66
63
65
69
62
86
77
69
78
67
84
70
65
75
70
64
64
68
68
71
64
65
73
65
84
70
68
67
65
62
66
62
65
62
62
76
74
80
75
81
60
81
68
66
83
60
64
65
88
68
70
77
64
76
74
60
72
73
61
79
64
70
71
64
75
61
77
67
72
66
64
67
75
66
72
65
71
71
68
73
61
70
76
69
85
74
62
78
74
70
78
73
60
65
68
62
65
64
74
66
65
67
72
72
61
67
75
67
71
73
79
60
76
70
70
71
80
69
68
78
70
79
60
61
76
78
67
70
62
63
77
77
71
78
71
60
78
65
69
66
67
74
74
64
60
68
68
65
72
80
74
78
75
71
92
73
73
60
63
78
80
72
73
76
69
66
83
60
83
74
71
67
71
66
78
65
76
75
63
77
67
60
73
68
64
71
64
70
90
69
95
68
74
68
67
64
69
82
74
62
67
67
66
69
60
79
71
82
69
71
82
71
63
76
67
87
72
75
66
64
79
68
80
63
64
69
73
