73
62
67
73
70
70
66
67
74
63
65
68
66
95
69
71
61
73
65
66
64
69
68
67
73
73
73
81
77
65
69
60
65
70
63
60
70
63
76
69
80
67
66
67
67
64
77
66
68
70
68
67
70
73
65
70
71
63
71
60
70
72
60
66
69
74
62
61
65
64
68
77
60
67
71
66
76
65
74
64
72
60
68
65
62
66
61
64
66
61
62
68
68
62
70
74
71
77
74
71
70
71
62
69
68
69
60
62
60
77
64
65
67
63
78
62
62
71
69
64
80
66
64
67
66
63
70
75
72
70
72
62
68
61
60
72
73
66
61
63
61
68
69
63
64
60
68
68
80
60
60
69
77
61
72
69
65
60
66
60
66
74
66
71
67
64
66
70
71
69
64
64
68
66
73
70
66
74
67
64
61
76
67
60
66
67
73
65
61
62
74
72
75
63
70
64
68
62
64
69
67
66
62
60
66
72
65
64
71
68
60
60
75
65
65
73
63
70
60
63
62
62
73
74
70
67
79
65
72
63
68
76
70
69
60
69
72
62
63
68
68
67
61
70
69
62
66
65
68
65
65
63
73
62
66
67
71
61
72
62
67
63
69
65
71
68
66
70
70
75
61
74
69
72
69
65
68
64
62
62
73
60
73
70
72
73
71
73
66
