67
70
76
63
76
78
60
62
60
78
66
76
66
68
64
83
69
89
66
71
85
61
75
68
60
74
73
73
65
72
71
70
68
61
73
60
70
66
73
65
65
69
65
63
80
61
68
64
72
70
74
69
71
67
65
73
68
67
63
79
62
75
69
67
67
62
68
72
69
78
61
78
72
79
64
64
76
76
68
75
67
84
64
69
70
69
78
62
70
72
60
73
60
76
77
71
69
60
75
75
60
72
77
83
84
75
64
74
71
79
70
67
71
63
72
74
69
73
67
61
68
70
60
65
73
60
60
68
78
66
64
65
72
71
73
62
67
60
62
60
76
65
68
67
71
72
65
64
66
63
69
66
76
73
65
66
70
66
77
65
60
60
65
66
65
72
79
74
74
70
62
65
78
72
65
67
73
70
67
76
72
65
75
66
60
71
67
66
66
62
62
67
65
60
67
71
60
83
69
74
64
72
60
61
65
74
95
60
68
73
60
70
69
73
67
65
79
61
66
67
60
70
73
70
64
67
75
68
64
69
68
60
67
70
67
66
70
65
72
75
71
78
64
66
76
78
74
66
75
65
67
72
67
83
70
65
68
74
66
74
68
74
71
72
71
63
66
70
71
62
63
70
71
69
83
68
77
73
80
74
61
60
63
74
66
73
71
68
64
