78
75
65
80
66
68
62
60
73
78
80
69
60
68
64
77
67
80
66
71
88
73
67
60
67
71
72
70
84
64
65
77
67
85
71
66
69
79
82
74
76
72
71
65
87
77
76
68
75
78
77
72
81
83
78
87
84
67
63
64
61
60
64
77
74
78
69
73
75
74
67
63
79
66
88
75
88
74
79
76
63
69
75
79
68
66
82
62
60
87
87
66
64
61
77
76
60
61
69
73
80
70
79
65
85
77
72
76
71
65
65
74
89
66
82
82
76
71
64
75
72
62
68
80
81
76
67
82
82
66
67
86
71
64
76
80
71
78
70
70
65
65
78
76
75
76
77
81
63
95
61
87
66
89
71
83
73
71
82
64
66
60
72
75
74
66
62
65
61
74
71
68
63
75
63
60
60
67
67
80
77
68
74
79
69
63
81
74
61
86
73
61
78
76
70
68
72
78
60
72
66
75
74
79
87
71
72
74
74
72
72
68
76
62
75
82
74
74
89
61
71
69
68
62
62
83
63
73
62
75
78
68
84
75
82
76
71
66
61
69
61
60
79
87
73
69
62
65
74
66
64
67
70
83
60
73
60
73
72
62
62
65
63
71
82
85
60
70
60
66
65
60
72
76
69
79
60
63
60
82
73
61
74
85
78
71
78
80
62
