60
66
79
62
89
68
64
73
67
75
85
76
72
73
77
75
61
68
67
86
81
72
69
62
79
73
64
78
60
65
69
69
77
71
67
72
60
68
87
62
85
66
77
65
84
76
71
73
67
62
71
78
77
62
84
77
65
64
68
63
62
75
94
69
60
62
85
73
74
74
75
69
60
79
61
69
65
79
68
69
70
66
78
60
75
76
78
71
78
85
66
81
79
82
63
67
72
75
74
68
71
71
75
64
80
65
69
62
60
64
70
60
78
93
69
79
78
82
83
68
60
69
69
85
62
67
69
65
75
64
73
75
66
67
68
68
66
66
68
63
69
60
66
63
80
80
60
77
77
67
66
75
73
76
69
66
73
70
76
83
61
73
60
69
73
69
74
82
70
67
64
70
69
63
60
70
81
61
68
67
65
60
71
60
68
84
67
67
68
61
62
64
85
64
75
62
64
79
60
66
61
72
68
63
60
64
76
60
75
67
75
71
73
79
67
73
63
83
68
85
73
61
67
73
78
61
64
61
75
89
74
75
66
70
70
75
66
77
61
71
73
69
73
64
76
67
65
76
62
67
64
78
70
78
61
73
78
77
89
76
66
67
69
68
77
64
68
69
75
87
64
82
75
84
64
67
67
80
72
64
95
66
67
65
77
78
62
78
72
