77
81
65
89
83
64
60
66
61
79
85
66
68
86
61
69
60
73
76
71
64
67
76
75
69
69
78
74
61
72
66
67
60
83
80
76
67
70
60
69
60
73
76
76
67
67
77
72
67
82
73
64
63
64
81
76
74
84
82
84
66
68
69
61
83
73
76
86
60
71
75
70
64
66
67
72
72
71
79
62
81
68
75
73
62
81
74
64
77
78
67
69
76
75
70
70
66
73
66
86
64
71
70
82
85
60
74
76
76
75
83
74
78
60
65
79
80
68
61
78
78
75
70
60
92
66
79
64
64
67
70
62
83
70
82
71
67
70
83
60
76
74
65
65
81
81
67
69
69
71
66
65
60
85
75
69
70
71
70
68
86
74
84
76
95
79
60
81
77
74
60
82
81
69
78
74
75
77
71
86
65
67
81
69
72
67
62
67
78
65
65
68
75
75
62
68
62
67
71
82
73
65
81
62
68
65
81
63
79
77
85
78
86
66
81
79
65
67
71
71
64
74
84
60
75
74
78
75
73
78
74
70
75
65
61
60
74
79
74
73
60
81
74
72
66
68
76
61
71
71
66
80
70
82
72
69
64
76
69
73
65
91
65
60
72
63
71
67
60
81
66
84
66
79
82
85
68
66
60
73
72
76
84
75
73
71
60
67
65
