72
67
81
65
71
69
80
66
71
68
71
70
68
76
81
75
88
67
67
71
65
63
69
68
75
72
78
75
77
64
68
78
68
67
70
68
64
62
66
71
61
81
86
75
66
61
60
66
67
71
79
78
65
66
91
62
80
71
64
65
81
67
78
84
76
65
67
69
73
61
67
77
63
64
67
70
60
67
64
75
63
68
65
81
81
68
83
73
80
60
66
71
76
60
67
70
60
71
78
68
74
67
72
77
72
61
69
70
75
74
66
79
61
77
71
73
76
60
72
87
62
63
68
65
81
73
64
64
68
67
60
63
66
60
62
67
67
71
78
75
77
66
77
72
81
78
72
62
69
75
66
77
66
64
75
64
78
70
83
72
71
77
60
74
63
63
78
60
72
64
69
60
91
78
72
64
63
60
79
84
73
68
65
70
75
64
67
67
78
64
79
71
78
68
70
72
62
64
62
74
70
68
65
70
72
64
73
72
72
80
74
81
61
66
67
70
71
77
72
71
64
69
71
67
70
67
60
68
71
68
77
69
73
73
68
76
75
68
85
70
64
75
70
74
75
87
69
76
76
81
81
77
79
73
80
75
64
71
75
68
77
79
69
82
66
65
75
73
75
66
80
71
80
61
76
95
79
72
61
69
68
71
71
65
62
71
75
60
85
