60
72
66
81
65
86
62
82
79
62
66
93
76
72
78
75
65
81
73
70
69
77
77
65
79
76
76
65
78
60
85
61
69
69
67
66
77
60
77
77
65
62
89
67
72
69
63
95
87
61
84
78
61
60
69
83
61
69
73
76
85
78
93
72
60
63
88
72
68
88
80
67
72
67
82
79
72
67
60
74
66
61
65
82
72
73
70
62
82
77
79
68
67
65
66
77
87
66
86
75
80
78
72
66
73
81
71
76
79
62
60
71
72
79
70
87
71
66
70
65
63
70
67
64
69
84
72
84
63
61
77
68
65
71
60
71
77
60
82
80
77
76
61
81
71
73
79
71
76
75
64
68
69
73
69
80
72
67
89
63
66
81
83
89
73
68
60
66
81
61
79
65
91
68
87
70
70
68
79
64
75
77
60
70
69
81
61
66
75
67
62
82
70
76
69
87
73
84
73
68
86
68
60
81
70
78
74
77
91
63
68
77
83
86
71
64
68
87
64
81
67
66
65
60
68
61
80
60
72
62
85
81
65
79
65
77
71
70
72
69
60
66
71
70
85
88
63
69
65
81
82
67
89
70
68
68
66
78
60
76
60
70
60
72
75
66
84
60
76
60
61
67
70
69
90
80
67
71
67
70
64
73
60
70
72
70
71
60
60
