66
85
73
78
63
73
62
76
70
69
75
76
79
64
69
77
69
67
65
66
68
65
73
84
72
73
90
67
72
68
85
75
70
84
65
67
84
80
80
60
65
60
73
83
70
73
72
76
80
76
66
66
79
70
60
60
72
68
75
85
68
63
74
91
78
70
68
67
63
75
87
62
67
69
78
68
60
70
67
69
62
68
85
67
67
78
68
63
60
74
68
72
60
70
78
75
67
62
83
80
80
74
70
68
83
69
75
69
75
61
95
78
74
70
78
77
80
72
70
66
60
74
67
72
87
65
68
63
64
82
60
77
69
82
67
67
80
76
68
76
67
65
78
67
66
65
61
66
67
62
72
67
82
70
60
61
73
81
61
60
64
60
75
79
74
69
67
65
75
63
71
68
71
71
69
60
67
65
75
75
78
71
69
70
60
92
73
63
66
75
65
81
68
60
71
66
76
82
67
68
63
65
65
60
66
67
63
63
63
80
78
87
70
60
77
60
68
60
68
77
83
61
90
60
79
87
60
61
68
65
69
68
77
70
60
73
75
74
72
68
82
80
79
73
63
86
64
73
75
66
68
73
87
64
61
63
65
69
63
88
69
66
73
68
79
71
79
73
69
73
68
69
81
76
83
78
73
80
72
74
73
66
67
72
72
64
71
69
68
