71
62
73
71
78
81
78
65
71
60
89
64
65
77
66
76
74
71
80
66
63
71
73
72
68
78
75
72
68
70
72
78
60
78
69
61
63
65
69
66
70
86
83
62
66
68
67
61
67
83
73
76
85
76
60
75
81
71
60
66
64
86
77
60
68
67
66
67
70
66
69
60
67
69
60
79
68
83
77
75
78
67
72
73
67
82
67
91
85
62
69
77
76
70
95
70
72
63
81
61
78
83
66
67
72
78
76
81
70
81
94
80
65
69
69
78
63
69
60
63
70
76
75
60
80
65
67
81
62
79
61
79
77
60
64
69
73
76
76
69
72
83
73
86
71
88
71
74
68
67
73
66
70
73
78
70
60
69
72
66
64
76
60
72
72
64
78
72
70
76
70
65
68
71
72
70
65
70
65
68
67
62
60
61
85
80
72
69
70
63
63
72
65
67
73
73
81
78
60
75
74
67
77
67
81
71
84
70
72
71
77
77
75
81
68
75
63
77
72
70
79
67
83
77
77
80
65
65
63
84
75
69
67
71
75
76
79
85
74
73
63
82
78
70
84
75
67
72
74
61
73
69
82
81
75
61
70
80
79
76
78
64
64
60
73
67
67
74
71
77
74
81
67
74
65
71
63
67
66
78
76
72
60
61
63
71
72
78
71
