61
62
60
65
71
74
60
67
61
65
76
77
73
60
66
71
73
72
62
76
76
72
86
79
60
68
84
70
69
63
61
60
73
66
70
75
62
66
73
80
63
72
79
80
73
68
70
67
70
81
71
73
60
73
80
75
69
68
71
68
66
83
62
83
83
76
82
65
76
71
77
84
63
71
63
60
63
67
72
71
63
64
63
76
66
67
67
72
67
78
63
75
72
76
67
69
60
63
72
69
69
62
71
62
68
72
71
65
76
75
73
68
76
88
60
72
85
69
68
78
77
67
81
81
66
78
88
68
65
76
71
60
65
60
70
62
79
75
73
70
74
79
67
65
81
80
69
71
71
65
77
88
74
64
60
78
75
74
64
74
61
72
79
80
64
64
72
71
75
68
80
63
66
67
76
72
62
60
70
71
67
63
70
71
60
62
67
71
69
66
81
74
80
69
62
76
75
89
80
76
62
88
75
71
78
73
70
80
72
67
66
61
60
81
86
61
78
88
74
79
66
88
60
61
69
70
74
70
74
75
61
72
80
67
76
81
65
68
61
60
83
70
65
78
84
61
72
69
66
67
68
76
70
81
74
74
72
66
76
70
92
84
79
68
75
69
63
69
60
60
60
65
69
64
73
85
60
78
60
95
71
74
63
65
88
85
68
75
81
