66
60
64
76
69
63
66
65
74
69
66
61
64
65
65
72
69
70
63
69
72
63
66
74
64
72
61
69
72
68
75
63
60
61
64
60
64
76
72
67
76
67
69
68
62
74
64
63
73
60
60
64
74
66
72
74
64
76
66
68
78
61
92
65
70
67
61
60
67
65
65
65
69
68
68
70
67
69
69
74
66
73
66
61
63
63
63
67
65
76
72
62
61
63
78
76
67
68
64
71
69
72
74
67
66
72
64
66
74
73
65
67
65
68
65
60
75
60
77
66
67
66
76
65
62
63
63
67
65
63
65
69
72
69
75
81
67
79
67
63
68
66
62
69
69
65
60
67
66
68
64
73
66
66
65
63
68
63
64
65
70
64
62
70
65
75
65
70
65
73
71
70
65
70
73
66
75
75
60
69
81
72
79
68
68
60
68
74
73
73
67
64
78
64
69
71
67
60
63
67
64
60
72
61
67
62
60
62
64
72
68
61
81
65
73
74
71
67
76
67
95
64
63
64
67
61
68
63
74
60
70
63
63
66
65
81
69
72
67
71
61
67
69
62
66
85
63
66
68
72
66
65
64
64
68
66
63
64
60
64
72
63
68
67
79
68
69
69
74
75
72
62
60
76
66
63
68
77
67
65
62
71
69
67
60
81
62
64
65
