74
63
66
62
68
68
60
65
60
66
65
73
66
75
66
75
60
61
74
69
75
65
60
62
75
64
73
82
60
61
72
66
73
68
60
73
69
65
72
80
68
70
76
64
71
69
65
85
73
60
60
67
64
70
64
73
63
76
69
82
61
70
73
70
71
60
60
65
74
61
67
71
65
61
79
67
60
68
75
74
67
60
70
66
62
62
69
66
73
60
75
60
76
65
60
63
60
75
67
83
83
62
63
74
82
64
66
61
63
65
64
62
66
66
66
74
64
77
77
67
72
62
70
78
66
80
67
61
75
72
84
75
78
66
68
77
64
72
64
66
60
67
71
75
65
83
65
70
73
70
68
69
62
60
66
66
75
71
75
78
76
60
68
69
67
60
68
75
65
69
77
76
77
75
80
74
70
77
82
75
80
79
60
70
74
78
67
68
64
67
68
71
67
68
62
65
76
75
68
73
68
68
60
61
61
95
81
93
71
64
64
76
80
65
65
76
74
85
63
60
64
77
67
65
67
60
71
73
60
71
70
63
66
75
69
80
60
68
71
66
61
68
73
73
70
72
71
69
77
62
68
76
80
66
60
67
68
62
62
64
83
67
68
87
62
70
72
71
81
69
66
67
75
72
69
72
79
62
60
79
66
63
67
63
69
64
64
63
74
