72
80
68
61
74
70
63
64
74
63
72
82
65
75
69
74
62
73
74
70
73
66
65
66
70
70
81
70
66
60
66
70
75
66
72
69
73
61
79
68
71
70
74
70
61
67
67
69
70
64
69
77
79
65
77
66
73
63
68
83
79
67
64
74
80
73
80
60
66
63
70
64
76
69
72
70
66
62
71
74
77
75
63
73
64
65
67
66
63
74
69
68
67
76
68
64
61
62
69
67
72
72
78
79
75
61
72
65
73
60
67
65
64
61
60
72
73
60
71
68
75
67
63
66
79
83
71
68
67
62
65
67
60
60
75
66
79
66
70
61
68
78
63
62
73
75
62
64
77
73
70
60
80
68
60
73
73
63
74
67
75
60
61
64
61
73
68
72
74
70
68
70
77
72
76
78
66
65
68
71
62
60
85
85
67
65
78
63
64
61
60
72
73
68
67
81
61
69
95
78
75
64
71
78
72
65
78
86
72
68
62
70
65
65
82
62
64
66
65
79
77
65
61
66
77
68
72
65
77
66
65
77
65
76
77
71
74
70
64
75
63
63
70
74
63
66
76
70
66
71
63
62
71
72
73
72
67
75
68
75
65
62
86
80
73
72
71
68
61
73
79
66
81
68
68
69
75
65
78
73
75
66
88
61
63
65
69
64
76
