67
69
70
71
70
63
72
61
63
71
70
68
66
76
80
78
71
61
70
73
76
73
67
73
73
63
62
68
65
75
71
76
95
72
76
68
73
60
70
66
70
66
83
66
64
60
77
81
61
67
72
77
77
70
60
66
66
87
63
70
65
77
60
68
67
80
75
83
71
75
76
88
64
89
75
72
70
78
73
61
65
79
74
69
63
74
76
75
81
76
68
75
78
66
89
62
64
62
67
65
71
60
70
68
78
82
70
83
78
92
71
76
61
65
79
68
83
80
63
80
66
60
70
86
75
60
83
68
62
73
66
69
62
85
73
66
60
75
77
69
64
71
76
79
67
66
70
75
67
66
64
72
73
71
82
74
76
70
75
71
75
67
60
73
63
69
66
81
73
70
74
73
60
72
71
61
75
78
61
80
65
67
71
65
64
77
86
68
79
78
66
65
73
66
60
73
69
77
75
71
63
62
72
79
75
63
67
70
76
82
73
63
75
61
64
71
60
79
61
79
74
60
76
65
67
69
60
73
74
70
67
60
60
63
85
66
71
65
70
70
68
72
81
69
61
66
69
65
63
70
67
67
68
63
63
70
73
67
81
60
71
74
60
67
63
76
74
60
76
73
72
80
69
60
61
74
69
84
61
62
84
60
68
76
69
69
73
66
71
