72
66
69
75
88
73
61
83
63
86
78
66
63
72
70
90
76
77
64
79
79
79
66
69
85
71
81
70
66
85
76
80
70
69
62
76
68
75
67
68
78
81
71
86
79
68
67
81
78
87
67
81
89
79
66
75
66
72
65
71
82
60
60
73
74
84
73
66
63
67
81
86
68
70
68
65
75
66
79
69
70
68
77
79
60
77
85
80
79
78
71
85
62
66
79
71
74
74
65
60
70
60
71
67
82
85
66
73
80
83
68
70
60
70
65
76
67
64
60
60
65
60
75
71
69
71
71
69
73
76
72
61
75
76
64
63
64
85
74
84
79
74
65
79
61
78
65
63
60
60
76
74
82
71
65
85
67
65
69
72
69
79
68
67
73
82
62
60
75
66
79
68
80
81
65
76
70
82
64
69
71
78
85
60
72
60
64
75
75
60
86
66
95
76
67
83
78
72
80
67
60
69
71
63
82
64
65
61
69
79
70
71
63
75
67
60
77
71
67
64
80
61
81
67
82
70
64
71
68
76
73
75
68
78
60
74
63
67
74
64
91
94
84
71
71
71
88
78
73
78
77
91
80
72
71
72
65
65
78
73
63
70
79
73
61
74
70
80
62
65
71
71
72
60
69
86
61
85
78
63
60
69
67
78
63
90
61
74
65
