80
60
77
66
63
72
68
68
72
70
62
60
68
75
68
66
79
62
66
86
69
74
74
68
64
83
73
67
76
77
60
68
71
74
72
68
70
78
71
66
67
74
75
72
69
71
75
60
69
80
63
69
61
85
71
69
77
71
72
70
74
83
71
65
74
64
82
74
63
63
73
64
77
61
68
88
68
70
75
71
65
60
75
70
65
66
70
76
69
63
67
64
63
80
88
70
66
74
65
77
67
69
74
67
68
66
69
84
65
61
64
67
74
82
76
73
62
64
67
66
73
80
68
63
67
81
85
64
65
74
71
73
86
74
70
70
68
60
70
75
68
66
64
75
65
73
76
82
69
68
65
76
73
83
79
76
70
84
68
72
73
70
64
64
62
70
76
70
79
71
83
61
83
80
69
70
76
66
66
70
84
73
61
61
62
74
62
75
60
67
80
62
77
74
71
75
86
60
72
81
67
64
76
77
70
71
75
61
71
72
67
80
85
95
82
63
70
78
73
60
60
71
82
60
77
64
71
77
77
65
71
70
73
62
63
68
65
81
67
60
84
70
66
60
63
74
76
67
60
86
90
72
71
70
83
76
65
66
73
64
77
67
73
64
71
60
84
60
63
71
87
77
81
79
66
62
72
72
71
74
64
73
81
68
70
84
71
70
60
