73
65
72
64
61
69
79
72
73
69
66
64
69
74
70
68
62
74
66
66
65
69
65
79
70
73
69
65
67
61
66
68
70
80
70
60
60
69
67
76
60
63
73
71
77
68
60
70
74
76
76
79
70
67
71
64
67
65
75
75
70
63
66
83
63
78
82
71
78
73
67
74
72
69
72
63
67
78
72
75
74
72
76
95
67
65
70
71
77
67
61
64
90
83
74
81
71
60
76
67
75
64
66
62
76
73
80
87
76
65
64
60
73
79
74
60
79
60
79
68
72
74
79
64
71
81
80
66
83
79
66
69
71
81
75
74
69
79
73
66
73
63
75
67
74
75
68
73
62
61
76
69
72
80
76
73
66
68
66
69
73
60
66
77
76
67
78
76
76
76
66
67
76
69
70
63
60
72
60
61
75
66
67
69
77
75
66
73
68
71
70
67
76
77
63
63
84
65
79
70
80
66
64
61
61
88
66
72
69
72
76
74
69
60
82
64
76
71
69
62
63
65
80
64
70
68
66
65
71
69
68
73
62
66
71
68
77
75
74
79
77
64
80
74
82
60
71
65
73
67
67
68
69
82
70
75
75
64
64
68
74
78
60
79
82
78
75
60
67
67
67
81
75
61
71
73
71
68
60
63
63
80
72
76
60
66
77
65
81
