88
72
84
82
65
76
71
66
70
67
66
77
82
72
75
70
73
74
67
88
75
79
77
69
67
69
71
61
61
63
81
67
68
61
60
72
83
62
65
90
67
67
62
80
60
75
64
72
68
68
68
69
62
73
63
67
66
77
67
68
74
70
72
76
65
73
65
81
63
73
70
60
75
69
80
68
62
60
60
76
67
60
71
64
70
63
84
65
66
83
80
79
66
63
63
72
68
64
71
64
61
68
65
78
63
69
66
68
63
74
75
74
64
61
65
71
68
74
77
71
62
66
73
66
64
60
61
60
82
65
71
70
65
65
60
66
62
62
65
80
80
68
61
70
65
68
74
64
67
78
77
75
62
70
77
60
74
74
67
82
64
65
75
74
80
60
65
72
72
66
74
64
69
70
64
65
70
70
67
72
65
67
95
71
72
73
63
60
83
67
67
73
60
71
71
69
62
78
60
68
65
70
75
79
60
69
66
79
74
66
69
69
66
65
63
66
72
61
68
66
63
70
75
61
64
75
64
69
75
71
60
65
68
79
69
63
63
69
69
63
86
72
72
75
66
70
60
87
80
69
87
77
68
60
65
84
60
74
60
66
60
77
69
66
74
76
63
85
69
74
66
72
69
74
73
72
64
66
79
76
71
66
76
82
62
69
77
73
70
