69
66
81
75
74
60
71
67
60
64
87
68
66
64
72
81
64
70
67
70
85
64
64
74
72
66
61
63
80
85
72
66
64
63
79
71
86
75
75
66
74
85
70
70
64
79
70
65
66
76
69
60
67
78
74
70
74
72
76
63
73
60
76
80
60
68
60
71
79
67
65
66
66
73
72
70
72
67
67
71
66
78
60
70
60
87
77
70
64
88
79
83
62
69
82
60
87
73
65
70
62
83
66
71
68
81
63
83
65
74
69
67
71
83
61
69
74
69
71
83
62
70
66
65
69
72
76
69
83
72
75
68
60
60
69
63
78
74
84
79
69
75
73
71
60
95
73
62
72
60
80
81
73
73
75
63
73
70
74
69
74
74
66
77
72
68
67
64
60
62
65
64
65
77
65
81
77
60
77
60
83
63
67
71
76
70
60
65
76
90
68
67
61
73
82
62
65
61
83
66
88
66
63
71
60
87
67
82
64
62
72
67
74
73
73
72
89
63
74
73
73
74
74
72
69
71
83
70
69
62
73
68
73
73
68
68
65
84
77
74
60
73
60
81
68
80
72
71
72
60
70
70
77
74
67
74
69
75
65
81
71
62
81
80
60
62
84
66
62
84
75
77
71
77
69
80
79
64
63
63
62
60
61
67
69
67
60
72
64
