68
69
68
63
64
67
60
63
69
68
67
73
76
75
69
61
70
77
70
68
63
72
86
72
66
60
91
84
69
68
71
67
67
80
63
69
67
65
75
73
61
72
66
79
66
69
63
72
60
76
90
79
71
64
70
62
68
71
72
60
64
60
64
68
64
61
83
66
73
60
64
69
60
79
65
83
71
66
67
69
78
66
74
70
85
64
77
70
67
83
73
75
70
61
60
67
72
82
68
72
64
69
66
60
77
75
64
65
67
67
86
63
95
72
61
64
83
71
63
69
67
62
76
65
65
67
68
69
69
67
75
72
77
70
67
69
61
75
74
68
67
71
81
73
63
66
76
73
62
77
60
77
67
64
80
71
84
61
69
69
65
77
70
73
70
60
66
65
68
68
70
66
60
67
71
71
72
67
60
71
64
67
75
74
71
60
87
65
67
68
65
68
68
63
68
86
92
61
69
67
68
71
67
68
78
60
76
64
69
60
60
77
66
68
66
78
60
73
71
71
83
71
69
71
72
70
60
65
67
67
64
76
61
62
64
72
75
63
67
69
79
64
64
69
60
73
68
65
82
77
73
69
60
64
72
60
62
60
75
65
68
72
68
79
71
89
69
65
64
81
66
60
69
69
68
76
72
71
69
67
75
64
72
63
70
67
76
69
74
