61
67
79
80
76
69
62
77
69
60
76
91
69
71
63
71
72
70
75
71
80
63
60
71
73
74
70
85
68
85
76
69
70
67
83
79
78
78
71
72
70
60
69
69
76
78
74
73
60
74
60
80
82
85
66
62
63
70
68
60
75
71
82
76
63
88
63
87
74
74
66
70
67
64
72
87
71
60
65
66
69
75
85
72
68
84
60
84
65
69
72
69
66
60
69
64
65
67
76
84
61
68
82
67
76
66
69
73
70
78
70
91
62
80
83
74
83
71
74
81
93
65
75
66
68
67
72
71
73
69
69
90
67
64
60
81
76
95
70
75
77
65
72
60
68
68
86
61
60
72
79
69
74
65
79
85
79
67
60
74
60
65
80
60
60
72
66
87
80
63
70
74
76
64
86
67
60
74
62
64
80
76
60
86
62
65
68
78
88
81
64
62
60
60
88
72
76
65
94
70
67
72
69
68
65
66
76
72
75
70
71
64
63
63
81
72
71
66
65
66
62
86
65
70
60
66
72
78
69
89
80
83
78
81
75
72
81
68
80
65
63
85
67
78
60
74
68
60
63
73
76
70
80
61
60
77
74
82
69
78
62
82
70
75
88
78
73
62
69
78
75
75
66
73
75
60
77
74
60
81
68
73
66
76
66
77
71
70
82
