68
73
79
61
75
79
64
61
77
82
63
80
74
64
68
71
79
71
70
67
74
60
62
69
75
67
72
70
60
69
63
60
62
65
67
69
68
66
86
65
74
72
72
65
80
84
73
72
65
60
72
67
79
87
83
72
80
62
66
74
64
68
60
78
61
79
66
76
76
71
72
74
68
63
64
66
60
72
68
72
68
67
79
72
66
73
64
71
72
78
71
65
68
72
88
66
72
68
80
69
71
65
64
62
70
89
72
66
71
60
61
70
70
75
79
87
62
72
68
89
65
69
66
76
60
62
69
77
75
75
73
64
61
81
71
70
60
80
91
60
77
69
76
64
66
65
61
79
79
82
75
64
76
68
65
71
81
66
66
77
64
68
70
68
64
82
75
68
60
61
78
73
64
74
69
76
61
79
88
68
81
80
66
70
61
79
78
67
62
89
69
76
67
74
68
72
67
87
70
71
66
79
83
61
76
71
73
71
73
95
67
60
72
82
81
75
73
63
79
85
63
65
69
74
66
63
68
62
75
78
65
73
80
72
65
72
79
60
74
76
67
60
78
61
63
83
68
67
76
78
67
64
80
71
75
85
74
81
68
68
60
60
67
64
75
80
72
68
73
66
67
61
70
65
60
68
75
66
74
61
67
60
68
69
79
78
70
66
78
