83
70
84
71
70
63
68
63
78
66
68
69
62
82
67
83
95
69
83
71
86
86
81
73
60
62
79
67
70
80
68
70
60
68
61
72
88
65
74
76
81
70
60
72
66
75
75
62
77
63
62
71
72
88
62
79
70
65
75
75
66
80
78
64
65
66
71
72
70
67
71
67
73
73
70
64
60
81
62
69
71
68
62
80
68
60
63
71
64
61
71
62
70
61
60
61
67
76
64
61
67
69
79
74
76
92
84
84
69
76
61
80
80
78
78
80
60
81
72
60
67
84
60
75
83
75
89
62
79
70
74
65
69
61
81
70
77
70
84
70
68
67
73
67
80
63
68
69
76
78
91
69
76
69
68
66
68
63
87
76
63
69
73
72
86
65
76
76
60
68
62
71
71
76
62
65
70
63
64
64
88
76
68
80
67
75
72
82
65
63
72
60
67
84
60
76
60
76
63
78
65
69
80
83
79
64
71
75
84
64
72
60
82
60
74
75
67
63
75
66
71
90
69
79
69
72
64
81
77
86
76
74
61
67
64
73
66
85
74
80
74
86
72
88
64
68
61
66
66
73
66
69
63
61
77
60
60
71
71
77
62
70
77
60
73
88
60
61
67
70
61
68
78
74
63
60
60
61
73
69
61
60
60
68
73
86
72
67
76
