65
73
70
65
70
66
77
67
62
76
61
63
60
81
64
90
70
77
70
71
71
67
68
69
78
62
73
60
64
70
67
64
62
68
70
69
67
73
63
82
68
69
67
66
65
75
64
67
61
79
65
74
65
69
64
60
66
72
71
69
73
66
62
65
66
76
63
71
79
69
60
71
65
62
77
68
65
73
60
62
60
60
74
68
67
67
72
68
69
72
67
67
73
65
67
71
63
66
61
60
67
65
71
64
67
69
67
79
69
82
72
68
63
60
71
67
70
67
70
80
70
67
61
70
70
71
72
61
77
65
69
67
75
63
61
69
66
69
69
64
68
66
65
69
69
67
61
95
63
63
74
63
70
70
76
80
73
71
69
69
60
73
60
74
75
71
79
62
64
60
72
66
72
75
77
62
68
72
83
75
71
75
67
66
70
66
67
64
81
63
67
65
68
64
74
62
69
67
71
77
75
74
75
73
67
69
60
62
73
61
64
70
63
60
62
64
62
60
64
65
61
71
60
63
65
69
66
65
72
72
78
65
70
75
67
64
69
66
75
64
67
70
69
64
76
69
67
65
60
71
66
67
65
71
74
63
63
65
68
72
71
62
71
60
60
72
72
63
76
64
73
82
63
62
66
68
72
79
60
68
67
71
63
64
74
74
79
62
61
