71
61
72
66
79
72
62
71
62
69
60
71
63
74
63
64
67
85
61
74
66
73
64
77
68
81
66
69
60
83
61
60
69
63
61
70
64
86
68
61
67
94
70
60
75
76
67
67
90
74
72
84
69
89
73
68
67
78
70
62
79
60
64
76
62
69
69
69
67
60
65
64
72
66
72
80
77
73
71
75
69
69
63
78
79
66
72
67
79
67
78
64
71
84
68
74
71
83
80
80
77
69
73
71
83
66
71
61
69
68
70
74
80
60
70
67
63
73
88
64
68
76
67
69
76
61
95
65
66
71
73
71
68
72
62
71
62
70
76
82
74
73
60
68
64
73
72
78
69
60
85
78
85
77
70
64
62
66
69
69
82
68
68
62
77
71
66
67
72
60
73
68
66
67
78
63
61
64
69
65
66
75
60
61
72
69
65
90
60
70
74
71
69
72
63
69
65
60
71
77
78
62
71
73
72
68
75
72
81
68
70
70
62
67
71
73
64
68
71
60
79
68
75
68
83
69
75
62
81
66
74
74
74
73
65
60
78
74
81
69
71
68
90
61
75
70
72
79
60
73
78
61
91
77
91
61
60
69
62
73
77
60
65
66
82
65
61
68
85
68
62
69
76
69
82
65
72
61
60
65
66
77
74
88
61
68
73
69
65
