67
69
79
71
73
91
62
73
73
70
95
67
64
63
75
77
62
69
67
86
67
67
72
60
67
72
65
72
63
69
85
68
84
79
64
79
70
64
84
65
79
67
73
76
79
86
92
64
77
76
69
77
72
81
76
60
82
62
66
75
62
64
65
62
80
73
69
70
67
75
71
64
76
85
77
71
65
79
64
85
75
78
76
61
72
79
60
70
69
76
68
74
60
64
60
71
80
64
85
86
69
69
72
64
77
69
60
68
73
71
65
64
83
71
64
62
67
81
64
73
76
67
68
74
68
66
67
83
60
79
63
89
64
60
80
67
69
71
61
76
71
71
74
72
79
78
76
75
67
74
60
68
65
69
72
66
60
77
74
71
78
87
81
72
85
71
76
72
80
73
69
73
87
60
63
78
75
67
70
68
77
69
78
82
70
66
60
79
74
60
64
68
65
71
63
66
67
62
76
71
64
62
81
70
61
64
60
66
67
69
69
76
70
83
70
75
62
65
66
64
81
61
78
66
64
70
78
73
68
66
66
72
71
80
73
78
65
64
64
74
73
72
77
67
67
65
78
83
66
75
68
61
81
75
73
81
65
72
76
83
79
71
77
65
63
62
68
75
72
64
74
68
71
74
66
68
71
83
79
65
69
64
67
60
63
76
68
72
77
