60
68
73
78
68
66
64
68
86
65
65
65
62
71
68
68
60
67
64
77
63
72
74
78
67
63
77
61
60
61
77
69
67
62
76
67
63
86
82
64
63
75
65
67
76
70
64
60
71
66
74
70
69
71
68
79
73
63
76
68
72
68
68
69
62
64
71
86
73
74
77
73
64
70
70
79
76
73
69
60
64
60
75
70
76
77
71
63
65
72
62
72
69
67
71
76
67
71
72
67
70
84
77
60
61
72
75
67
68
76
64
69
60
60
65
65
78
70
72
68
70
68
69
71
77
63
64
74
65
85
68
68
71
76
62
70
60
68
60
70
60
69
69
64
65
68
62
69
60
66
78
68
78
69
67
67
62
67
75
66
73
65
64
67
66
60
70
64
72
68
70
79
71
69
67
75
61
66
62
68
69
77
63
65
79
62
61
60
72
62
87
68
75
60
68
70
66
77
74
67
67
64
66
67
64
63
79
62
75
65
71
71
72
79
63
74
60
78
65
84
74
64
61
61
72
60
67
61
65
73
70
72
68
69
83
80
73
61
67
82
75
78
77
68
60
81
83
70
72
65
65
74
62
60
69
71
73
77
63
71
60
77
69
72
60
70
65
78
95
63
66
68
68
76
66
75
69
68
73
71
74
77
83
70
72
66
75
68
77
