84
77
68
61
65
64
82
67
61
73
60
60
60
60
73
85
81
62
76
72
67
74
64
60
65
66
83
77
74
60
60
82
75
76
62
66
76
65
79
70
73
67
72
70
67
87
67
63
70
60
83
63
64
81
60
60
74
66
60
74
72
79
74
62
69
74
73
68
82
68
68
71
76
76
72
81
76
93
64
65
67
67
73
60
80
64
76
71
69
69
81
72
76
67
70
72
70
79
90
65
70
67
71
69
78
64
60
66
68
71
70
65
77
66
80
65
77
69
62
63
67
63
86
74
88
67
64
63
65
79
60
81
89
69
88
64
61
68
60
72
80
73
88
77
75
71
69
79
74
67
63
67
68
83
85
79
90
68
82
65
64
66
75
66
68
76
78
60
65
80
66
76
60
87
82
69
63
72
75
72
68
69
75
70
61
63
73
84
73
72
67
68
66
60
72
72
64
86
60
60
66
66
60
68
80
65
80
63
86
64
80
67
66
70
81
72
63
69
64
75
73
73
60
85
81
78
67
73
65
85
66
95
69
78
64
61
79
62
72
67
82
64
66
69
75
77
70
74
70
64
61
60
81
71
65
78
80
67
76
70
85
74
71
61
78
74
67
74
69
62
60
77
68
71
66
63
74
79
64
67
84
73
68
68
67
79
66
80
75
