68
62
75
85
65
66
66
74
72
65
75
68
85
71
71
60
65
72
76
65
78
71
72
70
62
60
72
76
70
84
70
70
75
65
71
71
74
70
60
60
63
79
84
60
80
68
71
78
63
67
81
63
71
73
74
60
78
82
88
70
69
72
68
67
64
64
75
80
72
70
83
66
81
87
60
79
90
75
70
76
64
80
84
71
67
63
67
71
75
64
60
68
70
67
69
66
76
71
68
65
80
82
61
66
72
60
66
68
72
86
74
68
80
70
80
77
71
73
88
78
69
69
69
60
69
75
65
77
73
75
60
64
70
85
61
65
66
67
72
74
66
72
73
76
63
76
94
79
72
75
71
71
66
82
78
68
75
66
82
60
61
68
73
68
60
67
72
71
77
73
62
73
70
69
64
66
65
61
71
83
76
84
70
84
84
60
68
69
74
65
71
73
60
72
75
61
70
73
61
74
61
70
68
77
71
91
92
60
62
73
75
60
82
64
69
78
90
64
64
68
71
77
62
65
69
82
82
62
65
88
74
69
60
62
77
64
77
71
62
69
68
85
62
67
60
78
60
68
61
79
71
60
69
68
72
63
79
87
67
63
78
78
64
61
65
64
69
69
76
66
65
67
67
68
66
63
66
78
70
67
65
68
72
60
71
95
65
82
70
