72
73
65
63
63
73
69
68
71
79
67
66
73
61
83
67
79
71
72
66
76
60
81
73
64
76
74
64
79
60
65
74
70
66
78
73
74
60
76
73
63
74
67
71
72
84
74
60
73
66
62
73
86
80
75
68
62
81
81
95
66
86
69
81
70
68
65
67
60
66
64
76
69
65
68
81
65
70
67
80
60
69
79
72
60
85
74
71
66
72
77
72
60
68
67
62
71
85
70
68
69
77
67
72
78
79
75
76
67
77
72
81
75
60
65
70
75
71
67
84
73
76
71
62
68
81
60
60
77
77
63
71
62
67
63
76
70
60
66
71
72
71
65
65
82
81
60
66
67
74
65
66
83
73
73
77
73
60
78
62
64
68
66
70
65
68
77
64
76
78
84
80
64
64
91
68
68
64
68
64
84
64
66
80
66
71
79
65
75
72
63
62
70
80
68
70
69
68
76
68
71
60
71
75
76
85
73
72
71
66
68
60
68
69
71
67
71
78
66
78
60
73
82
70
77
71
62
60
68
75
62
61
67
72
84
81
81
73
64
68
72
76
78
60
72
70
77
62
67
71
62
72
60
81
61
70
67
65
77
72
66
80
70
65
68
71
64
75
78
87
74
67
75
60
68
77
71
75
67
67
64
64
61
73
73
77
62
69
66
