69
73
93
80
71
86
76
67
79
65
81
87
64
75
86
76
67
81
68
79
66
73
79
66
73
67
70
76
74
87
83
76
63
85
81
66
61
83
74
82
62
82
76
86
74
77
70
60
60
76
60
72
63
90
68
63
65
63
74
79
83
70
82
60
71
69
64
70
60
63
69
83
69
82
65
71
64
83
60
84
63
66
73
93
80
73
75
84
63
69
79
69
74
72
66
65
95
70
61
60
73
68
66
69
65
72
73
75
93
60
67
73
85
74
60
72
68
69
86
72
70
76
66
67
80
68
76
60
86
60
75
73
76
70
81
70
88
72
81
69
88
74
63
68
88
78
60
83
85
62
78
81
65
60
60
63
90
60
75
75
79
74
92
78
80
77
65
72
63
62
82
79
66
63
74
68
67
66
78
60
63
85
70
74
65
65
65
79
68
60
63
73
84
73
69
66
65
66
67
69
67
70
64
67
83
68
87
69
74
74
64
67
82
75
80
74
66
74
67
71
75
76
60
64
60
76
71
67
72
62
68
62
61
62
68
80
67
77
79
61
63
77
68
76
60
61
77
81
72
63
68
74
67
67
84
75
71
72
67
82
60
75
64
60
67
66
78
79
75
83
70
63
67
73
72
66
81
62
72
73
80
67
65
69
71
75
67
75
68
