71
69
74
63
82
61
76
87
60
84
71
79
60
81
68
95
71
62
72
65
67
65
75
60
73
80
63
72
67
66
80
63
65
77
63
72
78
63
74
77
70
69
70
60
77
63
68
81
72
72
74
60
68
75
72
60
66
70
69
64
75
75
60
72
64
77
60
87
70
61
65
64
73
78
70
74
68
62
64
68
68
83
63
74
75
60
66
64
76
64
77
67
63
68
69
61
73
63
77
76
60
69
62
73
69
69
61
80
79
71
68
66
75
75
77
63
73
71
71
71
60
75
66
69
67
76
64
73
68
70
84
69
60
60
83
66
71
71
61
76
87
80
63
69
63
81
76
77
64
63
64
60
74
67
75
77
60
66
71
73
61
62
72
65
66
67
65
66
69
60
70
68
74
63
79
68
68
65
61
61
67
66
80
83
65
62
72
75
67
69
60
71
81
74
65
72
76
66
67
60
61
76
61
79
88
66
70
64
61
60
62
65
84
60
62
66
69
60
71
69
68
87
72
71
71
81
70
74
69
77
65
74
77
75
75
72
73
68
74
72
83
73
71
65
85
66
73
73
71
74
66
63
72
70
65
75
75
72
80
68
75
71
76
65
64
60
64
69
79
69
60
64
91
68
70
60
79
73
68
63
81
67
64
70
68
67
74
71
73
