72
65
75
68
65
76
67
80
62
66
65
70
79
83
75
73
70
60
77
69
61
68
61
67
75
65
64
61
63
67
63
63
73
83
60
70
73
60
69
71
63
82
70
68
65
68
60
73
74
74
72
64
78
75
76
83
64
74
77
68
67
67
64
74
62
76
73
62
63
90
84
64
67
63
63
60
84
70
74
66
63
62
67
72
63
68
60
77
71
82
62
62
60
73
85
65
64
68
79
65
79
69
79
62
80
84
63
80
62
67
80
77
69
65
68
76
77
61
66
60
81
62
65
68
61
67
81
74
64
68
76
71
71
74
73
75
62
77
65
78
74
60
63
78
69
60
72
72
71
63
65
74
62
70
89
84
62
77
66
71
72
82
69
79
60
69
76
78
79
70
76
67
79
70
81
67
61
79
60
68
72
62
75
76
72
90
63
64
75
80
61
81
61
78
60
62
60
89
91
75
69
65
87
74
75
80
76
80
79
69
63
60
67
65
81
67
82
79
68
60
75
65
72
66
78
70
64
74
68
68
64
95
66
69
60
68
63
82
67
80
79
65
63
67
78
68
76
60
63
60
62
70
60
68
67
91
68
65
63
61
68
67
60
82
69
79
75
64
73
64
65
69
64
66
74
82
63
72
73
66
69
63
81
72
63
64
71
76
66
