60
66
74
60
73
73
73
80
70
74
68
67
62
66
69
60
86
71
66
68
72
63
63
78
64
63
67
81
61
77
63
81
72
80
63
60
71
69
72
73
84
76
71
72
67
73
72
80
60
78
64
65
68
67
65
76
66
67
79
60
72
67
69
73
70
62
64
71
69
77
72
70
70
73
64
69
77
66
74
76
74
66
81
73
65
74
84
73
65
77
73
67
60
65
67
65
61
67
79
83
66
60
68
64
82
67
72
65
61
66
71
62
76
69
68
74
73
74
82
72
60
60
80
65
70
83
67
74
80
77
73
69
70
63
76
80
70
69
73
79
76
69
80
73
70
80
65
81
66
66
69
74
66
72
66
61
63
60
75
64
77
60
80
64
61
78
71
70
67
62
71
60
73
74
66
68
77
60
63
88
83
69
75
77
62
77
74
73
66
80
63
86
73
83
71
62
69
64
76
64
63
63
62
72
66
76
67
78
66
60
71
69
68
79
64
71
83
60
67
66
67
72
74
65
66
64
74
64
73
68
66
79
88
60
69
65
61
68
71
71
73
64
82
62
72
60
76
64
60
79
69
70
81
66
68
65
64
64
79
70
67
71
66
60
81
78
89
70
71
62
65
75
68
80
66
63
70
66
69
66
67
95
62
75
68
60
75
67
77
