64
65
76
82
62
66
74
77
67
62
74
65
73
60
70
81
82
60
64
60
80
78
76
60
69
68
81
83
78
77
71
68
73
86
76
80
72
68
72
70
87
86
69
68
61
64
76
69
78
63
65
66
63
60
75
72
74
71
70
82
73
72
83
63
65
74
70
71
61
65
72
72
79
61
92
67
84
76
75
71
61
61
71
68
73
74
61
74
80
68
63
66
75
77
70
71
66
67
66
60
60
73
68
65
86
73
60
85
72
92
90
67
71
77
67
72
86
73
62
69
68
65
81
71
64
75
66
73
63
79
87
89
60
65
68
62
61
79
67
64
80
69
79
62
86
95
64
74
63
72
66
63
65
76
77
70
72
63
72
73
64
67
87
60
70
81
77
83
67
62
78
65
70
77
75
64
71
72
77
60
63
78
73
64
68
64
80
74
60
85
73
63
73
64
73
73
73
78
68
64
60
66
60
69
66
62
77
77
80
67
62
80
69
78
91
75
73
74
72
72
80
69
63
73
76
61
74
65
69
60
70
70
60
64
74
65
70
79
64
72
77
75
61
62
69
70
70
62
71
70
75
66
75
73
64
66
60
73
81
83
77
69
65
72
72
67
69
60
71
61
68
85
63
81
69
70
60
60
67
66
88
76
66
65
70
67
70
76
82
