75
86
76
73
73
80
67
77
69
70
73
77
67
61
73
78
69
66
68
62
80
69
76
83
60
74
73
78
63
71
69
66
77
60
64
82
87
71
95
70
68
75
73
79
78
64
62
69
71
67
73
65
92
60
84
60
71
60
62
79
78
78
82
83
81
67
65
83
63
63
66
76
70
67
78
70
63
69
64
65
81
64
80
88
80
84
77
64
77
77
84
62
72
78
69
78
69
85
71
76
80
60
78
61
71
80
76
60
64
69
66
74
72
69
72
60
69
72
73
74
64
69
77
73
64
76
71
70
73
68
72
72
92
77
74
68
79
67
79
72
60
61
73
68
78
67
67
65
72
77
76
65
62
79
72
67
62
61
81
81
74
79
60
63
69
70
66
65
69
79
60
73
74
65
68
65
69
67
60
74
80
70
73
73
66
68
68
72
62
82
80
84
68
84
72
65
65
67
81
61
64
76
72
68
74
83
63
74
82
60
73
60
60
65
72
77
77
61
71
72
79
81
61
80
71
75
79
77
78
69
72
60
66
74
68
68
63
72
62
77
72
77
64
80
60
60
76
80
80
61
61
74
67
72
68
79
60
60
82
61
63
71
80
67
69
74
78
64
83
71
74
80
76
69
72
77
73
73
69
80
63
63
71
64
60
62
67
65
66
