62
67
76
67
66
88
60
75
92
72
60
66
72
70
70
71
75
68
69
63
78
67
68
69
62
90
75
62
80
73
78
79
76
60
72
61
69
83
95
70
65
60
62
67
75
73
73
65
70
71
71
76
63
74
71
69
68
71
66
75
70
69
73
76
70
66
70
68
79
70
68
72
65
73
60
69
78
81
76
73
80
70
68
75
67
76
68
73
62
80
65
63
75
64
65
61
84
83
72
68
76
63
73
79
76
60
74
63
79
79
64
62
63
75
65
68
64
60
60
86
70
84
88
68
65
64
73
84
64
68
80
64
69
69
67
76
73
76
63
62
67
86
61
71
76
71
69
78
62
89
61
64
81
69
70
72
64
80
61
65
60
66
65
71
68
71
64
66
63
66
69
82
77
66
87
70
79
67
72
62
66
60
63
73
60
77
66
86
70
79
74
83
60
60
74
81
66
90
71
66
89
61
81
67
65
69
73
71
67
68
76
85
73
70
77
88
60
80
75
77
75
63
70
77
73
71
69
78
68
67
72
81
66
86
70
82
64
80
69
66
73
63
67
67
74
70
63
74
65
66
60
60
65
70
72
69
68
71
75
78
66
76
63
74
65
69
69
64
91
81
82
76
60
74
70
60
74
64
76
65
75
78
70
60
75
77
74
62
62
