69
81
60
72
64
82
63
80
72
61
66
70
67
69
71
68
62
69
67
74
65
78
70
74
81
72
77
66
65
76
64
70
72
64
73
75
60
79
68
68
69
61
67
78
73
60
68
69
75
75
77
70
60
70
70
75
77
67
66
80
68
74
76
81
74
76
69
61
85
71
81
75
69
76
73
71
60
60
84
83
60
95
68
67
75
72
69
70
70
88
71
68
71
62
60
77
63
80
85
60
67
85
71
86
74
60
74
63
73
74
60
69
74
86
72
93
75
63
71
64
64
77
67
70
66
67
66
65
74
61
67
66
76
70
62
70
67
64
77
70
70
60
61
71
87
71
66
65
62
66
70
76
78
83
82
70
74
68
60
65
63
64
73
80
73
68
75
76
72
70
62
72
79
67
75
71
60
69
74
67
66
75
82
64
73
60
71
78
61
69
69
72
68
78
69
64
69
76
63
75
68
74
65
85
68
76
62
65
68
82
76
64
78
63
69
73
72
65
70
72
73
79
71
60
69
63
64
60
69
80
70
78
70
70
74
71
86
63
70
65
77
76
67
80
68
71
62
62
69
60
70
69
63
76
88
85
61
67
63
63
64
83
69
76
69
60
60
64
74
87
75
79
73
69
80
78
71
76
70
60
75
67
82
60
64
66
80
78
64
