60
78
72
73
69
68
80
78
65
69
61
76
71
69
76
79
87
76
66
76
64
77
66
80
72
82
82
71
65
67
75
71
63
72
70
60
71
66
71
69
72
66
60
67
60
79
66
60
76
68
72
71
82
73
64
80
84
85
78
67
63
85
75
60
76
77
83
85
65
61
73
72
68
70
72
75
70
67
67
60
90
85
63
61
76
62
77
63
77
73
70
79
67
63
63
60
65
75
65
68
67
73
71
68
60
76
83
69
65
67
72
71
81
75
62
61
64
83
82
75
82
76
84
68
60
81
63
66
72
68
66
71
75
80
73
89
65
60
71
65
80
73
71
70
70
69
67
60
73
71
73
69
74
82
67
64
72
71
94
81
74
70
75
85
76
66
78
66
87
70
74
66
90
61
60
75
76
70
60
70
77
76
60
69
61
70
62
70
60
71
95
75
78
84
69
64
76
65
64
66
63
70
62
70
70
69
64
64
71
73
67
71
68
73
79
62
65
83
75
70
67
74
70
72
66
67
78
70
76
84
67
74
81
73
76
78
65
67
86
72
70
87
67
75
88
69
81
68
72
66
63
68
77
75
65
74
72
67
72
71
78
79
66
74
73
78
87
82
76
67
75
68
60
77
83
84
86
72
73
71
80
79
62
90
71
60
77
71
86
