81
79
65
71
94
65
82
84
77
68
68
71
71
71
77
67
68
69
76
72
72
70
60
67
76
68
73
76
61
70
61
72
68
69
68
64
86
70
66
69
65
82
66
71
70
75
69
85
66
60
73
73
67
71
70
71
71
70
71
67
70
65
64
71
87
71
79
69
68
72
71
87
63
61
68
68
67
80
66
84
75
62
80
77
60
72
62
62
72
81
85
67
72
69
69
64
71
77
66
90
68
68
67
72
70
76
90
65
75
82
76
79
60
92
79
65
68
71
65
65
90
77
76
77
77
64
86
60
87
65
86
62
65
69
69
79
67
68
92
64
78
85
70
63
76
60
72
73
66
61
70
60
66
73
64
73
68
70
62
66
65
85
64
62
87
60
69
60
79
74
84
73
84
60
72
68
69
77
62
73
66
75
65
85
68
83
67
72
63
60
65
75
67
74
62
62
70
77
95
71
77
68
72
71
75
67
79
75
70
60
60
75
61
62
72
61
61
76
77
65
89
72
70
87
62
70
81
83
76
72
66
76
81
66
69
69
62
74
73
61
81
70
73
68
66
67
73
73
66
72
70
76
77
87
71
94
72
60
77
71
71
62
65
77
74
71
70
67
60
69
90
78
68
66
74
62
60
73
71
78
68
71
60
60
74
69
72
79
60
