76
79
78
79
60
77
74
60
83
69
65
72
69
60
91
71
68
76
63
82
67
69
75
71
64
85
65
73
70
87
95
86
65
67
77
70
82
73
79
70
73
77
65
71
71
76
66
77
62
69
77
64
63
71
62
64
74
67
71
76
71
60
69
81
67
68
66
87
65
68
61
66
71
81
79
67
60
79
76
76
73
78
70
78
75
68
61
72
79
72
71
60
67
70
61
79
75
82
60
68
80
73
67
66
84
75
78
69
71
65
75
70
63
71
72
65
60
60
76
71
69
78
82
75
81
65
74
67
79
71
85
71
77
63
74
73
77
81
72
89
79
69
74
60
82
76
75
73
74
69
73
71
77
72
63
69
82
66
67
74
80
73
69
72
75
77
66
69
80
66
76
74
77
63
71
62
70
83
73
72
82
68
75
62
65
70
66
62
74
72
78
60
85
69
83
75
73
60
67
77
66
70
61
67
68
74
64
83
84
78
74
74
70
63
72
60
81
65
64
70
61
80
79
72
76
75
71
64
60
76
78
67
63
60
70
75
71
62
60
82
79
66
68
83
68
62
63
71
67
65
63
71
65
74
78
83
60
70
79
68
73
64
71
68
62
77
70
70
68
60
80
61
77
73
74
66
77
86
63
64
80
80
71
66
63
60
83
60
65
