79
65
74
77
70
73
78
81
83
68
73
72
72
71
65
75
68
64
68
68
81
80
60
70
73
67
67
66
72
77
69
74
80
60
70
69
75
82
71
65
65
85
82
78
71
75
63
68
68
68
74
70
68
68
72
70
60
70
77
62
64
62
63
68
81
84
68
63
60
73
69
71
63
86
90
61
65
70
69
69
73
64
75
60
73
75
73
80
63
65
69
62
62
73
75
81
73
82
67
91
60
68
76
60
73
63
81
72
65
81
69
66
62
86
60
60
70
62
75
63
65
78
75
72
79
72
74
64
78
64
68
75
66
79
66
70
83
74
67
68
77
64
73
67
76
69
82
88
79
60
68
74
66
64
75
70
60
60
80
77
63
66
75
71
70
67
70
76
83
76
72
62
81
60
73
60
65
65
67
77
72
71
79
74
73
67
77
69
65
62
95
68
73
69
84
83
72
67
79
63
68
63
69
72
60
64
77
74
64
75
60
72
81
74
79
63
75
60
73
82
77
74
61
61
71
79
77
70
64
70
66
70
70
66
77
70
63
77
77
60
69
77
65
63
71
62
64
64
82
68
60
60
72
63
79
73
68
80
64
86
65
76
64
64
72
65
69
67
65
65
75
61
62
72
65
74
67
68
73
71
86
60
82
63
80
77
75
68
77
