70
68
83
70
62
61
87
76
69
63
87
64
77
65
63
75
61
84
66
69
81
70
66
72
60
60
65
66
73
64
68
82
64
68
83
74
73
77
63
77
73
70
76
88
69
76
74
68
69
69
81
61
81
64
71
84
72
76
70
63
69
69
69
87
60
73
67
68
74
77
74
71
74
78
81
79
60
72
65
71
69
78
64
79
79
70
60
74
60
64
60
75
68
71
85
61
64
73
66
79
82
75
72
73
60
62
64
72
63
67
62
70
68
79
85
61
71
70
63
79
60
68
71
60
74
68
64
73
61
62
87
61
66
81
67
65
66
71
73
67
67
70
88
69
71
75
79
83
64
67
60
70
69
78
60
63
86
65
68
66
78
70
83
77
62
72
85
66
64
63
69
75
76
71
74
72
75
70
69
63
63
87
82
70
82
74
73
65
63
82
81
73
75
66
72
78
69
77
62
67
67
69
67
75
73
69
62
70
72
70
67
71
71
76
71
75
63
66
77
74
79
71
82
74
62
69
60
63
72
66
64
67
61
67
78
95
67
68
68
82
64
89
74
65
69
75
63
72
73
77
61
72
62
60
73
80
71
81
71
81
82
71
79
70
63
67
64
73
63
67
79
94
71
69
73
65
82
66
64
68
77
79
76
73
67
72
65
81
81
