60
75
72
64
73
66
67
79
60
69
79
60
72
80
75
78
64
65
78
68
69
80
62
65
75
60
61
70
62
73
64
63
68
79
67
90
67
63
68
74
66
73
76
75
64
71
69
72
70
85
92
60
67
67
69
68
84
73
69
65
73
64
63
91
76
71
66
87
69
71
76
73
64
61
75
80
80
79
74
78
71
69
68
60
68
63
77
69
78
79
80
69
66
60
70
60
74
76
74
65
75
74
68
68
74
68
65
69
65
88
60
72
65
66
83
60
65
66
68
76
71
67
63
71
67
74
67
78
60
67
63
74
89
74
63
65
60
65
61
60
60
73
64
73
75
65
70
67
76
71
77
75
72
70
73
70
60
60
61
68
77
77
76
79
67
75
80
72
67
73
60
65
69
79
72
60
73
77
65
81
70
65
63
69
82
76
69
68
64
60
63
79
60
60
85
61
71
74
78
70
70
75
82
68
61
67
70
89
72
63
74
61
60
63
73
71
85
64
70
79
79
67
95
81
82
71
74
67
74
63
74
76
71
71
66
83
63
77
80
60
66
72
85
69
64
74
63
63
60
82
62
70
83
64
79
63
77
74
63
79
65
67
60
69
73
85
68
65
76
77
62
60
81
78
66
60
70
68
73
66
78
80
80
92
63
65
75
61
71
