76
67
60
71
60
60
67
62
79
79
85
67
68
69
74
78
70
67
75
67
76
68
63
67
83
64
72
74
60
71
63
65
61
60
69
77
72
73
76
68
64
66
65
82
70
71
66
62
72
68
67
79
64
67
72
69
60
69
81
69
68
72
70
69
78
66
79
60
60
70
75
67
62
66
71
71
68
70
69
63
64
82
66
70
68
64
70
74
95
63
92
75
76
86
63
66
69
72
65
66
70
69
60
84
70
75
68
74
60
63
74
63
79
64
71
61
66
68
77
65
69
67
62
78
73
77
71
74
62
79
72
67
60
61
75
80
69
78
72
63
71
63
61
63
64
63
64
74
68
71
72
81
87
68
69
82
60
69
72
68
60
64
68
63
64
73
85
60
65
68
72
71
78
63
61
72
68
66
69
65
62
63
78
67
74
66
74
65
68
70
75
65
66
70
74
73
60
64
60
64
75
69
74
75
66
71
62
69
72
71
62
67
60
62
67
60
76
86
63
69
65
78
66
72
79
60
85
75
63
64
68
77
77
72
76
63
72
75
61
79
65
60
71
63
71
69
62
66
76
69
68
63
74
70
60
65
68
61
65
64
78
70
79
70
75
65
66
63
66
65
72
63
72
62
75
68
60
66
62
79
69
65
63
70
60
67
61
71
69
