66
70
68
83
69
60
64
76
62
64
61
79
70
68
63
63
68
69
70
75
63
62
63
75
73
64
82
69
65
75
71
66
77
77
68
67
73
74
68
67
60
66
67
66
79
81
66
73
76
64
70
65
68
86
74
74
83
78
77
73
61
72
72
71
68
68
71
67
82
73
76
82
63
75
76
84
75
70
60
60
72
60
67
70
71
73
73
70
60
67
70
63
73
69
70
60
77
60
61
63
75
73
67
67
68
66
74
71
74
72
65
78
76
63
71
67
63
74
70
60
76
78
77
65
60
66
78
70
74
79
63
72
70
76
60
62
73
95
66
64
79
64
70
83
77
63
66
72
75
71
72
68
71
74
64
82
76
64
75
64
69
88
81
67
73
62
73
60
70
72
61
70
80
71
67
69
76
68
62
75
60
68
79
92
65
75
66
72
65
60
67
65
67
71
80
71
63
81
75
67
66
65
71
71
79
67
67
65
65
65
60
75
71
67
71
69
67
66
70
69
62
65
69
66
78
63
68
66
68
67
69
62
67
61
73
63
62
69
63
61
72
74
61
72
71
66
75
77
64
61
71
66
63
82
63
62
79
64
85
84
76
69
73
64
61
77
76
65
64
68
67
70
61
64
66
69
78
66
73
68
68
74
61
79
67
77
75
66
66
