61
63
63
70
80
61
82
82
77
66
69
66
81
60
76
63
71
61
89
88
67
64
65
73
92
80
82
70
72
65
74
72
87
68
60
71
83
80
60
65
60
60
77
79
70
67
72
73
69
61
63
64
63
67
86
68
65
89
67
83
71
68
60
67
86
60
72
65
69
63
67
60
66
70
64
68
76
75
69
68
83
78
71
78
74
76
77
71
75
73
71
65
72
60
86
83
88
72
69
68
78
68
74
84
66
75
88
89
83
66
71
72
78
82
83
69
86
61
66
66
71
62
65
81
70
90
64
75
69
73
68
84
71
88
72
66
66
61
81
61
72
67
60
68
73
73
89
75
71
71
77
79
73
71
70
80
68
63
82
71
68
85
86
65
71
77
74
84
60
72
78
68
83
80
64
60
66
64
62
86
61
60
77
65
76
85
75
66
74
68
75
61
80
67
62
73
62
72
65
72
73
79
67
84
79
62
65
60
60
66
71
63
61
60
68
65
87
95
69
80
64
85
81
72
65
65
76
66
84
87
60
73
71
71
73
70
78
72
66
62
72
61
68
66
60
78
82
65
62
60
72
82
64
76
75
70
77
64
81
65
79
71
69
61
76
79
88
74
76
80
73
71
72
72
69
66
76
71
72
66
69
60
73
88
76
84
72
67
71
