75
70
79
62
69
76
79
70
77
62
72
67
69
64
74
71
69
68
70
62
76
76
60
70
61
60
64
62
60
71
69
67
60
71
68
62
73
75
61
64
63
63
69
76
66
70
65
75
66
72
66
60
70
62
66
79
71
67
60
73
64
71
65
85
70
66
66
80
73
74
79
70
63
69
61
60
72
66
68
72
71
64
60
77
73
81
64
81
67
76
69
74
68
65
64
75
71
73
75
65
65
75
69
81
61
64
71
76
65
73
73
66
63
71
63
60
62
67
68
80
66
68
71
76
60
60
81
71
65
64
63
70
64
68
66
73
66
60
60
62
63
67
69
72
64
76
75
66
68
72
71
63
63
62
81
71
64
70
72
73
62
69
71
67
60
76
66
78
69
65
72
68
65
70
86
79
84
80
72
77
63
69
73
67
73
71
67
76
60
70
65
67
70
66
65
67
73
77
68
65
69
70
62
66
69
61
61
67
61
68
73
72
79
67
71
62
80
60
68
60
71
71
73
74
60
77
63
65
66
71
60
68
86
74
60
67
70
70
66
79
60
64
64
74
63
61
67
65
81
84
63
69
60
60
85
75
68
78
60
79
70
69
64
69
63
62
67
65
63
62
60
65
69
67
72
66
66
61
95
78
71
66
60
74
81
75
75
84
65
