64
69
65
74
72
92
73
63
64
72
76
70
69
88
89
78
74
76
92
69
64
73
62
83
67
88
69
60
69
72
66
67
61
76
89
70
71
66
64
70
81
83
66
60
82
83
75
66
60
61
70
72
71
69
65
63
70
77
60
68
77
64
71
70
61
60
81
78
72
81
67
74
66
67
69
81
68
76
78
76
60
87
71
71
79
60
64
73
67
74
62
67
66
70
74
73
69
66
62
66
70
69
73
67
81
62
78
65
72
77
72
65
77
71
60
73
69
71
78
67
65
73
66
68
74
68
73
84
64
69
77
72
69
62
72
71
75
71
64
74
75
66
61
67
84
69
75
78
65
83
63
74
79
70
62
67
76
84
71
84
67
70
67
60
67
73
69
60
72
78
75
66
78
63
71
61
62
68
72
70
71
62
67
73
74
86
76
69
65
64
66
66
62
66
95
69
62
84
72
78
61
70
77
73
75
86
89
60
73
76
70
78
65
62
67
67
65
74
67
63
69
64
63
67
75
65
69
75
72
74
65
61
65
70
77
81
82
63
75
67
83
71
60
69
83
72
63
63
77
65
71
73
73
84
82
68
94
76
83
64
71
75
77
77
60
66
79
63
67
83
60
93
63
87
74
75
61
68
67
68
79
71
73
76
74
62
70
66
77
