78
70
62
64
75
63
60
71
66
64
67
62
65
65
68
78
79
75
76
80
64
69
68
72
70
67
61
79
84
67
83
65
76
60
78
77
85
72
78
73
68
72
79
66
60
69
63
75
74
61
68
64
61
72
69
78
62
66
75
65
75
71
61
83
63
80
79
84
74
76
71
61
67
87
74
78
79
72
76
74
78
90
62
78
78
93
74
61
73
60
79
72
71
79
69
69
62
83
70
66
61
60
80
62
85
67
83
70
77
73
70
69
77
74
60
66
73
64
88
69
62
60
61
86
81
66
60
72
63
60
69
75
70
65
95
68
82
70
67
60
63
70
66
70
74
71
77
61
90
66
66
74
60
75
66
78
72
79
86
80
74
73
64
73
73
60
66
69
79
74
63
65
60
65
71
61
81
67
69
66
84
70
68
60
67
90
75
87
74
64
68
74
60
70
70
65
79
78
76
66
75
66
72
75
72
67
68
83
63
94
78
73
72
60
82
71
68
66
65
64
72
86
60
89
73
85
72
64
64
64
77
60
62
60
82
67
73
69
82
62
77
68
66
77
84
83
66
69
61
79
62
60
73
77
77
67
72
77
78
66
68
67
69
90
65
78
85
68
66
70
60
74
67
60
74
74
72
70
71
70
76
70
67
71
69
79
73
78
71
