64
82
73
64
67
63
74
71
66
63
62
65
65
60
62
76
62
73
69
80
70
61
67
64
73
77
81
72
78
67
63
67
71
67
74
87
84
62
69
71
76
68
77
69
81
66
65
81
65
68
76
77
62
80
83
82
68
69
79
75
64
75
68
62
74
79
60
68
70
82
79
66
72
66
79
77
74
73
84
70
69
81
64
65
68
65
71
71
61
64
79
79
82
74
64
74
74
68
75
73
73
63
60
60
65
82
64
72
73
74
64
75
72
66
82
76
70
67
62
62
61
73
79
75
67
63
81
83
61
69
60
66
79
66
82
70
71
78
89
69
82
72
71
89
79
95
80
63
71
63
67
66
64
79
70
77
69
85
75
66
73
69
65
74
61
78
76
76
60
68
66
65
78
74
63
72
75
60
83
60
74
60
78
78
73
66
69
70
65
71
88
72
84
60
71
64
73
68
67
67
73
60
73
60
68
77
63
68
71
85
61
82
79
63
74
70
74
70
71
66
70
72
64
67
74
82
70
72
77
68
83
73
74
68
77
69
66
65
76
84
66
73
72
66
75
60
68
72
78
70
61
68
70
69
73
60
69
64
78
60
65
60
66
78
75
69
60
69
62
77
81
69
68
87
82
74
73
60
62
74
76
68
78
69
62
74
85
89
76
