62
68
71
82
73
75
69
81
71
75
69
71
77
80
68
66
76
71
74
74
66
66
65
68
64
75
66
79
64
70
83
68
73
62
76
67
71
76
70
64
65
86
70
60
76
71
84
71
67
67
69
61
66
80
62
68
63
72
65
70
83
64
69
70
76
91
75
73
71
67
61
64
62
72
88
73
77
74
79
77
68
76
77
65
64
69
81
68
63
62
80
64
69
70
90
70
65
67
70
80
83
61
66
67
76
67
73
60
68
76
83
73
65
68
60
70
65
60
61
61
69
67
78
72
63
74
65
73
72
64
60
62
74
68
77
60
73
74
92
60
88
66
85
71
60
83
69
60
62
67
61
75
70
76
80
80
70
75
60
72
78
60
68
63
77
76
69
69
61
69
82
74
60
60
87
67
62
76
72
86
64
77
81
79
70
60
68
79
64
76
72
82
71
65
76
76
67
79
83
60
69
73
82
70
68
84
75
89
70
88
70
74
66
74
66
71
70
65
68
60
68
85
68
73
76
82
65
70
72
82
79
75
80
77
60
70
60
74
78
60
80
68
68
84
72
73
78
66
70
77
63
79
95
60
77
60
70
80
74
72
76
60
66
70
73
63
69
75
69
61
78
77
67
79
70
77
84
67
70
75
72
75
65
68
73
74
68
60
81
