70
68
60
82
60
71
76
80
67
75
79
67
74
88
66
71
60
67
67
65
67
66
67
68
68
75
65
81
66
74
69
81
80
89
64
75
65
64
69
67
69
74
77
75
60
79
72
71
71
72
67
69
63
72
68
65
74
75
71
64
73
79
79
78
75
69
62
81
72
61
68
76
74
67
77
75
68
65
71
67
77
83
60
75
61
68
72
62
60
60
71
69
62
78
64
73
68
63
75
68
64
74
66
74
78
60
69
63
60
66
63
60
60
76
66
66
69
71
69
78
67
81
65
69
60
72
67
63
67
74
74
62
71
71
72
84
79
67
83
79
60
63
67
70
82
69
61
61
77
75
60
65
75
76
77
78
60
66
61
64
81
76
75
85
66
74
87
64
60
77
81
85
70
66
73
77
63
62
68
82
77
68
78
92
66
80
69
68
71
63
69
65
60
64
68
68
67
85
73
85
74
68
70
77
64
80
76
74
73
74
69
78
72
64
70
75
65
74
74
71
78
72
67
78
66
74
65
77
79
78
66
73
76
73
60
77
61
63
71
65
76
73
67
82
80
65
70
69
82
70
80
74
60
70
62
62
62
65
87
66
69
69
75
80
63
67
65
60
75
68
71
64
76
70
60
62
71
77
68
69
67
66
95
71
71
64
66
77
81
