68
74
75
67
65
71
65
70
71
60
75
71
79
77
60
79
77
68
63
65
83
60
65
76
70
70
62
70
82
68
64
76
72
73
73
75
75
78
69
74
60
83
67
62
81
88
77
60
87
62
72
76
75
70
69
60
77
60
75
70
66
73
85
63
72
68
82
73
74
74
70
80
65
83
76
73
60
74
88
60
60
77
79
71
77
87
66
85
63
82
69
72
89
79
76
75
74
61
74
84
68
65
67
68
78
60
61
68
63
61
65
79
68
72
78
73
86
77
70
76
62
77
77
60
60
61
72
63
68
68
71
84
72
77
70
63
84
72
87
66
63
71
91
66
66
83
68
72
81
60
74
65
68
67
79
80
71
64
76
95
62
90
68
63
65
74
76
64
76
73
78
63
60
60
73
75
72
67
70
88
63
74
65
82
79
69
81
83
71
60
75
60
65
69
73
67
70
65
70
74
82
82
60
63
61
81
63
86
65
60
63
81
83
64
79
60
68
60
69
80
60
82
62
62
83
66
68
70
70
77
68
85
65
79
70
79
67
67
75
85
67
91
72
71
79
70
66
73
71
75
66
60
66
60
67
81
65
87
73
83
69
75
63
86
72
70
72
74
70
82
72
78
80
65
73
71
65
66
64
69
67
84
67
74
88
77
68
67
70
