60
72
69
82
67
82
66
74
82
78
67
70
65
64
74
70
68
76
73
67
77
86
60
77
78
81
64
73
67
81
60
80
68
75
64
65
78
60
74
68
79
81
68
75
75
70
76
63
78
71
85
70
71
64
70
70
65
60
82
69
70
75
82
63
64
87
65
84
68
67
63
69
82
81
73
82
69
69
72
76
70
82
81
66
69
76
90
64
71
75
66
69
67
78
61
60
67
85
66
70
80
70
82
82
66
70
63
80
79
66
60
76
79
66
64
92
61
75
78
69
87
87
83
87
84
73
62
70
60
70
83
63
85
60
66
82
67
72
80
70
60
68
70
65
75
75
61
73
61
72
65
69
84
76
78
70
74
70
72
69
60
82
77
67
68
81
79
73
74
67
95
60
75
64
77
79
61
85
74
82
60
77
73
70
64
71
90
79
62
76
71
74
70
65
80
90
60
77
69
68
71
69
60
82
70
66
78
81
80
60
66
71
61
60
61
69
69
77
60
68
79
79
78
73
67
68
64
61
68
67
72
73
74
70
66
60
76
73
62
60
75
65
75
60
62
69
91
72
70
88
60
77
74
72
80
74
62
68
69
63
74
60
69
76
85
62
78
69
66
68
72
68
67
67
80
72
77
60
77
80
69
71
66
63
65
73
81
74
73
