76
75
69
63
70
73
60
74
83
74
60
72
60
75
70
83
72
69
62
72
61
68
75
65
60
61
65
77
71
64
82
63
64
73
62
66
60
67
75
71
65
64
87
68
76
74
72
70
60
83
76
67
74
78
61
67
67
60
62
74
60
74
68
64
85
72
68
76
67
63
60
62
68
73
60
64
62
64
69
73
80
60
72
60
82
71
72
66
82
74
73
65
70
60
72
68
60
68
62
77
68
65
70
81
75
68
68
70
78
64
77
62
73
67
83
71
60
67
60
67
65
64
78
70
65
82
60
65
75
72
75
71
70
78
80
75
61
83
82
80
65
75
72
74
78
60
95
70
79
75
66
60
66
69
87
70
79
80
72
73
66
67
70
60
78
66
77
66
72
77
61
73
81
72
60
64
60
71
85
79
81
70
64
60
60
66
67
68
80
70
64
64
84
76
60
61
71
72
60
83
77
69
60
61
68
67
72
64
77
84
78
77
72
76
70
78
74
69
63
65
63
76
79
67
73
64
81
69
67
63
76
69
76
78
72
69
60
69
66
71
90
72
67
60
73
82
86
60
62
74
68
68
70
67
76
73
78
80
74
79
77
63
73
73
77
67
74
72
74
67
66
77
65
61
71
68
65
61
67
82
64
71
66
68
74
61
71
67
75
