78
61
72
62
80
67
69
69
75
64
60
66
84
66
75
76
74
61
60
70
68
70
75
69
68
70
75
76
79
75
62
66
61
60
67
72
82
64
88
75
80
71
80
67
70
74
82
62
69
68
95
73
65
69
60
75
64
74
70
72
69
74
75
79
66
61
60
66
85
81
72
76
66
60
74
77
71
66
65
65
67
66
67
62
69
65
64
60
63
67
63
79
69
77
70
73
62
72
62
64
67
74
63
64
72
71
62
71
61
70
89
66
64
64
64
67
79
74
69
65
66
77
77
69
67
69
68
79
61
60
69
60
76
73
69
62
65
71
62
71
61
61
68
72
69
65
67
60
74
74
61
63
72
62
60
61
66
63
75
71
73
68
83
71
71
73
77
69
62
72
70
82
71
63
76
73
69
67
73
67
77
60
69
60
75
73
80
74
72
66
67
76
64
65
60
62
73
60
61
75
65
78
73
73
77
64
69
71
60
65
65
75
79
72
67
73
70
62
68
94
65
65
69
79
80
80
63
73
74
70
75
71
76
61
77
67
63
70
62
65
81
73
63
75
65
78
73
73
60
61
60
77
63
70
73
65
66
67
68
63
71
69
60
62
71
72
94
62
75
70
79
67
63
82
63
79
70
63
61
77
74
83
77
80
64
64
74
76
67
