78
80
77
76
68
89
65
73
71
74
61
81
71
73
73
77
71
84
90
76
60
73
72
81
73
76
76
68
78
69
63
69
73
64
62
80
84
70
70
66
87
88
74
69
66
71
70
60
62
80
70
80
62
77
78
60
76
85
80
86
62
78
78
80
65
75
74
70
71
84
79
86
90
65
85
75
63
73
91
63
71
78
82
60
64
65
74
71
64
83
65
69
64
75
68
87
76
69
90
71
78
73
60
75
84
82
68
71
82
71
68
75
67
89
74
87
85
62
68
64
92
78
88
70
70
75
88
71
61
76
75
73
61
60
75
76
89
68
76
64
75
68
78
74
69
61
75
80
62
76
78
75
61
77
67
60
84
70
60
80
60
68
75
72
63
70
90
77
81
68
64
72
69
72
80
60
72
79
69
76
76
87
71
63
62
83
79
81
65
83
70
70
84
78
70
62
76
74
72
81
60
77
61
77
71
73
67
79
81
74
66
69
72
75
77
76
82
60
63
67
76
60
79
67
62
65
72
84
84
74
67
75
77
68
79
66
67
93
72
65
79
69
72
78
72
85
80
70
85
75
90
64
79
82
70
72
78
80
75
68
70
70
90
66
64
78
65
62
74
74
91
75
82
87
72
91
85
61
62
67
74
95
79
62
62
88
72
79
67
