62
62
80
61
60
69
63
82
60
87
76
84
72
68
70
82
72
67
61
63
76
71
78
72
64
76
66
68
74
60
67
60
73
70
63
82
76
76
73
68
66
82
66
60
62
61
65
72
76
64
67
78
82
88
71
80
71
70
66
79
71
65
76
67
68
95
64
74
87
67
65
81
68
64
84
75
73
75
72
82
69
64
93
73
74
61
67
60
76
79
64
67
79
62
66
87
61
65
87
60
81
74
64
68
68
63
66
74
62
77
71
86
77
68
65
82
90
71
72
75
70
61
60
71
92
77
81
74
73
74
70
72
62
74
63
61
73
64
83
78
61
74
88
64
69
64
68
76
66
66
70
69
71
71
60
74
70
69
79
90
67
81
92
63
82
74
73
67
62
69
72
69
64
72
63
80
71
68
75
60
68
73
77
69
64
60
80
70
70
89
79
65
70
64
66
65
67
66
70
73
64
67
70
78
64
79
77
77
60
68
64
84
72
67
60
63
73
73
60
65
68
74
70
76
63
64
71
71
76
78
71
64
62
72
79
79
64
63
72
75
71
71
73
67
76
63
66
78
77
81
60
75
62
70
71
80
66
68
74
60
67
76
65
77
64
70
62
61
83
84
68
68
83
84
67
67
73
64
60
67
77
64
74
60
72
81
60
84
68
