62
78
75
78
74
76
60
60
76
77
70
79
66
63
77
68
74
63
85
61
78
66
61
70
74
71
65
72
64
80
61
78
66
60
74
74
68
71
66
66
68
75
60
79
60
71
73
86
60
60
63
66
67
75
82
72
70
84
78
60
93
66
64
60
70
60
71
64
84
87
60
67
64
63
67
64
95
69
72
70
84
64
71
69
65
77
60
72
82
69
60
60
67
67
80
75
67
64
70
67
65
72
75
62
71
68
75
60
76
61
71
60
62
71
64
67
78
64
79
73
60
73
68
68
68
68
75
66
77
85
69
69
73
62
65
77
73
65
71
69
62
71
67
69
74
67
72
78
67
60
73
74
60
60
60
68
87
61
76
74
65
68
60
67
72
72
66
81
67
61
72
61
77
66
69
70
73
63
64
65
79
70
76
60
60
70
75
70
83
66
79
72
70
63
69
66
81
72
80
67
63
77
66
68
84
77
75
68
75
70
60
70
60
73
61
81
64
63
69
72
77
64
64
77
65
71
67
77
65
71
71
69
72
73
66
67
76
67
79
84
69
71
71
70
73
70
70
63
66
81
91
68
79
70
71
88
70
70
71
81
65
73
69
79
67
63
65
70
76
60
85
67
65
61
70
66
74
77
61
67
66
67
75
65
60
68
64
65
67
