74
67
70
70
75
78
65
60
72
62
68
66
63
69
71
76
63
66
62
72
70
68
66
68
76
74
75
75
64
81
76
69
73
60
69
66
95
67
64
82
86
67
63
84
61
64
64
86
80
66
73
72
73
64
77
74
60
71
71
64
66
69
62
60
62
66
71
70
66
79
67
75
65
77
70
83
74
67
70
60
66
70
66
70
73
68
78
67
75
62
60
86
70
60
68
76
69
73
65
71
64
67
61
66
70
72
65
79
63
76
65
63
72
63
78
60
86
72
66
74
64
71
65
79
66
60
69
65
63
72
70
66
74
86
66
62
61
69
71
70
71
66
66
67
71
66
67
76
70
62
64
66
70
76
70
86
72
80
63
71
69
70
65
66
65
68
63
70
89
63
64
75
60
70
60
66
71
60
64
77
65
74
63
67
71
69
73
72
75
85
65
61
69
74
70
78
69
69
72
63
66
75
67
60
83
78
60
61
70
78
77
77
69
67
63
67
69
65
70
67
72
66
78
75
64
65
70
72
80
70
75
75
78
70
65
60
79
78
63
80
77
68
71
75
77
68
68
77
82
63
70
70
66
67
76
68
78
75
73
65
69
71
68
77
77
74
67
65
75
72
72
65
71
74
69
65
74
86
62
71
71
76
78
78
71
72
60
60
71
