70
84
69
63
66
64
76
72
73
64
78
69
70
69
75
76
71
77
67
65
82
66
64
70
66
70
63
81
72
66
71
70
76
64
80
78
75
71
62
65
94
85
78
72
69
63
70
71
70
70
65
72
67
64
68
81
60
65
60
86
78
83
88
62
62
89
91
67
81
66
81
86
76
75
64
74
69
69
74
63
68
70
89
71
75
67
80
78
77
79
73
60
75
81
61
60
78
62
62
74
63
63
62
70
70
62
71
70
83
66
87
66
67
63
60
85
81
75
67
64
72
71
88
74
71
66
78
62
75
71
65
77
73
74
61
64
67
73
68
68
72
73
65
71
63
61
67
72
78
68
73
64
64
70
65
61
72
73
69
71
64
78
63
62
70
78
73
66
78
61
78
75
60
61
65
72
67
78
72
70
93
66
73
71
80
64
66
74
73
66
73
74
64
95
70
68
70
65
60
76
79
72
77
70
60
76
60
61
61
74
60
75
71
81
76
75
70
66
64
67
79
66
61
61
63
64
72
61
84
66
64
67
79
60
66
68
63
65
73
79
70
62
89
77
87
60
73
71
74
63
66
63
73
66
77
67
76
63
70
63
61
60
60
67
86
83
73
80
75
72
74
85
62
69
85
63
68
72
76
70
66
61
69
81
63
83
69
62
68
