89
79
63
69
71
73
73
66
66
68
73
69
75
62
60
67
69
75
83
61
82
87
79
60
76
66
68
64
95
83
67
75
69
76
75
60
72
74
60
64
75
78
60
83
72
69
72
71
74
60
70
72
66
68
70
80
70
64
69
70
78
63
66
77
70
78
76
60
63
73
65
76
71
63
60
68
73
71
66
61
72
62
73
68
60
79
62
74
79
71
60
82
60
72
73
73
72
64
60
67
61
65
67
69
61
85
62
67
76
64
64
83
70
60
84
70
74
82
74
78
62
76
67
67
75
60
76
62
75
65
82
74
79
86
68
67
69
76
68
70
85
63
60
75
64
89
67
75
70
63
72
64
64
69
78
70
63
67
69
71
81
82
64
63
81
68
69
75
76
64
77
60
66
69
63
74
74
80
69
66
75
81
71
82
73
68
60
71
62
75
66
73
83
69
84
63
70
65
70
60
78
82
76
78
77
68
67
66
71
63
70
72
64
66
61
76
76
74
87
63
78
69
66
66
70
60
77
68
71
62
78
60
74
70
67
78
60
60
67
77
84
81
61
76
60
66
87
69
80
75
70
70
74
68
77
71
62
74
69
76
75
72
69
69
65
64
64
71
81
76
76
76
75
70
75
80
64
65
88
60
94
78
79
60
66
78
75
70
67
