84
60
64
82
77
65
65
60
69
65
81
70
60
70
64
71
72
65
64
73
63
73
61
74
79
81
64
60
73
65
71
65
62
65
73
69
60
85
73
77
77
66
68
69
70
75
74
76
61
67
64
71
60
71
66
65
61
65
69
74
68
87
86
67
67
63
63
69
62
65
61
60
74
60
70
60
70
67
61
73
64
71
76
70
71
95
75
78
79
66
80
75
68
61
60
64
72
60
76
66
79
70
64
79
83
64
77
64
71
65
72
67
77
69
64
67
79
85
83
66
74
63
65
73
78
79
60
60
60
72
60
72
75
86
69
78
66
71
61
78
67
62
69
80
77
60
70
62
71
67
60
71
63
83
80
60
74
64
66
76
62
66
80
66
66
71
60
86
72
83
60
80
77
65
60
61
64
64
67
71
67
73
71
73
64
68
78
68
74
69
66
62
68
69
64
60
72
65
71
69
67
63
66
83
69
66
60
74
88
68
67
78
68
61
70
64
66
69
63
68
72
60
60
68
69
71
77
69
67
71
67
78
69
60
80
72
73
66
73
64
84
60
71
65
72
60
80
62
65
66
70
82
73
66
83
75
61
76
77
60
77
80
60
80
60
66
71
81
71
77
77
66
82
76
68
79
60
67
73
60
69
61
73
75
60
79
64
63
78
