76
62
77
62
73
81
61
69
71
71
69
63
76
66
67
76
69
68
69
69
68
62
81
74
64
82
71
60
92
67
77
62
60
68
73
67
70
74
78
70
63
67
74
71
70
64
66
79
62
67
68
67
67
60
69
66
67
67
63
80
83
87
78
69
75
86
66
85
71
71
66
64
65
66
60
78
71
73
60
62
76
67
70
65
69
68
69
76
76
64
70
79
69
66
60
65
72
83
81
66
66
60
62
75
72
75
76
60
70
60
60
74
63
64
61
62
60
69
62
70
67
68
72
72
70
61
67
76
63
60
66
60
69
72
64
64
70
60
68
73
64
66
68
71
72
71
69
71
72
73
75
68
78
68
72
71
65
80
67
69
70
70
70
72
71
64
63
76
70
62
80
65
62
65
71
76
69
64
63
75
73
78
63
65
75
67
63
71
76
67
72
75
63
65
70
71
74
62
75
90
60
73
71
77
61
65
72
65
66
64
64
61
95
65
62
78
79
73
61
60
79
68
66
79
71
62
79
62
69
80
60
69
60
74
68
73
81
75
60
60
80
74
75
81
72
75
74
67
62
63
70
63
60
65
76
73
63
68
78
63
65
89
67
63
69
68
60
76
64
70
73
77
84
88
61
73
63
70
60
80
75
67
73
64
68
86
70
70
67
