65
62
61
80
81
71
63
71
64
67
75
73
73
60
72
73
60
69
66
60
74
76
70
76
60
78
79
68
69
63
74
80
70
67
70
70
82
72
74
75
73
73
78
69
73
77
76
61
78
78
72
80
68
62
66
71
79
72
75
62
60
74
74
69
64
78
62
74
76
83
64
66
66
60
69
82
72
75
86
64
67
83
68
61
63
63
64
70
68
66
65
75
84
70
82
79
77
65
77
61
71
74
72
66
61
79
66
78
73
75
84
73
95
66
69
69
60
60
68
73
62
66
72
77
68
67
89
60
78
72
60
68
72
76
75
69
63
67
79
76
83
79
69
74
84
62
64
66
70
60
79
64
66
74
69
71
73
67
71
78
65
77
77
76
75
77
60
71
65
68
76
73
62
60
67
64
64
73
70
77
66
69
76
67
67
63
63
69
74
83
78
78
76
79
62
70
60
61
74
72
75
80
60
60
61
91
62
70
67
74
67
67
69
71
63
71
68
70
73
75
65
81
74
64
73
61
72
64
74
77
64
64
84
60
69
85
67
71
81
78
79
77
70
69
71
61
74
76
74
61
72
67
67
70
78
65
63
69
82
85
71
79
75
73
62
77
76
72
69
60
65
78
61
64
63
66
60
63
65
71
64
68
71
73
68
76
60
90
60
