60
64
84
72
71
69
72
76
60
64
62
66
73
60
69
70
78
70
80
70
67
77
72
63
65
61
68
77
88
75
70
73
69
75
71
60
72
83
60
69
76
66
76
84
74
65
73
69
76
72
78
65
78
69
66
67
74
75
60
69
70
69
70
70
84
74
77
65
60
71
80
62
70
67
73
82
62
75
79
71
86
68
74
69
68
71
71
65
60
60
69
68
74
60
66
62
78
71
67
68
73
68
88
65
71
68
68
88
72
83
71
66
75
76
72
75
79
72
65
62
77
66
80
76
62
75
79
86
69
60
76
68
70
74
73
63
67
70
73
70
63
72
71
77
72
62
72
78
64
72
65
73
76
77
60
81
74
62
70
67
74
94
62
75
69
73
75
71
70
76
77
85
65
69
61
71
78
65
71
60
82
75
60
70
80
79
60
75
63
73
72
60
60
81
65
66
60
60
66
71
66
74
60
68
82
82
60
62
60
74
67
69
66
72
60
68
91
75
66
72
63
85
61
67
60
67
95
75
83
69
63
66
68
67
62
75
63
66
72
77
62
65
77
65
74
89
61
75
69
71
85
82
61
76
82
73
74
78
80
74
79
70
60
62
70
72
68
87
67
82
69
74
66
69
60
67
63
69
72
69
68
74
76
67
66
60
73
79
72
