71
71
60
70
76
60
60
60
81
81
76
79
66
84
81
80
84
72
83
74
88
81
72
63
74
78
86
74
84
71
66
76
81
74
68
79
71
67
70
70
93
61
84
68
76
89
70
77
69
68
62
61
65
67
75
70
71
67
62
73
65
72
60
77
87
71
73
88
67
63
81
85
71
62
68
70
60
79
68
72
65
66
60
83
72
73
75
61
63
73
86
72
73
72
72
67
80
84
64
72
68
88
66
76
79
73
65
82
82
76
92
92
86
77
80
66
80
61
66
89
61
68
60
87
67
72
70
67
83
67
76
71
64
80
67
61
64
85
65
72
67
63
83
75
71
74
75
77
62
63
62
73
60
85
60
66
68
81
68
63
77
78
85
67
68
60
62
62
63
78
69
86
71
77
73
66
64
60
70
71
80
76
60
67
72
80
72
65
65
77
67
86
66
77
68
60
60
69
71
73
67
80
84
68
74
74
74
90
68
64
60
79
75
70
60
60
80
93
82
65
60
68
66
73
77
69
69
74
69
90
74
71
66
89
67
77
83
76
65
73
70
67
95
80
80
86
87
60
82
80
60
60
64
66
78
68
67
78
61
87
92
69
71
72
75
65
60
62
85
70
78
72
69
69
75
65
65
72
61
68
65
75
64
61
67
73
71
75
67
