74
67
66
72
74
70
77
72
66
65
62
65
71
72
71
65
80
62
64
66
76
80
80
68
76
64
71
62
92
74
65
63
68
60
76
81
72
64
92
67
75
70
95
69
65
60
61
69
60
60
67
68
72
62
60
71
69
70
67
74
70
70
77
69
67
60
69
66
80
72
68
62
79
79
76
66
75
64
60
75
66
65
64
65
63
66
67
61
89
73
84
69
83
66
67
60
87
77
77
63
80
75
85
76
82
63
62
77
60
60
68
63
76
70
81
74
83
80
69
71
73
75
74
73
88
82
73
73
71
66
77
61
66
63
71
68
85
63
60
77
69
72
64
66
91
63
61
66
74
73
68
64
81
67
75
82
67
79
73
60
77
64
77
75
70
62
68
73
77
67
74
70
71
63
67
80
73
82
61
61
77
61
74
75
78
69
61
63
80
76
64
79
79
68
61
60
69
80
66
69
64
65
72
75
72
66
67
62
77
61
82
64
76
64
76
78
65
65
68
64
84
72
78
83
74
61
60
65
60
67
72
78
74
62
72
68
81
74
68
81
76
63
80
67
68
71
70
75
64
77
61
73
73
78
72
78
75
64
72
70
76
70
61
69
71
75
68
67
81
68
64
72
75
70
61
63
68
75
64
87
66
73
69
83
66
71
68
81
78
