72
71
66
79
71
61
66
67
63
73
77
78
67
70
79
71
67
79
70
77
66
74
72
71
63
64
60
64
71
80
71
60
60
74
62
70
80
79
72
72
77
83
69
65
80
75
66
65
66
79
80
77
78
69
63
85
70
76
68
70
78
68
66
61
76
66
71
60
68
72
73
70
68
70
74
71
71
71
66
73
64
79
74
68
60
76
62
69
64
78
78
71
70
67
73
79
79
77
60
70
73
71
61
72
77
80
71
72
62
75
71
65
77
64
73
76
86
66
63
66
68
68
67
74
61
78
75
65
70
60
65
68
68
68
76
64
63
60
78
77
75
63
74
68
67
62
75
63
60
70
76
77
74
79
78
89
71
76
68
80
71
76
74
84
65
60
60
73
71
71
66
60
73
64
79
72
81
73
68
61
65
60
95
76
67
69
68
74
60
77
73
68
60
69
74
75
80
75
71
65
72
66
69
61
74
90
78
71
60
87
60
65
63
80
64
74
70
78
63
76
61
67
78
71
70
69
72
62
68
82
75
60
62
75
66
73
73
88
78
80
60
65
86
70
69
78
68
67
61
72
68
75
69
62
79
62
70
70
62
63
74
71
68
72
60
78
82
60
73
70
75
69
65
77
63
74
70
70
80
60
67
74
76
64
66
79
60
63
71
