71
60
66
72
66
70
80
78
81
62
60
77
82
72
67
60
80
76
67
81
65
87
64
69
73
76
76
81
73
63
68
66
72
72
73
67
65
60
77
70
60
60
65
66
70
76
68
62
70
78
77
61
67
69
73
79
65
63
70
90
71
74
60
79
63
66
66
78
62
75
66
67
65
84
66
77
66
71
60
75
65
69
69
62
60
69
70
61
64
66
79
66
65
62
61
62
76
64
77
66
65
60
73
67
65
64
62
63
86
65
67
60
79
60
69
61
68
67
71
74
66
64
71
60
72
71
66
60
70
81
72
63
83
73
68
67
78
60
95
63
74
60
64
73
76
69
77
77
68
67
65
85
63
73
77
71
74
87
60
67
80
71
68
88
80
68
71
61
72
69
83
64
64
65
60
78
86
60
73
72
71
73
80
66
72
82
73
62
70
77
64
83
61
66
76
83
62
73
67
71
79
64
67
71
60
69
66
91
65
64
79
61
65
80
87
79
68
79
70
68
60
76
61
76
74
65
64
64
60
85
70
81
73
77
70
88
70
84
74
74
66
73
62
70
75
79
81
65
73
76
89
70
93
66
70
69
88
77
70
79
71
74
74
65
73
61
61
82
76
60
65
68
76
72
73
80
78
81
66
79
66
74
63
79
91
71
62
66
60
