71
77
66
85
72
60
78
76
79
71
74
82
65
70
66
65
68
79
64
73
63
75
66
83
65
61
65
71
71
85
61
77
71
71
68
63
69
74
61
72
85
63
71
72
67
79
71
72
77
77
72
64
61
71
67
77
83
81
84
73
69
67
71
77
76
79
69
83
78
76
60
63
86
76
82
60
69
66
77
65
71
70
73
60
63
61
69
72
62
71
85
67
64
67
68
77
68
72
66
90
70
69
66
63
66
60
80
66
81
60
68
70
60
73
69
71
66
70
60
73
70
64
60
78
69
76
62
72
71
71
63
79
76
66
73
81
75
76
72
77
60
92
78
68
71
73
64
62
79
79
76
72
75
73
65
64
61
76
67
69
69
72
63
65
68
71
69
84
76
77
69
70
71
69
77
73
60
63
67
67
75
67
95
69
70
62
65
83
71
62
70
65
61
78
65
72
69
93
82
60
77
64
67
68
64
64
62
89
76
68
60
71
70
72
76
73
76
76
70
85
64
72
70
62
66
62
79
88
66
64
65
73
73
66
64
60
74
64
67
76
61
69
64
62
62
60
75
83
80
72
69
81
61
64
61
65
75
63
71
60
66
60
66
68
67
73
72
79
81
70
65
74
62
60
82
64
66
83
74
71
63
60
70
63
71
61
86
73
69
