68
77
64
81
70
72
70
69
70
80
65
72
60
67
61
74
67
81
66
64
62
78
70
71
72
63
76
62
84
66
77
71
64
67
62
62
60
69
79
63
67
80
78
73
77
76
60
75
77
74
68
75
69
67
71
72
77
66
63
86
75
69
95
64
61
86
78
61
73
60
75
71
69
74
70
70
69
72
72
74
89
71
76
70
65
75
67
85
61
78
94
68
64
88
78
71
77
74
66
60
60
81
68
65
67
77
65
69
65
64
62
77
75
78
76
64
65
73
63
65
68
72
63
65
64
75
86
78
75
67
63
75
60
70
60
76
65
75
69
87
74
72
74
76
69
83
71
68
69
68
69
62
74
60
77
68
71
71
69
76
67
69
66
60
64
64
65
61
72
61
63
72
66
60
74
70
87
69
64
72
68
71
60
69
71
70
67
72
65
78
80
83
71
71
69
66
66
74
79
62
75
70
82
61
73
64
61
83
63
77
73
67
69
85
87
66
82
75
75
89
61
63
61
71
70
68
67
66
76
70
60
77
80
74
60
74
78
72
68
81
63
60
76
63
77
67
76
72
62
69
69
72
63
74
63
63
61
72
69
60
71
74
79
68
77
72
64
68
66
66
75
63
73
62
79
67
72
68
72
66
71
81
63
77
70
78
72
74
74
