76
62
78
67
81
72
72
79
66
68
74
67
69
70
63
72
79
71
70
77
65
69
72
60
73
60
68
74
78
74
78
75
60
66
63
74
79
69
72
69
85
68
69
79
63
76
65
71
61
79
60
62
71
62
70
79
76
67
66
68
72
64
84
65
67
76
65
66
65
63
83
76
76
60
60
83
71
73
81
81
71
71
75
67
66
81
75
76
65
76
61
84
67
66
74
75
80
83
62
73
75
68
67
70
85
62
69
77
66
69
67
60
74
73
70
78
62
66
65
69
76
68
60
60
75
60
70
71
61
86
71
78
65
62
73
72
70
66
76
68
71
67
70
71
60
86
75
72
65
81
67
72
67
82
64
70
80
69
73
70
76
79
70
70
84
61
60
69
77
65
81
83
91
73
66
69
63
71
64
77
80
88
64
60
95
65
69
78
76
64
90
70
69
69
63
77
65
66
76
70
76
70
74
76
60
67
69
77
61
63
78
68
76
70
63
71
74
68
68
75
66
60
74
79
68
68
80
62
66
70
74
65
72
62
76
80
66
60
66
60
76
62
69
68
64
61
73
70
60
68
79
77
68
61
68
86
65
68
75
60
65
67
63
74
60
71
73
72
77
72
70
75
77
70
63
76
71
64
75
78
64
72
83
76
73
71
60
67
75
