73
62
70
75
76
62
70
69
66
64
63
65
69
73
68
63
62
65
68
65
67
68
67
71
64
64
69
68
72
60
70
72
69
95
65
80
69
61
66
71
63
71
67
61
60
73
65
74
63
75
66
76
68
64
60
70
69
71
75
61
64
73
66
76
73
60
66
70
60
65
60
72
72
62
63
73
62
82
76
72
73
64
66
63
64
72
74
61
72
79
72
71
62
72
62
63
70
70
70
72
76
69
71
60
63
69
67
67
67
64
66
75
75
75
69
60
63
81
65
63
73
61
67
65
76
72
73
70
70
71
74
60
76
75
78
68
78
72
60
67
68
78
62
63
72
64
63
71
75
71
60
66
73
63
61
63
68
70
71
64
72
65
61
81
78
65
65
67
69
70
66
67
63
62
74
63
79
66
67
68
74
76
76
73
74
71
66
73
68
60
68
74
61
80
60
66
68
64
65
75
67
61
72
75
64
65
62
64
71
65
68
76
76
68
63
69
65
74
78
69
74
60
84
68
74
75
65
68
64
60
70
72
61
74
68
68
71
64
82
64
73
70
69
70
67
67
67
64
76
64
65
71
78
70
71
69
80
73
75
62
69
69
77
68
62
72
67
80
64
82
64
79
64
68
63
72
69
75
76
62
64
62
67
64
66
78
75
65
60
