70
62
72
69
71
73
69
63
67
71
82
75
70
78
80
69
74
69
74
85
66
95
61
69
84
63
80
71
69
69
75
65
72
77
64
73
61
66
66
70
85
70
76
76
63
61
60
71
60
68
63
68
76
69
77
71
67
91
72
69
62
60
60
83
74
67
83
73
68
60
61
71
79
71
69
75
71
86
74
79
83
69
75
63
69
74
69
86
72
67
81
68
79
64
66
63
61
64
73
76
61
78
75
75
74
74
68
63
60
71
60
69
85
79
65
69
75
69
71
72
67
67
88
79
64
69
62
60
82
66
74
67
87
81
69
68
73
64
82
72
75
75
67
65
78
75
65
74
66
83
81
77
72
79
76
69
77
71
72
63
81
81
68
78
70
67
63
65
66
70
75
71
77
71
67
78
63
72
72
73
64
66
69
65
83
72
76
67
68
79
66
62
60
72
68
70
79
70
62
62
64
64
72
78
70
60
68
69
61
78
72
62
60
71
78
71
64
64
60
63
62
75
72
67
74
75
75
65
76
60
68
67
65
69
75
70
80
72
81
79
67
71
61
69
60
61
60
60
69
64
63
74
62
66
60
72
77
69
82
68
71
60
74
77
66
78
69
67
74
69
64
80
60
67
74
76
71
71
66
67
62
83
68
71
74
73
69
73
82
