60
78
78
81
79
82
60
69
67
79
65
63
61
60
66
66
63
68
81
70
68
60
76
71
60
65
73
67
60
74
71
63
77
66
68
69
77
86
75
75
79
68
77
76
68
70
64
75
74
60
75
74
74
60
71
60
70
79
61
68
72
73
77
84
83
71
67
85
64
63
60
82
69
65
67
73
64
82
67
65
74
62
63
67
69
71
80
76
69
69
61
68
71
67
60
62
73
66
80
68
72
74
87
71
75
63
75
60
74
68
73
75
75
70
63
60
77
72
69
65
69
73
62
79
70
81
67
72
66
67
62
69
65
70
76
75
64
77
73
64
79
72
73
65
78
68
60
71
83
64
65
71
68
79
81
60
70
60
77
69
79
84
60
73
66
78
70
69
78
76
76
62
63
74
76
74
76
72
72
83
68
62
80
80
78
70
60
63
66
81
74
67
70
75
86
71
69
60
60
62
69
66
68
67
86
69
76
68
69
66
69
77
80
81
76
60
64
82
63
65
72
73
70
60
70
76
77
67
72
70
65
80
84
78
76
64
71
90
74
78
68
60
73
65
67
60
76
61
76
65
60
71
65
77
64
84
68
68
68
73
66
79
70
67
70
78
62
67
70
64
78
64
64
95
68
70
69
66
71
78
74
66
72
73
66
66
78
64
62
