69
70
70
79
76
74
60
73
67
76
65
88
80
80
83
76
76
62
82
73
71
81
75
62
65
62
70
91
73
60
71
69
89
60
60
78
67
86
71
75
66
92
71
73
69
78
71
68
72
75
81
82
64
74
75
91
81
68
71
91
65
65
74
63
73
61
77
80
85
82
71
68
69
68
65
78
77
60
71
79
62
73
71
70
64
66
66
79
65
66
83
64
79
71
70
71
71
80
75
73
60
66
64
82
67
67
72
70
87
61
68
75
60
65
63
67
62
65
84
61
74
84
81
60
67
77
72
91
85
63
69
71
81
76
69
66
69
86
70
73
60
86
73
70
60
79
60
66
90
69
71
84
87
69
69
77
63
76
85
64
67
68
60
69
86
61
76
70
72
64
60
62
75
68
81
68
70
73
71
60
71
71
80
74
68
89
74
79
68
64
71
73
81
76
75
77
62
65
66
60
63
70
64
77
86
84
78
70
80
77
65
71
73
82
72
73
71
75
74
68
72
74
60
76
67
60
70
68
95
74
64
72
89
63
67
62
75
68
60
70
84
74
89
87
93
83
63
70
61
80
76
68
60
77
66
69
76
64
67
77
68
80
79
62
87
61
71
70
73
81
73
61
71
78
65
67
66
67
72
90
72
65
87
77
77
61
78
63
78
