64
75
67
67
61
85
75
60
78
70
68
69
67
73
80
73
61
80
70
72
74
71
66
68
85
80
71
77
80
75
70
64
73
69
69
64
60
76
83
78
69
72
63
87
67
82
78
65
60
70
71
77
73
74
80
74
76
68
80
65
72
60
91
74
78
73
85
71
60
61
80
79
83
60
60
76
65
70
76
69
64
69
73
62
78
75
72
61
88
75
60
72
60
60
76
72
69
62
83
77
64
81
75
88
61
65
69
63
64
85
62
88
76
76
60
67
86
69
85
80
62
65
77
79
71
76
84
66
70
64
67
90
62
70
79
61
69
71
68
63
72
69
76
73
64
74
75
77
74
64
65
73
81
66
72
72
72
75
63
77
68
80
75
76
79
84
63
65
63
67
80
73
74
62
84
73
60
73
72
75
62
63
89
72
88
70
72
62
86
75
65
81
75
74
65
73
60
87
77
68
73
68
75
95
66
79
65
60
75
78
67
62
71
62
61
83
84
73
60
68
67
65
68
63
75
63
77
82
73
70
81
82
92
82
77
67
72
61
60
69
85
64
84
60
60
66
80
73
78
87
72
72
67
73
69
81
88
77
60
94
90
69
67
66
72
69
80
76
77
71
77
61
82
71
64
69
72
67
74
62
75
69
87
67
62
74
62
73
64
