62
72
64
81
64
63
81
78
76
61
72
71
62
65
74
67
66
61
60
73
72
64
61
71
64
64
73
66
67
72
66
69
65
66
65
65
60
68
61
71
71
72
65
67
70
75
73
84
67
68
73
67
75
79
73
60
76
61
70
76
65
63
76
62
75
71
62
72
84
62
65
65
86
69
72
63
79
65
74
78
73
80
62
71
75
83
67
66
65
62
63
70
78
70
71
69
64
77
66
62
74
78
69
83
65
68
60
72
76
60
73
66
67
76
69
65
66
61
73
75
63
79
72
74
64
60
71
82
69
76
63
70
78
95
70
70
68
68
74
73
76
67
67
63
63
68
83
71
73
70
74
70
78
60
70
66
71
70
64
67
67
67
69
68
71
84
75
65
85
68
77
70
73
67
64
60
76
66
78
75
83
62
93
63
62
65
81
73
69
71
72
60
74
71
75
67
60
68
68
64
73
72
63
77
66
72
60
70
71
60
60
69
64
71
63
68
65
68
65
82
76
60
81
64
69
67
64
66
76
77
68
60
65
74
75
63
70
77
65
79
75
75
71
82
64
74
64
80
60
66
61
73
63
63
65
70
89
71
69
79
74
73
73
62
62
71
74
68
65
75
60
66
67
77
60
60
74
73
65
70
60
61
69
66
68
83
60
68
66
