82
63
75
62
71
70
71
72
75
80
65
83
81
69
62
75
61
62
71
73
66
76
72
77
69
73
65
85
72
71
80
60
88
65
78
76
69
79
73
62
76
66
60
75
62
67
89
72
95
63
82
82
78
60
70
66
82
72
69
65
60
92
81
64
67
73
80
65
77
69
78
63
69
76
76
66
66
68
78
83
64
72
68
69
65
60
62
65
71
68
84
69
65
72
67
72
66
79
60
93
74
64
66
73
78
68
80
65
67
65
90
67
61
68
65
88
89
66
68
70
73
72
72
63
68
62
82
64
81
70
77
66
71
75
76
63
72
84
60
66
73
72
65
76
71
75
84
80
73
73
90
67
75
83
80
62
80
72
76
73
77
81
62
77
66
69
70
81
87
79
77
60
72
74
72
69
80
71
73
69
67
66
62
60
68
84
60
64
77
61
72
78
70
60
60
60
74
79
68
71
77
78
70
69
75
73
77
77
65
77
65
74
80
61
82
82
66
64
74
76
68
92
63
73
76
71
68
75
90
78
74
81
62
70
83
65
74
65
75
71
74
82
81
92
78
69
62
88
78
71
75
82
75
77
67
74
71
76
82
78
60
78
86
61
68
81
75
68
75
70
69
80
75
91
75
60
65
81
75
67
64
81
69
71
65
69
83
78
70
