71
82
66
68
61
60
68
69
68
66
60
67
74
65
63
63
72
73
76
82
65
72
68
73
72
78
70
71
68
65
67
74
73
64
73
69
68
81
60
74
75
74
77
66
61
73
73
66
62
66
69
65
66
72
60
74
76
72
73
60
86
67
80
66
71
68
69
65
77
81
69
71
86
67
60
69
63
76
68
76
75
71
67
69
65
63
68
70
71
79
62
70
60
81
73
90
75
70
71
60
63
78
69
69
76
63
90
64
74
61
78
75
92
74
78
76
82
73
77
80
61
73
80
68
68
61
81
60
88
75
72
73
70
78
81
66
70
66
72
73
69
79
60
77
87
66
70
78
81
61
78
63
60
65
77
60
72
73
72
66
61
73
71
74
63
75
71
65
75
71
68
68
62
60
63
78
60
63
60
69
63
68
95
70
70
72
86
63
64
77
80
72
69
82
70
72
77
86
63
67
75
68
89
74
61
82
67
67
67
62
66
63
79
79
71
74
79
65
68
67
67
64
71
63
67
68
73
65
63
77
75
78
71
71
73
66
65
71
69
70
60
69
84
62
71
72
70
78
69
88
72
70
66
74
72
71
74
64
74
70
67
68
71
68
64
64
73
71
71
60
60
60
63
74
85
75
76
72
69
79
61
76
72
69
68
79
73
69
70
