70
66
69
74
66
66
62
62
62
82
67
60
68
95
63
71
73
66
65
64
77
79
68
65
71
74
65
81
75
66
80
60
70
65
72
69
60
72
72
73
78
78
70
78
60
68
80
75
73
69
63
74
77
76
72
63
89
63
67
86
71
82
69
60
68
63
61
86
70
65
76
70
66
81
68
66
74
62
64
63
70
64
60
74
73
71
70
89
71
71
67
70
81
63
64
64
70
60
71
67
71
70
77
81
79
67
73
85
72
71
62
60
73
67
80
68
64
62
77
73
72
67
60
79
72
72
81
75
77
71
78
65
69
66
60
75
77
68
66
75
69
66
65
75
62
71
68
66
60
67
84
74
79
75
72
65
74
77
71
61
64
64
84
63
78
75
73
71
60
91
60
69
67
68
67
73
85
69
75
65
73
68
71
64
67
61
73
65
65
72
76
68
80
81
73
62
69
66
63
82
66
71
80
74
88
71
60
78
70
70
81
68
77
62
68
69
66
79
64
69
67
72
72
61
67
61
70
68
80
72
71
71
67
67
60
66
71
65
60
77
80
63
74
62
79
73
70
70
74
79
86
74
76
85
77
70
71
69
67
63
64
66
78
63
60
67
74
60
69
65
80
82
60
73
61
77
69
65
74
83
76
61
72
74
72
70
70
75
72
