73
67
64
78
65
72
68
67
63
87
67
68
64
65
63
74
82
78
72
75
60
79
70
81
95
68
85
73
68
70
63
62
83
68
68
65
73
77
73
68
72
72
67
69
61
65
66
64
62
68
65
67
71
71
69
71
82
67
78
75
72
74
76
64
87
68
71
77
70
81
63
82
73
71
60
80
73
65
75
69
64
74
79
66
64
72
66
80
60
67
63
80
68
81
74
71
75
60
80
63
80
75
89
72
78
67
71
67
64
67
73
76
72
76
76
79
65
70
63
60
71
77
65
77
66
85
70
63
62
75
63
71
60
74
85
68
61
81
78
71
83
61
61
60
75
69
69
72
76
80
62
65
71
82
78
72
70
74
65
66
74
69
66
69
75
65
74
60
64
80
71
74
78
70
60
69
67
70
76
74
69
69
64
74
64
70
63
60
64
68
66
61
65
83
71
69
81
60
71
81
63
83
66
64
73
91
75
72
80
64
67
73
74
60
68
62
84
79
71
78
63
63
71
67
76
64
60
67
72
77
76
78
80
67
74
85
87
79
66
76
74
76
71
70
60
72
65
78
63
77
74
64
65
78
68
92
69
70
66
79
65
79
80
66
63
67
74
66
82
66
65
76
83
80
76
71
77
63
72
78
62
72
80
70
82
63
72
63
70
