60
72
60
71
76
66
72
65
68
78
65
63
73
78
65
67
81
63
67
61
63
66
84
69
60
60
68
62
65
69
65
71
78
67
66
69
93
68
78
80
81
63
65
68
74
71
80
64
65
64
67
67
61
60
71
76
71
81
67
62
79
69
85
78
71
75
73
77
69
80
68
67
69
68
66
84
60
73
67
73
80
67
60
72
61
71
63
63
75
75
61
81
83
76
88
64
79
76
79
60
66
79
75
72
71
71
74
79
75
68
61
89
75
63
70
73
60
67
90
76
65
67
62
70
70
72
67
77
60
74
73
76
71
76
82
81
60
66
75
66
70
77
76
70
69
68
74
62
71
69
82
82
60
81
76
73
66
60
69
81
72
79
81
77
74
70
70
88
76
81
62
66
79
64
74
74
76
63
78
78
75
76
65
79
77
74
60
72
87
74
63
72
68
60
95
70
73
66
61
61
67
61
67
64
65
67
68
80
60
69
63
65
78
73
70
61
60
60
79
63
65
60
88
64
61
63
76
80
84
67
66
71
60
68
80
72
73
76
60
60
64
72
60
77
63
75
69
68
81
81
62
66
72
72
76
88
75
72
76
75
66
62
63
70
74
77
68
76
77
66
78
67
78
76
68
70
65
82
77
62
79
81
73
75
64
67
72
61
66
