82
82
87
81
71
66
65
66
75
69
79
74
67
77
82
60
65
66
93
66
73
90
70
93
79
82
73
75
74
75
74
64
63
62
87
73
71
82
69
74
62
61
69
66
75
60
75
72
66
71
70
61
70
65
72
68
73
60
71
65
67
76
86
68
79
73
70
76
72
86
82
64
80
66
72
76
66
91
86
79
82
88
85
61
70
78
72
88
78
86
82
60
82
65
65
62
69
65
69
74
71
73
74
70
63
83
64
90
67
60
62
75
63
63
65
71
79
71
74
67
63
79
64
64
67
78
84
63
81
88
74
80
70
64
79
67
70
95
60
72
61
62
70
61
67
82
67
87
74
62
71
60
63
68
72
60
65
70
81
72
85
60
68
65
66
73
64
76
67
70
67
63
75
81
84
83
67
68
79
77
69
74
77
72
83
67
80
67
82
75
68
84
70
69
62
73
60
77
71
76
65
71
65
76
63
67
68
61
82
68
60
84
60
63
63
78
82
74
77
72
82
62
69
62
68
68
64
80
84
68
65
79
67
76
87
70
69
67
75
85
81
71
78
64
75
83
62
87
64
76
79
66
68
66
76
70
65
74
69
60
68
68
60
70
66
83
64
73
76
64
62
62
62
60
61
67
88
81
74
60
76
68
73
84
77
73
76
68
64
