73
61
64
75
69
68
79
62
71
84
73
67
66
67
86
83
73
67
65
66
85
73
73
70
75
66
61
65
68
70
65
63
84
68
74
73
83
74
67
74
74
68
78
72
60
77
78
62
70
67
68
66
63
62
76
71
61
67
67
71
65
65
79
72
68
67
69
71
69
60
74
75
65
73
67
88
84
76
77
76
80
60
60
63
62
76
76
63
73
85
70
78
67
82
70
80
67
64
60
78
70
70
67
67
73
92
68
72
66
69
67
63
84
86
71
92
67
81
64
79
68
78
63
72
79
60
60
87
71
69
83
82
73
87
69
76
76
70
73
71
74
70
70
75
67
66
62
80
70
75
93
60
66
68
79
81
65
68
86
60
67
75
69
86
67
76
62
68
79
79
68
77
77
74
73
61
65
75
68
87
75
66
71
85
75
66
87
69
76
65
69
69
68
64
78
71
74
79
66
60
63
68
76
62
60
67
73
62
63
79
72
85
79
60
79
89
73
67
68
73
79
60
69
69
85
78
79
70
67
67
60
73
69
70
72
60
63
77
62
86
66
65
95
81
65
66
79
66
67
63
64
68
69
75
72
63
65
61
72
67
61
71
88
64
60
72
75
60
65
70
76
87
75
75
67
74
67
81
75
80
71
66
67
78
69
81
60
65
70
