82
63
77
69
63
75
68
70
68
62
68
69
61
68
61
92
66
71
61
74
76
70
60
71
63
62
69
64
74
63
69
68
63
61
81
69
69
64
68
74
71
73
64
60
74
60
73
63
67
81
71
69
61
83
67
88
73
62
87
69
77
72
93
79
75
77
74
60
60
85
64
60
74
69
68
74
95
71
72
90
85
77
82
83
67
66
67
68
75
72
69
84
67
78
60
74
69
77
66
60
81
77
66
72
61
81
72
65
80
77
61
64
60
60
66
74
70
60
68
73
64
72
67
77
66
67
74
90
65
65
64
70
73
87
74
72
69
65
65
74
71
63
79
68
64
80
76
64
79
61
76
70
78
65
63
68
71
74
70
68
71
64
60
74
71
93
64
77
85
69
68
69
60
78
62
69
71
76
65
69
60
71
88
75
74
66
71
72
86
60
83
82
64
61
78
61
71
77
61
65
66
62
69
81
70
71
64
65
81
69
62
62
72
60
65
72
79
65
67
69
84
70
88
60
78
66
66
80
63
70
64
80
79
67
60
76
66
82
62
80
75
77
65
78
72
84
62
74
73
72
64
71
68
63
75
71
76
84
75
81
69
69
79
65
63
76
72
63
64
80
71
69
64
74
87
74
89
77
82
70
73
77
85
79
60
63
60
75
71
