60
66
67
69
83
60
76
65
63
67
75
67
69
83
66
72
70
80
64
80
60
70
66
72
66
78
74
64
62
67
72
64
90
78
69
83
60
69
60
60
66
68
62
62
79
60
80
83
66
72
66
64
65
71
60
75
81
74
60
73
85
69
71
80
87
77
68
70
69
63
73
66
67
62
68
80
74
75
61
68
62
65
81
61
62
72
72
80
63
76
81
67
60
71
71
73
70
79
72
90
60
65
72
82
83
76
68
63
64
66
73
95
61
75
73
60
89
80
72
80
69
77
63
71
60
60
67
70
60
84
73
73
61
65
73
69
74
68
77
88
72
69
73
75
60
77
78
75
64
62
67
80
76
70
60
77
71
65
66
81
82
76
77
79
64
64
74
65
68
66
68
74
70
74
64
70
74
71
60
62
80
62
70
79
71
79
81
63
62
70
67
73
87
66
64
60
70
71
79
87
66
64
76
66
71
71
75
67
71
66
70
70
87
67
64
69
72
88
80
80
76
63
64
79
68
66
67
82
63
67
68
72
61
73
73
64
65
64
79
72
62
68
72
70
73
76
72
80
62
71
92
60
71
80
67
69
70
82
68
65
83
80
71
65
64
66
60
65
69
63
60
62
77
72
66
76
76
79
65
62
73
75
70
69
62
75
74
71
78
