91
64
70
72
80
70
61
79
74
70
62
69
66
65
81
83
74
68
65
65
64
80
68
81
82
62
72
71
82
67
75
70
64
75
77
76
65
71
74
60
79
60
72
69
61
75
76
71
71
82
60
70
81
73
86
75
67
75
80
68
80
68
91
68
64
74
68
68
84
71
80
60
73
77
69
71
83
77
70
79
78
65
85
71
69
81
81
83
82
62
85
62
67
82
73
70
84
76
67
72
72
78
69
76
75
68
60
65
69
73
80
60
92
66
80
78
92
72
77
78
77
70
60
60
73
69
70
68
62
70
67
70
79
72
60
74
76
66
72
62
61
68
71
72
77
66
68
74
71
72
60
75
62
77
78
78
64
81
79
72
71
74
72
73
88
61
82
70
72
90
72
73
75
70
66
63
71
72
72
88
63
60
60
64
65
72
82
81
78
69
66
75
70
79
80
80
79
86
81
71
75
60
69
60
80
82
63
78
73
74
91
75
67
75
66
65
79
61
64
82
66
64
70
95
72
77
74
68
76
69
68
62
68
76
64
77
70
68
69
66
73
67
90
72
73
91
78
77
61
69
78
73
74
68
69
85
62
62
65
63
74
71
66
85
70
70
75
76
67
68
73
66
67
66
71
70
64
74
74
68
67
70
72
74
63
61
71
65
69
