64
66
60
70
69
78
67
62
95
60
72
67
77
66
74
76
78
67
71
70
76
71
71
65
68
69
74
71
62
82
65
72
68
73
68
76
84
63
71
84
91
64
74
66
81
84
70
77
60
70
68
69
80
67
71
66
69
70
76
60
66
71
67
72
74
82
67
62
86
60
71
66
64
76
67
78
62
72
75
69
67
84
64
69
72
79
76
66
69
73
61
72
75
68
79
69
63
65
75
77
69
79
69
63
63
60
75
71
66
71
65
71
74
82
62
72
74
62
70
70
60
63
78
70
85
61
71
66
81
76
81
60
75
69
81
67
72
65
79
66
72
71
75
68
65
75
77
60
66
75
60
71
74
63
64
82
79
71
67
65
69
69
67
78
62
73
75
64
71
86
76
72
67
64
65
84
77
66
71
70
73
61
60
73
78
74
73
65
62
66
73
69
73
63
76
65
75
68
72
72
78
86
63
70
67
70
64
71
74
68
64
66
68
76
65
70
72
69
76
82
70
63
69
70
72
75
68
74
71
79
73
64
65
73
65
65
63
65
60
68
77
62
80
70
67
62
72
85
61
70
82
68
67
64
76
70
70
78
69
71
68
64
80
77
71
72
64
60
60
76
83
72
76
88
78
89
78
89
73
70
65
66
66
79
63
61
73
77
68
