66
70
75
69
69
80
81
71
66
66
60
68
63
76
70
69
76
64
69
76
72
61
76
86
71
67
73
71
72
72
68
81
75
60
66
84
77
72
65
75
75
64
79
60
67
67
61
74
71
65
86
67
60
67
75
80
76
67
67
60
89
68
70
80
83
78
71
74
65
75
83
65
83
66
71
72
60
68
70
65
64
64
79
73
77
65
69
65
69
90
77
72
62
67
62
68
78
81
65
79
66
63
65
72
77
67
77
88
80
73
67
64
70
67
65
70
95
78
75
76
71
74
76
68
77
77
72
73
75
76
73
67
67
67
69
74
65
77
67
68
71
60
80
74
74
60
66
72
71
71
87
81
60
84
67
79
60
69
60
74
65
64
60
72
70
81
77
66
67
69
72
60
78
75
79
80
74
78
75
72
71
77
67
72
75
75
60
67
72
61
79
75
75
65
62
63
87
71
70
74
60
65
73
62
77
61
71
60
62
72
63
74
67
75
65
73
60
73
60
72
74
85
62
65
71
60
85
80
74
60
72
73
76
92
72
78
67
71
63
74
74
70
73
66
64
65
80
72
64
82
60
66
72
85
70
76
72
86
78
75
83
67
72
67
82
71
81
68
74
87
65
79
72
65
81
81
68
77
73
73
64
73
66
81
67
67
79
73
67
