70
66
73
65
74
70
67
67
75
65
77
65
79
70
75
68
60
64
88
78
85
84
79
72
63
71
71
61
86
74
70
69
60
69
73
71
66
73
66
79
63
95
65
61
60
71
72
66
60
63
80
61
66
68
67
63
68
72
61
90
82
62
85
63
73
60
63
68
64
75
75
69
68
71
68
69
70
74
77
67
72
60
77
72
78
62
77
83
81
68
60
74
70
60
62
63
70
71
64
83
72
67
87
69
75
64
61
76
77
60
66
77
78
72
60
62
71
85
66
63
66
70
75
74
74
65
78
76
88
67
73
68
68
78
62
60
70
67
69
62
66
84
68
65
69
64
73
60
70
81
66
77
76
69
83
73
61
71
73
71
72
72
66
63
81
69
64
60
85
62
74
60
67
64
74
62
70
72
87
90
77
62
76
78
78
83
87
70
60
69
60
90
67
74
67
63
72
72
76
71
64
66
70
75
81
63
87
80
78
60
71
73
79
70
77
76
60
73
66
89
73
64
66
61
61
68
74
61
71
72
80
68
73
71
68
68
70
65
72
60
74
75
85
71
76
70
83
70
83
71
74
73
68
69
83
73
66
60
71
75
64
73
79
70
71
80
81
70
67
67
86
65
77
69
67
67
70
61
69
69
81
70
63
79
68
71
63
63
75
