75
75
80
68
74
76
78
73
72
65
77
65
68
60
67
84
61
70
77
80
62
68
62
65
65
86
65
60
69
63
82
64
73
66
65
90
74
62
80
82
75
70
65
77
66
76
67
89
60
68
64
70
88
71
82
76
76
71
73
67
74
73
75
79
88
67
61
60
69
68
86
78
60
64
72
82
60
80
64
78
76
71
87
62
67
80
60
73
79
67
66
79
67
78
79
72
71
70
70
68
60
68
81
77
63
70
74
64
63
76
83
73
63
77
86
77
80
82
75
78
60
77
83
91
80
75
67
71
84
67
65
65
66
74
62
76
73
85
66
72
70
73
67
71
61
73
70
72
60
72
60
65
69
79
68
73
64
95
60
82
69
67
62
60
60
76
68
65
64
78
77
90
88
73
79
64
67
87
75
80
66
73
63
69
68
80
75
65
69
84
88
61
75
66
66
66
64
70
60
69
77
67
70
80
65
64
73
78
67
76
85
73
67
73
73
72
66
73
65
82
83
65
81
83
75
75
64
66
73
75
66
72
73
78
75
62
74
71
70
62
85
67
75
70
69
80
71
82
70
70
62
78
80
63
66
66
84
60
60
68
79
73
77
83
71
82
75
83
65
71
76
80
69
80
85
64
74
77
67
64
79
81
66
86
60
70
74
78
72
