65
80
73
72
62
69
60
64
67
77
76
60
76
74
64
77
63
62
60
65
77
69
63
85
69
69
62
69
83
87
73
64
80
84
79
67
70
84
61
67
67
88
62
68
69
66
71
65
82
85
66
75
63
76
69
70
73
62
79
64
74
61
62
81
63
70
67
65
84
76
62
66
62
69
60
73
64
67
73
67
79
66
73
69
66
65
87
69
65
71
79
77
64
60
64
73
84
60
81
66
71
63
68
80
72
79
60
70
67
76
65
61
78
74
78
66
71
88
69
73
70
61
72
74
64
78
69
69
64
75
63
71
95
68
65
68
67
74
74
81
69
64
88
67
68
76
66
70
66
75
77
61
84
66
60
66
60
64
66
76
70
72
63
71
60
66
60
64
70
64
69
67
73
64
67
67
71
66
72
60
65
81
60
82
66
79
69
65
79
68
65
64
60
74
69
69
71
70
66
67
66
91
69
60
66
75
63
64
76
83
60
83
63
66
68
71
69
67
64
63
73
69
60
70
71
85
66
81
62
74
64
68
68
63
72
69
74
72
75
66
67
61
69
60
70
69
80
81
66
74
65
72
72
60
74
76
74
75
61
82
64
67
69
72
71
72
66
74
68
69
69
69
66
73
71
72
73
67
65
62
78
67
71
68
75
82
76
73
73
