74
60
63
70
66
73
71
77
65
74
67
64
62
74
70
77
62
85
86
60
68
70
64
64
66
81
75
79
73
78
68
67
66
86
65
77
73
79
78
61
69
81
82
83
82
77
67
77
60
72
63
75
67
79
82
76
62
80
72
71
71
60
71
75
60
86
68
77
82
87
81
82
95
74
74
68
70
90
84
75
64
64
61
60
84
64
84
74
77
63
64
78
64
63
66
67
84
73
60
61
64
67
71
62
71
68
66
70
68
78
75
61
60
75
87
60
73
65
63
78
60
64
67
64
60
60
91
80
69
64
80
80
82
84
67
71
64
71
71
64
66
77
68
63
71
80
81
61
75
60
72
67
63
85
67
64
63
76
81
63
69
60
76
67
69
84
78
74
60
77
69
73
70
67
72
71
69
71
77
69
81
71
74
66
75
80
75
68
71
72
66
76
70
91
80
73
71
69
81
68
74
70
60
61
70
74
65
62
60
68
68
79
71
66
60
68
60
80
72
74
68
64
60
70
70
71
68
68
62
62
75
60
60
74
68
74
65
67
78
60
71
69
67
73
62
78
82
70
68
84
67
62
67
73
70
64
89
73
64
65
73
74
72
68
82
72
67
78
80
83
68
68
79
62
72
65
63
69
62
69
65
63
62
74
74
75
76
70
68
