75
70
70
73
69
73
69
83
73
66
61
71
75
68
75
66
61
67
71
78
74
73
69
65
80
74
72
71
66
63
77
67
64
87
76
61
66
73
68
69
76
63
68
86
85
74
67
74
63
74
80
68
63
71
69
61
60
73
93
73
90
90
67
70
84
73
67
69
77
73
60
74
74
87
60
77
81
60
77
63
68
61
71
65
72
89
77
68
65
64
70
74
71
62
86
83
67
87
73
70
78
79
75
80
63
71
63
74
77
60
81
65
64
70
76
77
68
76
64
81
75
79
71
74
64
77
65
72
76
83
69
77
68
68
78
66
86
93
71
70
67
87
71
65
63
70
71
69
89
66
66
61
68
60
67
83
60
72
77
61
87
74
63
67
73
72
68
68
82
75
81
76
76
73
84
74
75
75
92
78
82
77
82
83
78
68
69
87
68
79
75
95
65
77
70
76
79
71
82
71
70
62
72
82
83
71
72
61
77
60
60
87
85
69
75
66
80
69
79
86
73
61
60
60
87
71
72
75
74
81
63
75
76
75
66
66
67
68
60
68
63
64
66
73
79
69
72
65
69
84
86
71
70
60
71
84
80
80
68
71
61
62
67
64
64
70
72
62
77
84
64
74
75
62
78
70
72
66
67
65
88
66
61
88
93
76
75
62
74
