70
66
76
70
76
70
60
73
73
71
72
83
67
69
71
74
67
76
60
71
77
64
65
73
78
65
66
84
70
60
60
68
72
74
61
74
63
72
75
75
74
76
74
66
74
83
68
75
79
62
74
60
61
71
60
64
60
69
80
60
70
72
70
60
60
60
71
72
67
68
60
72
78
60
69
66
84
60
75
71
86
69
66
66
66
73
84
71
69
64
69
66
80
62
61
83
82
69
66
72
82
80
82
82
60
71
65
64
64
83
74
69
74
63
72
75
84
65
65
72
65
74
66
76
82
80
76
73
71
70
72
70
66
66
75
78
69
69
66
70
71
67
77
78
85
90
72
64
66
74
85
74
66
67
80
67
60
77
64
68
71
76
76
71
64
69
71
63
66
68
69
67
60
86
69
63
69
72
75
69
67
64
71
62
62
75
78
62
69
72
60
61
72
73
71
74
74
74
71
63
83
61
62
67
88
69
65
73
60
95
80
65
68
78
86
72
82
64
66
64
75
62
68
68
76
73
70
60
66
74
68
63
66
69
69
85
77
79
72
61
75
77
71
62
79
71
60
63
62
74
65
82
74
60
60
87
69
67
67
71
60
69
66
79
60
69
69
62
65
79
72
71
63
62
66
74
68
78
73
68
60
63
63
61
61
81
63
64
74
