69
60
60
60
72
73
77
75
66
89
83
79
64
73
63
70
88
71
65
65
87
82
89
67
72
61
71
64
89
63
71
78
62
80
75
66
68
60
80
60
71
65
60
63
67
67
67
66
70
73
68
60
77
70
90
78
78
63
63
78
74
88
67
82
91
71
67
86
78
64
80
69
65
84
66
91
62
75
65
74
67
66
84
87
87
67
78
62
66
74
81
70
69
65
72
67
88
66
75
80
65
73
81
64
82
67
65
69
95
64
60
82
71
71
68
75
72
76
73
66
60
68
68
62
61
75
61
67
74
69
70
70
76
70
76
63
65
77
64
71
78
81
70
73
81
69
78
64
73
61
73
60
71
78
68
60
65
78
77
75
68
73
67
73
64
64
62
67
82
81
68
72
66
60
66
91
62
77
73
62
64
91
77
60
60
68
77
67
70
61
68
88
65
60
69
71
72
60
93
64
65
69
63
69
77
66
74
65
69
71
78
60
64
68
88
61
85
70
71
72
78
68
88
74
63
62
69
66
67
76
79
70
67
82
67
78
78
83
61
89
83
60
70
63
66
71
81
80
62
61
76
64
65
68
68
74
69
60
75
77
63
74
68
67
71
60
86
63
65
73
69
71
68
75
61
68
76
60
75
75
76
78
60
79
72
75
73
66
62
