61
60
64
60
83
68
67
72
74
73
69
75
63
60
60
67
69
67
84
64
64
60
75
77
74
64
60
73
72
69
64
71
69
64
75
60
78
60
92
79
69
61
75
60
69
79
73
60
71
74
86
74
72
80
71
75
62
70
75
67
62
82
62
74
77
83
66
61
64
71
65
80
88
95
60
63
73
60
66
72
63
73
84
71
84
66
73
84
68
79
74
75
70
76
65
77
63
67
68
67
68
69
60
70
75
72
60
90
76
75
84
72
71
72
72
77
74
78
79
90
66
65
60
83
60
60
72
66
76
66
71
68
74
63
60
78
81
71
81
89
62
71
69
78
78
78
60
62
62
75
77
84
64
62
69
66
86
80
69
83
67
65
76
64
64
74
74
63
64
60
70
79
74
80
76
66
69
68
78
74
86
70
60
73
63
60
64
81
70
72
82
68
90
63
87
70
66
80
67
74
69
60
72
60
78
77
64
81
71
81
65
69
75
60
65
81
88
82
75
62
73
66
63
65
68
73
72
68
61
76
71
75
68
67
65
69
65
60
62
74
77
68
69
77
70
65
70
72
65
62
64
63
65
61
67
69
67
76
85
88
68
72
60
60
67
60
76
77
65
84
80
66
79
60
68
77
66
63
63
63
89
67
79
78
77
72
61
64
75
