73
80
63
73
85
70
66
90
85
64
73
62
69
74
76
74
61
73
71
67
64
60
64
75
81
78
82
62
60
61
63
84
66
65
69
63
65
68
76
80
70
68
71
75
62
67
87
71
65
94
87
87
68
74
67
80
73
83
77
80
63
76
62
76
66
66
94
68
72
63
69
61
64
60
79
68
72
67
85
78
69
76
63
84
76
66
65
79
62
76
72
64
63
80
61
77
77
66
74
65
78
70
80
73
68
63
73
67
63
72
72
90
62
70
81
81
69
63
63
73
89
68
71
61
66
64
62
62
61
89
72
72
62
68
61
75
66
66
78
93
69
71
79
62
72
65
66
79
72
69
65
64
73
82
81
65
83
78
71
74
79
86
63
88
75
74
74
78
76
61
69
71
61
85
64
68
62
64
68
80
68
68
76
70
76
80
78
74
76
69
72
69
69
73
77
74
78
84
65
74
76
71
74
60
71
79
76
74
60
73
65
73
64
73
77
80
74
60
60
79
69
74
70
63
68
61
79
60
76
71
68
69
81
80
79
70
75
64
74
71
85
73
81
72
75
63
65
77
72
70
69
66
69
71
63
70
82
61
86
77
73
60
80
85
72
74
65
62
80
72
73
60
71
66
79
62
65
61
69
67
70
66
79
82
75
74
60
70
95
