71
69
69
69
64
64
72
70
65
74
71
72
65
60
68
60
71
62
60
64
66
71
63
79
61
72
60
68
62
76
66
65
69
66
61
68
65
70
71
67
69
66
71
70
66
66
73
73
70
68
60
79
66
66
66
74
67
70
68
68
60
65
65
63
71
67
72
66
62
70
62
75
83
74
68
62
71
69
61
76
63
62
62
64
67
68
72
65
62
63
70
72
75
64
68
68
78
61
74
69
67
68
62
70
63
71
64
71
63
67
67
69
77
67
66
72
74
69
63
65
65
75
67
63
65
64
72
70
65
75
72
67
72
62
65
64
68
71
72
74
69
66
62
70
76
62
60
62
67
67
60
60
77
86
61
64
76
69
70
68
65
65
72
65
71
63
80
61
69
75
62
62
61
64
67
65
63
66
62
74
73
64
73
64
61
66
66
67
64
60
66
81
65
62
81
66
66
67
62
78
70
64
70
69
71
60
69
60
66
64
79
75
73
77
78
60
67
70
68
65
67
70
65
64
64
77
67
70
61
75
69
71
62
69
64
74
77
71
64
69
67
71
72
69
67
74
72
71
66
73
69
64
65
68
64
68
68
61
75
72
65
62
73
72
64
66
60
65
66
75
60
70
72
73
95
62
60
68
68
66
70
66
62
65
70
72
66
80
60
