63
69
60
70
85
65
79
60
71
66
74
74
69
80
64
64
77
62
60
65
73
75
76
68
61
63
69
60
60
79
71
80
66
66
61
75
72
73
61
79
72
77
66
60
84
75
69
72
65
73
70
72
74
61
77
67
66
73
94
64
81
66
70
65
88
74
60
72
63
61
79
75
61
79
83
62
69
69
68
72
77
95
75
71
62
69
68
74
76
68
76
88
73
74
61
67
84
75
71
66
68
74
64
79
67
61
64
76
79
67
72
82
68
77
71
60
71
76
70
79
77
64
68
78
77
66
74
61
86
75
61
75
68
67
81
76
73
66
71
77
71
76
83
81
70
68
71
61
80
71
63
73
61
75
88
75
70
60
73
73
78
70
66
64
68
80
66
62
76
72
70
68
65
61
69
71
69
78
72
92
61
60
63
62
75
70
71
73
86
67
68
70
62
75
60
63
70
83
65
74
63
66
66
78
61
68
77
66
68
75
71
61
83
79
67
80
65
88
70
66
70
71
63
72
62
62
73
67
74
78
79
64
66
74
65
81
74
73
80
64
65
75
71
70
68
80
71
75
76
60
68
87
63
69
92
68
75
60
68
60
60
82
87
73
60
81
68
69
76
63
67
81
70
68
74
63
86
77
73
72
70
69
80
66
68
75
73
63
78
