74
68
60
72
75
73
69
63
77
67
64
66
77
65
69
76
70
68
62
61
60
69
69
66
72
62
77
80
64
65
68
77
77
69
75
71
77
62
75
71
68
63
60
72
71
72
80
72
62
60
73
70
69
64
78
66
67
79
64
70
74
63
79
73
61
67
80
71
69
67
73
71
78
63
70
61
81
70
77
79
70
64
65
67
64
80
74
79
64
77
73
83
68
60
77
64
67
65
64
61
65
71
85
60
65
74
60
92
65
73
68
73
68
67
60
63
65
66
83
68
72
68
80
70
60
70
70
68
84
80
70
74
69
62
64
70
70
70
65
63
72
69
70
68
74
81
76
62
67
95
70
64
67
70
81
66
67
63
74
66
60
69
69
60
69
66
66
66
60
79
63
67
65
74
77
63
75
78
66
80
70
66
75
76
68
73
62
71
69
60
60
83
66
86
67
72
60
81
81
60
75
62
83
65
78
81
72
70
72
67
74
64
63
67
75
72
70
66
73
61
67
65
76
63
66
80
77
72
65
82
63
81
64
79
84
85
72
61
69
69
75
66
80
61
68
69
79
76
73
60
77
69
65
70
80
64
65
72
75
71
65
65
60
72
66
60
73
67
86
67
79
76
73
62
68
73
77
60
71
62
62
75
70
84
68
67
75
67
81
