73
76
60
64
67
86
72
74
66
80
67
60
93
78
60
70
64
76
81
60
77
70
90
71
61
62
62
64
64
67
68
70
60
66
66
69
61
72
64
66
63
69
79
71
63
72
83
62
71
71
64
60
82
79
68
73
68
72
71
71
60
74
62
66
67
78
75
86
81
71
64
76
66
87
64
82
75
75
72
63
77
63
63
74
75
74
84
75
60
60
71
60
70
72
83
78
67
71
82
72
95
60
78
78
75
74
80
61
69
65
75
73
63
85
80
60
77
88
73
60
66
76
72
70
71
78
66
79
70
74
89
68
88
72
80
75
75
67
61
84
82
68
75
66
88
83
68
73
70
66
72
78
88
79
74
66
71
69
65
77
73
68
77
60
62
77
73
66
60
60
68
79
65
68
72
78
64
72
60
60
64
75
74
67
67
78
76
72
88
69
85
72
77
69
66
78
65
83
70
61
72
82
75
66
74
91
83
81
65
75
80
63
78
68
67
77
64
66
71
62
68
73
68
70
67
67
80
76
85
85
62
71
75
74
73
91
63
77
67
71
79
73
66
69
68
67
69
73
81
93
74
65
67
73
71
73
80
66
72
68
89
78
77
82
86
61
73
71
60
82
69
68
71
62
76
68
73
86
60
83
65
72
79
66
83
81
79
78
71
