61
62
67
67
70
60
76
62
70
95
64
70
73
63
80
73
79
70
78
69
64
82
67
63
75
76
70
68
64
68
62
82
60
85
71
76
76
60
69
60
82
72
60
81
78
76
70
68
64
75
60
60
62
79
73
64
80
63
75
86
61
67
61
71
71
68
85
62
63
75
71
80
74
63
75
69
66
71
70
60
69
76
67
80
60
67
78
69
63
65
64
63
80
84
68
72
72
74
73
64
66
68
74
60
68
65
76
80
78
64
85
66
72
64
82
72
70
62
89
73
70
75
61
75
77
70
60
71
83
63
74
71
65
69
64
79
73
69
72
70
61
78
73
65
61
65
72
64
60
69
65
71
73
79
78
64
62
63
68
90
60
74
90
60
68
70
68
77
77
62
66
75
65
66
60
66
66
66
74
77
82
63
70
68
67
90
75
80
74
66
68
78
67
76
60
75
67
60
61
72
69
73
62
71
66
73
69
74
79
70
67
87
77
77
74
65
66
66
60
74
60
79
71
61
78
69
81
65
70
73
67
75
81
72
70
68
75
69
61
65
78
63
70
65
64
86
75
78
71
70
74
69
80
63
64
63
74
71
77
76
60
81
68
73
69
60
71
76
65
64
60
82
72
79
72
70
78
70
73
79
70
62
61
73
63
61
67
82
70
