68
88
76
79
75
82
68
66
63
81
75
69
71
62
87
63
60
70
76
65
70
67
71
60
65
71
70
78
79
80
72
76
72
60
70
69
64
60
74
74
77
81
61
67
67
62
67
65
60
65
61
60
61
64
69
68
63
71
76
91
77
67
68
62
62
86
77
60
68
66
73
69
81
60
65
79
68
80
60
71
86
82
74
63
71
72
70
60
75
73
77
79
67
83
83
89
60
68
93
87
71
60
60
63
74
70
71
92
71
63
62
69
69
79
71
67
61
60
70
62
60
63
94
70
78
77
69
86
68
69
85
82
76
87
64
60
62
60
95
73
82
81
73
75
78
78
74
78
70
63
67
76
74
87
80
79
60
74
71
65
79
87
74
61
83
73
81
65
65
69
64
65
79
80
72
89
79
78
68
78
65
85
83
71
87
64
68
67
66
69
73
69
80
65
72
63
69
83
62
78
72
69
79
67
65
75
72
77
70
68
90
77
79
78
78
60
83
60
67
73
73
69
73
81
76
71
72
64
81
60
76
74
73
69
63
83
66
61
60
62
77
69
72
71
77
70
64
60
62
64
86
75
75
70
81
74
86
68
69
83
66
73
73
64
73
80
68
65
76
82
76
72
75
74
68
70
65
60
74
70
79
67
71
70
69
66
83
66
79
