60
60
73
84
71
90
62
79
79
76
74
61
64
76
62
83
60
64
76
67
78
68
72
69
61
71
70
74
65
63
69
66
74
71
66
65
73
67
67
84
79
63
78
73
73
74
68
71
71
69
67
70
77
66
63
63
72
61
73
79
62
72
68
63
75
72
62
63
60
80
75
67
60
60
70
68
84
65
82
68
61
87
76
68
68
76
65
81
75
71
67
60
63
66
75
75
70
80
67
74
66
75
63
63
79
70
76
60
75
74
72
67
71
62
67
67
66
62
80
75
70
66
71
69
69
66
75
87
80
75
68
79
60
72
61
77
79
69
71
75
69
60
74
79
64
64
67
60
72
65
73
63
62
82
69
68
64
76
62
75
72
78
69
70
67
71
63
69
68
63
72
66
74
62
66
73
95
72
71
62
65
74
72
75
66
75
81
71
60
90
80
67
75
68
78
73
60
68
75
64
72
82
67
84
71
68
84
61
63
75
73
66
66
78
84
69
66
63
60
72
64
65
62
63
71
69
63
69
74
74
69
69
66
84
74
68
70
77
64
78
76
67
61
63
73
67
64
65
72
81
81
72
68
74
68
72
67
63
64
69
78
60
62
70
70
68
67
67
60
73
60
61
71
69
63
93
85
72
65
73
72
68
65
80
63
66
63
65
72
