81
75
70
77
64
83
74
60
69
81
72
64
84
73
68
81
73
83
63
67
64
64
65
65
64
76
72
73
63
68
95
84
85
68
74
88
73
71
65
79
71
65
60
76
73
73
82
71
60
74
78
60
69
80
76
78
92
77
73
85
61
75
76
79
72
68
77
64
77
72
60
68
69
68
71
83
63
86
64
85
75
63
64
78
69
68
60
66
72
74
76
73
66
74
74
77
66
76
74
60
62
62
89
74
84
65
86
93
70
72
80
85
87
61
83
76
71
65
73
72
72
60
83
87
85
64
60
72
65
61
67
68
68
69
67
79
74
69
67
66
73
70
74
77
78
65
64
85
83
72
69
73
74
73
64
64
78
76
73
60
82
73
77
77
65
88
68
73
64
77
77
73
73
82
61
77
78
71
64
64
76
73
67
85
65
71
60
66
78
67
87
62
64
70
78
61
77
65
83
78
76
87
75
76
66
73
64
67
79
79
74
74
60
64
65
80
72
64
82
70
69
84
84
83
71
67
76
69
65
66
70
71
75
83
76
73
89
77
80
88
72
61
80
83
68
73
77
63
90
60
63
77
81
75
66
87
89
74
83
84
77
67
73
87
65
84
67
63
74
65
61
62
74
72
75
73
65
75
62
66
62
66
75
66
65
79
66
60
64
