75
71
67
60
72
75
67
60
61
62
78
72
64
66
67
65
66
65
65
79
66
73
93
74
64
60
71
64
60
72
62
67
65
60
77
74
72
74
72
60
66
77
75
71
74
75
73
85
67
74
69
74
75
67
66
87
60
72
81
80
73
67
73
67
77
61
90
73
67
65
72
60
67
76
81
68
75
76
70
68
72
74
65
63
75
72
65
66
81
70
71
63
60
72
69
77
73
73
62
61
64
86
63
71
64
68
66
68
73
66
64
63
64
75
64
75
63
69
68
60
65
67
66
81
69
70
72
64
91
65
95
68
60
72
73
66
63
69
68
69
68
67
61
78
67
74
66
81
67
63
69
67
78
61
62
85
62
77
72
63
66
72
74
72
79
76
60
60
71
64
69
60
65
66
68
74
66
60
68
60
65
67
65
71
72
64
76
63
63
75
71
63
71
67
71
68
68
77
94
76
63
68
81
80
72
69
68
69
77
71
61
81
68
68
70
65
60
79
71
66
60
67
71
60
77
68
66
69
61
76
60
67
73
67
67
71
67
74
75
66
77
60
67
65
74
63
68
67
82
63
65
67
70
76
62
78
69
68
74
60
68
73
65
72
70
61
66
64
85
71
67
60
60
70
62
70
72
69
65
72
61
85
72
85
72
61
66
78
69
