78
73
67
62
84
70
70
73
62
70
68
72
72
64
60
85
76
67
80
81
62
86
68
70
73
61
75
78
64
79
63
75
82
71
65
81
69
68
61
68
63
73
73
71
87
76
76
68
75
81
79
68
71
67
61
74
77
71
68
80
73
68
84
65
60
70
81
69
74
85
69
75
66
69
60
67
67
70
83
73
77
73
65
80
88
82
74
71
64
65
69
85
60
77
77
60
60
67
68
60
76
65
68
64
64
68
66
64
62
80
78
75
74
83
74
81
67
83
69
75
76
70
72
85
68
60
61
70
67
72
77
62
74
81
74
65
60
60
78
62
88
60
66
66
84
75
73
81
75
67
73
60
68
70
72
82
95
65
70
70
70
75
61
67
64
76
75
66
62
73
76
67
73
60
72
71
64
65
74
67
60
77
73
69
75
64
75
63
76
68
61
66
73
71
87
61
61
81
91
64
70
72
69
73
60
85
72
77
75
75
78
60
74
64
61
78
63
89
63
60
89
68
60
89
71
72
76
60
89
60
69
84
78
70
72
61
60
74
70
70
68
71
76
62
71
67
72
64
69
74
79
71
62
69
64
67
66
73
72
63
83
74
70
64
83
64
84
63
72
74
73
69
74
74
60
63
69
80
69
87
68
82
63
74
68
68
80
73
75
