63
76
88
60
84
75
85
72
63
68
87
81
65
60
70
83
66
60
72
62
75
79
64
65
82
75
77
70
79
76
77
75
78
92
61
63
80
61
72
65
73
61
83
84
72
61
70
66
83
81
80
75
78
70
71
60
69
86
74
68
71
86
70
68
66
81
83
75
63
68
74
67
69
76
73
64
73
76
71
65
76
91
78
70
73
72
69
88
78
63
63
92
78
75
82
70
70
87
67
72
83
63
67
68
62
62
66
81
81
66
66
71
69
86
60
60
62
68
69
75
76
73
67
77
69
63
63
69
73
81
77
70
94
85
68
71
75
79
71
68
62
65
68
68
78
71
71
76
68
75
68
91
78
80
73
75
60
86
70
79
83
70
78
70
75
63
86
76
77
76
78
79
66
63
71
71
83
63
71
65
78
87
66
67
72
67
64
67
75
70
69
70
60
79
60
60
77
75
64
69
62
64
86
82
62
70
70
72
65
81
91
71
80
70
94
77
67
87
85
60
62
60
63
67
72
68
68
74
65
73
74
70
62
60
76
80
70
70
72
60
60
87
74
62
73
80
63
74
65
72
61
60
66
73
68
82
62
95
78
88
84
71
75
80
73
80
77
85
68
75
65
71
81
70
62
73
82
71
85
65
74
68
72
72
76
65
87
73
75
