79
67
74
76
72
60
72
66
62
74
62
60
71
67
70
75
61
72
68
61
80
65
74
66
76
68
61
65
71
68
62
60
77
62
82
66
68
76
66
73
60
63
70
74
66
70
63
72
81
65
78
64
69
82
61
69
70
62
75
84
65
69
64
64
60
67
79
82
65
75
63
74
73
75
82
77
73
76
64
76
71
61
60
62
76
73
66
85
68
73
62
77
82
80
67
69
80
62
60
65
67
70
74
77
69
71
73
60
77
72
65
81
70
73
64
78
89
80
68
82
60
77
73
65
63
65
65
77
60
67
63
72
65
79
77
60
72
80
80
74
84
67
60
60
61
69
64
75
62
74
67
69
60
60
67
66
66
78
64
64
74
67
65
67
68
72
67
65
84
89
64
60
64
76
73
76
65
75
68
74
63
72
85
73
68
66
79
75
75
63
74
70
68
73
65
75
65
69
60
78
71
65
73
79
68
65
64
72
62
75
76
79
66
60
66
69
68
75
69
63
68
65
60
72
72
66
71
71
71
71
60
70
70
63
65
79
77
79
70
61
79
72
74
64
60
65
69
65
69
69
69
79
76
83
63
75
77
75
62
65
61
68
70
79
66
63
64
72
64
70
78
68
68
63
63
66
69
77
65
60
80
75
67
69
64
74
95
72
64
