80
75
60
65
64
77
81
77
62
77
68
62
71
78
75
75
70
68
62
65
91
73
67
75
67
64
70
68
60
70
77
71
62
61
64
60
74
64
64
85
77
72
62
60
79
83
69
84
78
83
64
65
63
77
66
77
85
73
68
72
74
68
69
60
72
83
64
75
77
64
85
71
66
69
70
63
81
60
70
68
91
78
77
67
61
79
77
64
60
63
64
64
68
70
69
77
68
66
60
89
66
60
82
62
65
70
69
79
60
68
71
76
67
60
67
81
80
67
60
75
87
70
67
70
83
66
60
71
73
74
66
76
62
77
67
65
84
80
60
78
72
60
65
68
64
65
78
71
79
65
60
81
72
65
84
65
82
68
60
82
74
74
72
67
60
80
70
69
76
66
64
67
65
62
86
66
62
65
77
79
80
83
78
60
67
71
81
70
69
70
72
73
82
65
68
60
73
81
81
75
79
67
63
79
60
66
74
61
70
75
80
74
64
68
68
90
72
72
79
65
76
77
78
68
87
65
63
74
69
61
63
71
60
73
60
60
72
69
72
60
72
69
68
75
63
70
68
62
70
62
76
67
87
73
78
78
72
79
73
72
63
80
75
77
60
63
66
76
63
78
62
67
71
71
71
63
67
75
65
70
61
75
72
79
95
83
68
69
77
