75
83
75
82
61
63
60
76
63
77
61
79
76
64
78
95
65
60
63
65
66
70
60
74
87
75
71
65
75
66
63
63
78
77
74
66
64
71
71
73
84
62
80
68
77
77
72
84
72
84
69
69
62
74
76
76
86
62
81
66
80
70
60
69
66
72
61
74
61
62
73
76
82
76
64
69
80
63
77
69
67
81
65
75
76
78
67
63
70
90
86
78
69
77
79
61
89
64
69
60
67
72
81
68
67
66
67
74
77
63
68
79
64
79
65
65
69
63
68
73
67
76
77
82
73
61
72
68
71
68
71
76
67
60
62
81
73
65
70
64
72
60
75
64
75
62
76
63
87
61
66
60
65
82
79
66
68
77
65
74
72
72
65
90
81
85
75
83
68
82
70
74
70
70
72
67
76
66
61
85
61
70
67
84
61
60
80
81
65
68
91
67
72
66
62
81
74
70
68
68
72
61
62
60
64
74
76
71
70
74
71
60
72
73
65
75
62
74
69
68
60
74
74
81
78
60
63
93
67
72
70
62
61
67
64
66
76
79
69
66
64
81
62
69
84
74
67
68
71
75
71
60
71
60
61
65
60
78
78
67
63
81
61
77
70
60
60
72
67
72
74
73
72
67
64
62
66
73
70
80
61
81
67
65
85
70
68
64
69
