67
64
67
81
82
80
65
71
61
76
84
73
67
88
67
76
86
64
66
77
67
69
85
62
86
72
80
89
70
60
68
79
69
66
81
64
85
76
76
79
85
83
84
87
76
71
73
77
65
75
79
60
69
61
74
73
91
91
88
69
75
75
63
77
85
89
72
73
73
71
75
84
63
61
73
74
67
71
76
92
77
86
88
78
74
63
62
72
60
65
68
64
78
74
74
69
80
75
79
83
74
79
91
80
67
75
70
67
60
65
68
61
73
60
73
89
83
76
62
70
60
88
67
70
87
69
77
77
60
73
60
81
72
66
67
67
60
60
65
95
77
65
69
81
85
61
67
72
60
72
83
77
65
90
64
87
85
94
72
63
70
60
65
78
63
82
68
75
75
71
71
65
77
91
60
80
60
74
60
65
77
71
60
66
75
82
68
81
67
62
70
60
76
75
77
67
71
81
80
67
85
69
78
64
67
76
65
75
73
63
69
80
77
68
70
90
74
87
82
60
84
63
64
67
70
75
80
60
88
88
75
91
69
66
62
81
77
78
62
74
66
60
62
60
73
79
68
62
60
78
83
70
67
63
69
72
67
71
78
72
80
82
74
89
73
68
72
90
79
61
65
61
87
63
66
73
80
65
71
68
73
67
75
72
78
78
91
65
62
