62
60
79
64
78
78
73
76
65
70
73
73
71
64
60
68
72
72
60
75
61
66
65
69
60
67
79
69
77
69
74
60
65
62
61
80
69
76
74
60
72
64
75
81
60
63
82
69
66
75
68
79
63
75
69
86
71
63
76
70
71
70
60
62
74
75
80
60
64
64
77
70
69
71
76
79
69
69
65
75
60
78
66
72
78
70
64
67
75
70
79
64
69
63
75
77
68
66
67
68
64
75
63
75
65
61
71
79
80
73
71
71
68
67
70
67
68
60
60
75
60
64
78
70
86
78
76
69
60
72
75
75
84
69
60
71
69
71
92
81
69
66
68
77
66
72
68
71
89
68
70
71
60
82
65
74
74
85
95
65
74
66
68
75
79
73
64
74
68
90
60
63
69
77
72
81
77
66
78
60
64
70
67
81
69
74
74
87
77
68
68
78
72
69
60
74
85
71
77
67
75
73
71
69
61
81
85
77
80
81
62
66
74
71
66
77
72
63
65
60
71
67
73
68
82
72
65
66
65
91
82
70
84
81
63
64
67
69
89
71
74
72
87
69
66
75
63
64
73
64
71
63
62
65
60
73
62
73
79
78
60
66
62
71
67
72
72
60
71
62
63
88
64
69
67
71
64
62
60
71
72
67
88
66
62
60
73
66
63
