67
71
72
63
62
95
73
74
79
75
72
75
70
66
77
80
60
80
66
76
73
64
62
67
70
81
69
70
74
66
65
62
73
70
76
76
71
70
61
60
64
84
72
75
62
68
74
84
87
80
64
65
63
69
82
64
66
83
71
71
79
76
69
74
76
83
69
62
69
62
61
68
66
74
75
84
82
65
65
77
67
81
78
73
77
60
84
76
62
83
91
78
72
72
62
77
69
84
66
79
64
76
63
65
67
79
73
77
60
78
69
63
60
81
73
80
70
67
62
66
63
72
86
81
60
77
67
77
68
65
82
76
88
63
65
71
76
76
74
66
65
66
71
73
69
70
71
81
60
70
70
67
65
75
63
76
61
67
77
76
69
74
70
70
78
68
94
69
68
72
71
64
66
80
64
76
75
60
69
69
70
62
65
60
68
62
77
86
72
70
60
62
69
80
65
60
79
74
60
79
76
82
69
74
64
64
67
64
77
85
68
74
72
63
68
64
68
70
69
66
70
61
63
72
65
60
74
66
81
67
90
74
60
66
70
68
66
71
65
67
75
79
60
60
64
70
83
74
74
76
84
79
69
60
60
68
72
78
71
60
62
67
66
69
61
78
60
76
84
75
83
74
61
72
65
67
72
85
73
71
67
66
68
79
67
77
72
75
84
