70
77
67
62
80
80
71
70
61
70
79
69
71
78
72
72
64
87
70
73
72
66
63
60
73
64
74
84
82
75
63
70
71
62
66
60
73
70
77
62
87
84
67
68
75
74
60
71
73
78
79
69
86
72
71
75
60
72
77
75
77
68
75
69
69
60
60
74
71
72
79
78
76
65
69
71
77
68
73
63
71
79
75
69
72
67
64
63
68
71
70
65
65
76
67
71
63
82
65
64
80
82
72
78
74
77
66
80
80
78
78
64
74
73
82
86
80
73
60
91
71
78
64
67
73
71
63
81
69
63
74
63
68
74
65
62
74
60
62
65
70
74
75
83
60
68
70
93
75
67
67
71
68
77
60
65
66
77
60
63
82
78
67
69
74
66
76
80
62
74
69
76
60
86
81
73
74
79
66
64
68
61
73
79
67
72
65
60
77
70
60
68
73
73
72
78
65
76
64
70
83
77
79
85
67
79
73
82
61
61
85
65
75
60
76
95
60
88
70
92
60
62
94
69
89
74
85
83
60
74
68
72
79
77
70
73
73
66
73
71
69
82
71
62
60
76
85
77
72
64
87
82
68
75
72
67
73
61
70
63
81
67
76
82
62
73
60
80
80
64
92
69
71
69
68
71
75
72
73
78
75
74
62
78
71
72
70
64
74
