73
74
74
69
67
64
72
60
60
62
91
80
72
82
68
74
73
76
64
70
63
80
82
76
67
72
60
60
81
79
69
63
69
72
73
76
71
73
62
70
70
60
74
79
77
65
72
65
69
75
75
83
68
77
71
60
69
64
67
64
69
68
83
69
60
60
70
60
66
77
71
71
75
65
61
75
77
72
63
84
72
76
72
62
68
78
69
88
75
88
73
74
67
80
69
76
68
68
61
67
70
60
61
61
79
65
66
70
75
70
74
75
78
62
77
65
74
82
66
60
73
83
69
74
69
60
79
79
69
69
73
66
68
80
86
69
60
88
63
83
79
81
60
75
64
71
70
69
60
65
79
83
72
66
63
60
76
69
62
67
61
84
78
73
66
94
62
69
72
84
60
75
67
76
65
64
79
72
74
77
66
80
68
60
71
67
78
73
66
63
78
74
78
80
94
75
60
66
75
64
77
69
61
69
74
67
88
71
60
60
66
66
68
75
73
78
60
69
63
89
67
77
66
70
64
69
75
69
71
79
81
68
60
71
95
60
74
62
86
62
74
85
76
72
70
87
74
77
81
65
83
71
61
82
79
75
70
76
86
91
66
64
75
73
74
84
60
62
66
81
76
65
71
84
60
78
79
65
60
81
64
77
60
84
63
62
82
61
77
