60
80
74
74
77
63
69
88
77
84
68
84
76
61
73
60
72
78
62
75
87
70
68
74
67
75
60
80
78
60
65
75
65
61
78
66
78
65
84
76
61
76
68
72
79
68
66
74
70
70
73
86
67
66
60
66
75
62
67
74
67
61
82
79
81
67
62
69
64
65
79
65
84
84
69
75
60
72
60
70
73
65
68
65
75
77
72
73
61
70
64
82
60
76
77
72
74
62
86
67
70
62
75
75
65
88
78
60
77
77
72
67
69
63
72
78
74
62
81
89
74
60
69
77
66
78
60
76
80
89
75
72
62
78
70
63
77
67
71
75
72
61
63
72
83
69
74
60
66
65
67
61
77
79
60
86
68
82
82
74
65
74
65
79
74
68
60
91
68
81
87
78
68
64
63
66
65
77
72
60
70
73
71
75
70
60
65
69
76
68
72
63
71
72
76
70
82
72
64
72
75
60
68
75
68
60
67
77
72
66
67
61
85
78
73
70
73
80
67
95
88
60
79
72
73
63
63
67
61
66
65
73
64
60
68
78
72
65
71
60
66
90
70
77
73
80
66
71
79
86
74
67
64
60
70
69
73
87
74
71
60
85
68
74
82
60
62
89
67
60
88
87
68
73
69
76
81
72
74
74
68
76
62
64
70
64
60
67
79
