65
82
74
76
63
67
92
78
71
78
67
73
74
66
70
67
65
71
72
66
66
65
67
61
60
62
75
62
74
63
68
75
78
60
66
63
71
64
72
63
74
63
60
77
66
71
81
73
62
70
72
73
80
64
68
67
68
68
69
63
65
81
68
67
63
65
65
71
67
66
87
75
79
75
78
76
79
65
68
72
67
63
78
73
75
65
72
67
63
67
69
60
66
72
67
74
66
78
73
67
69
60
67
69
75
75
62
61
73
69
74
75
72
72
70
76
64
67
63
75
63
74
71
61
69
66
66
68
93
69
80
75
60
69
71
69
66
74
67
72
64
81
71
65
63
70
68
74
62
71
71
70
83
73
72
73
75
64
75
78
68
60
64
70
68
65
73
69
60
68
71
75
71
73
72
64
60
74
76
68
63
67
88
64
67
71
69
74
77
71
74
85
69
95
76
64
62
63
77
69
63
80
67
76
61
80
70
78
67
73
73
80
74
62
60
61
61
70
66
65
76
73
83
76
69
62
68
68
65
66
70
78
69
72
67
71
60
70
75
77
64
69
62
78
76
61
83
65
67
66
71
81
70
65
70
61
68
63
62
73
73
62
65
69
82
69
73
64
71
66
83
81
74
71
70
67
60
74
62
85
72
69
61
76
69
83
70
71
63
