75
65
82
65
69
65
67
60
78
60
60
77
84
77
82
69
78
71
60
81
67
82
85
69
82
75
63
83
61
72
61
74
60
70
85
79
64
75
72
84
61
74
86
68
61
69
64
77
60
69
62
60
60
76
74
63
82
69
78
63
82
61
65
70
67
81
73
65
79
71
68
76
67
66
74
75
60
69
69
74
78
65
72
85
71
73
73
68
89
72
76
62
77
68
75
60
90
60
79
73
76
67
60
80
73
60
78
75
60
86
67
75
68
74
68
75
72
73
78
74
63
60
75
68
60
65
69
72
69
68
66
60
70
76
68
76
88
87
62
69
66
88
69
62
73
74
80
66
63
65
67
68
71
61
77
73
78
78
76
77
60
84
63
64
78
63
86
76
71
73
76
83
71
79
79
63
74
70
80
60
71
63
60
73
72
80
86
80
61
84
78
63
90
60
65
61
76
70
62
84
76
67
75
67
83
68
84
65
70
63
61
72
71
72
63
67
78
70
66
65
71
78
64
64
71
69
83
75
71
60
74
60
76
72
77
77
69
84
66
71
73
67
60
72
81
69
77
77
95
78
60
86
88
69
65
77
67
64
73
75
61
79
79
69
67
78
74
74
74
75
79
81
72
81
65
73
65
66
70
60
70
72
75
67
84
85
61
77
63
