66
65
76
67
74
65
64
61
69
73
78
65
73
75
65
76
81
63
71
68
60
76
80
72
69
70
66
69
74
73
72
68
80
70
69
62
60
87
83
69
80
81
71
72
84
60
66
72
64
68
75
73
64
64
67
67
68
85
71
69
68
66
60
71
60
70
85
65
80
81
60
71
80
77
80
67
73
72
74
76
75
77
60
68
68
68
60
66
65
70
71
82
81
73
70
72
60
64
68
74
71
70
71
65
70
65
61
61
90
71
72
60
71
74
68
69
66
64
61
74
71
80
72
60
74
69
67
65
66
67
67
62
74
71
65
80
83
73
77
60
65
65
64
66
77
64
73
81
64
74
72
69
78
81
80
72
80
73
60
76
66
71
60
69
72
72
72
67
65
67
64
73
71
62
63
63
70
71
73
71
77
67
77
75
73
68
64
67
67
86
71
72
74
78
66
91
67
95
63
84
71
66
71
73
72
74
78
78
69
62
77
66
70
66
60
83
67
63
67
81
73
86
69
62
72
67
68
70
78
71
64
78
67
67
66
83
68
61
65
67
64
64
66
79
60
76
77
67
68
75
60
72
71
71
69
66
79
69
71
67
70
68
62
66
70
66
67
76
76
72
66
71
60
73
86
74
72
68
65
74
71
67
69
65
68
78
70
72
66
