66
75
70
62
93
71
79
63
69
60
68
62
65
63
70
75
67
80
61
71
69
63
68
60
81
79
66
76
82
60
66
73
71
66
72
76
60
87
64
69
71
70
63
69
68
75
68
66
76
69
61
84
73
60
60
71
71
70
73
71
85
60
61
73
72
62
66
62
69
81
66
60
69
68
69
72
67
60
64
80
65
61
73
63
67
69
74
72
60
63
76
62
62
72
60
62
71
82
74
72
91
80
72
78
69
67
69
78
72
81
66
76
71
69
67
77
82
82
79
77
62
89
62
62
66
85
67
68
70
69
89
85
75
63
65
73
76
79
66
65
69
68
76
65
75
93
75
73
73
68
75
63
69
67
73
60
70
63
71
64
74
63
70
74
72
67
66
65
76
67
77
65
60
67
69
70
80
65
77
75
86
78
78
69
73
63
70
72
72
78
73
69
72
73
63
73
68
64
84
73
81
79
67
60
70
64
72
66
67
82
60
72
79
84
70
60
69
70
64
80
74
69
60
68
69
61
75
65
72
79
68
69
71
68
62
65
60
60
68
63
64
69
82
65
76
67
66
67
68
73
73
76
74
82
64
89
61
72
67
81
70
70
71
79
74
93
76
85
81
61
80
81
95
69
74
63
65
73
87
67
65
63
68
70
74
70
62
70
85
