69
72
71
73
63
68
65
63
72
60
70
66
69
73
66
75
69
75
64
71
75
76
70
75
75
76
83
74
63
77
65
74
60
65
66
66
80
76
79
70
66
62
61
68
70
67
69
73
66
60
67
66
62
79
76
71
66
81
69
75
63
71
70
61
71
60
63
72
70
82
74
66
62
76
64
62
65
71
60
67
62
68
61
68
67
60
80
72
82
66
61
77
63
68
69
67
72
60
67
76
74
84
73
75
68
67
74
72
75
67
76
62
60
77
75
68
62
71
72
74
72
63
73
64
66
66
70
70
67
64
60
89
71
65
68
61
64
67
70
64
70
70
62
77
66
61
62
67
74
79
75
67
79
63
83
67
70
76
67
69
72
71
63
63
63
74
71
72
60
79
68
69
64
66
79
65
69
95
60
79
76
65
71
70
65
73
64
65
71
76
73
66
67
74
78
64
67
66
71
74
67
69
64
71
69
76
70
72
61
68
67
60
67
73
60
60
66
64
61
76
69
74
60
64
63
64
72
76
78
71
71
75
84
71
65
60
66
69
68
70
80
63
62
71
69
69
78
62
74
69
60
77
61
69
72
69
66
63
72
60
74
72
79
79
71
69
60
77
60
73
69
62
73
72
66
63
61
78
70
67
81
76
75
68
65
60
67
67
63
