88
66
77
80
72
76
82
80
94
65
65
76
87
73
64
68
88
82
60
88
78
74
61
66
76
72
68
74
73
60
80
77
69
78
77
69
84
67
86
63
60
90
60
76
75
76
68
73
87
66
70
76
77
80
69
64
69
65
60
70
77
91
60
68
74
64
74
82
63
64
60
60
61
72
71
92
86
86
75
82
74
62
72
95
60
73
76
85
66
79
74
72
73
61
67
61
75
70
60
86
68
67
64
74
74
78
75
80
68
69
71
69
86
60
91
83
74
76
81
88
76
72
70
64
74
68
68
73
71
80
66
73
80
69
72
65
86
82
63
67
68
69
81
80
69
83
62
81
70
72
67
60
64
60
72
60
80
82
64
70
78
72
60
78
79
69
63
75
78
60
67
88
62
60
69
75
78
80
77
67
77
72
71
77
72
72
63
65
77
72
72
71
74
72
69
61
74
60
69
79
91
84
86
74
71
60
75
68
87
80
60
65
63
64
60
77
68
81
60
76
71
69
74
72
65
69
60
63
62
69
72
66
62
80
76
60
62
60
71
84
79
65
72
85
73
79
71
65
73
78
70
72
82
91
73
70
73
62
82
71
73
67
73
71
82
69
66
78
66
70
72
69
72
85
72
76
68
76
75
71
60
69
61
88
60
69
73
85
80
