74
73
65
62
65
84
79
91
60
74
74
70
88
64
72
83
81
68
69
65
60
70
60
60
80
76
72
77
71
60
92
73
63
71
73
74
78
77
69
84
62
77
68
67
78
75
72
68
74
81
85
77
69
65
70
69
85
65
60
81
73
64
73
61
73
69
63
68
66
60
64
63
74
61
70
73
61
70
62
65
69
75
71
78
72
69
75
73
81
62
75
61
73
77
65
71
66
67
66
68
94
73
70
60
60
70
66
66
67
66
63
63
60
65
78
87
75
73
76
73
76
77
80
73
62
76
77
69
80
77
76
69
67
63
71
68
76
70
71
70
69
67
60
80
64
86
73
63
69
71
61
66
65
79
91
73
69
69
63
63
62
73
78
71
69
71
73
83
70
81
60
64
65
65
86
68
75
86
62
69
69
60
73
64
76
67
70
78
66
64
73
76
62
63
82
65
75
63
62
72
70
66
72
63
62
88
64
68
61
60
82
72
67
67
61
70
67
60
83
64
68
66
69
67
64
66
76
76
65
74
66
71
66
66
80
73
69
79
69
83
73
69
68
68
67
70
79
71
70
66
74
68
69
65
65
60
60
76
79
60
74
72
68
76
60
77
65
79
76
70
73
65
91
76
67
60
95
67
71
69
65
61
66
68
75
71
76
76
77
