64
72
79
80
74
66
70
83
66
78
84
66
69
88
82
72
63
62
70
67
79
72
65
68
74
62
68
64
82
72
61
69
73
66
69
69
84
70
77
71
73
70
66
72
82
72
86
81
66
73
87
76
66
60
67
70
60
63
67
80
66
74
61
63
79
69
68
67
66
66
79
77
71
63
72
81
67
68
69
62
89
80
68
67
75
60
73
63
80
64
71
69
67
61
75
71
62
70
75
72
66
67
73
72
72
77
67
72
75
60
67
69
68
63
70
61
60
92
84
88
69
67
66
63
74
62
61
60
76
73
72
61
73
76
60
79
67
68
69
65
70
84
63
73
66
78
70
61
61
63
67
71
76
92
71
69
75
68
90
82
76
69
80
65
80
73
60
66
80
77
77
71
70
77
63
76
69
73
69
63
76
77
76
64
75
76
62
60
68
77
66
60
62
66
60
80
66
66
71
77
62
76
63
65
73
68
62
60
70
72
76
60
60
72
60
68
73
65
72
71
73
85
75
65
95
78
82
74
78
63
79
65
80
74
70
64
84
75
66
67
66
72
60
66
69
88
71
70
75
79
79
70
63
73
71
83
68
79
80
80
70
74
64
66
70
70
75
69
86
66
70
62
67
84
77
88
69
65
92
88
61
76
77
82
69
77
60
81
67
