72
61
71
74
71
76
75
72
68
60
82
67
68
63
74
73
69
73
83
60
66
86
65
79
78
76
68
66
95
75
77
61
67
68
74
83
66
83
78
77
77
63
89
87
74
79
73
70
71
72
70
71
62
77
60
74
67
69
70
81
80
80
68
68
70
61
72
71
74
63
67
75
71
63
70
84
64
70
60
61
75
72
68
67
83
71
70
73
83
65
79
72
68
68
69
66
66
70
78
75
73
73
68
66
60
77
67
71
85
71
77
64
76
71
73
68
70
65
82
70
70
70
77
86
83
69
72
67
67
75
73
75
78
69
60
76
66
74
83
70
72
83
79
72
72
67
60
76
60
78
65
61
77
67
73
71
73
64
70
75
60
71
67
73
88
72
71
61
80
76
79
70
63
74
75
65
72
60
71
65
70
68
65
70
70
76
65
80
75
68
77
73
72
70
66
81
62
87
68
64
81
83
68
76
73
79
74
60
81
75
69
76
69
91
67
68
67
63
64
70
74
77
64
75
71
84
65
72
64
65
66
62
64
75
78
66
78
71
68
75
81
75
62
69
66
71
73
63
79
73
79
75
71
74
82
61
60
74
61
68
78
91
76
71
69
77
65
74
70
64
78
69
63
60
66
64
64
66
61
80
69
73
68
69
63
74
69
89
69
