73
77
70
67
86
65
60
78
61
83
89
75
65
82
83
64
79
65
66
70
65
88
67
66
65
82
78
79
75
71
75
64
80
67
70
66
76
77
75
69
70
78
72
79
86
64
65
61
76
75
69
69
75
72
64
70
63
73
73
60
76
63
64
67
76
70
70
70
85
74
76
86
78
69
63
64
78
64
72
77
80
71
66
65
62
62
95
83
64
72
76
82
79
87
61
88
67
61
62
87
77
84
75
74
71
63
75
66
63
61
60
83
69
66
65
68
68
76
60
85
67
86
66
82
66
60
68
84
76
78
68
92
74
88
73
72
79
82
62
70
62
68
64
81
85
79
64
60
69
65
78
71
61
67
63
83
63
70
78
70
78
72
79
64
61
64
86
75
71
67
76
71
93
61
72
64
63
68
88
64
72
73
70
79
63
64
69
75
81
76
61
83
65
60
80
65
76
70
63
87
82
76
74
81
70
78
70
74
68
91
69
72
80
65
60
80
79
79
84
73
74
62
68
73
70
64
79
71
85
81
74
69
76
73
72
76
70
76
85
71
64
66
76
79
62
63
77
68
66
73
81
63
74
79
76
60
74
83
68
78
62
76
80
61
84
67
66
81
83
65
62
71
64
79
81
71
65
65
74
66
81
61
66
65
67
70
72
67
70
