69
60
71
67
64
89
62
65
77
61
66
66
80
72
63
64
75
67
82
64
61
67
68
71
66
65
71
75
65
70
73
75
78
66
70
65
74
64
78
69
75
71
82
80
68
60
71
65
62
67
72
68
70
70
60
78
67
60
69
63
71
68
72
69
62
75
72
72
69
71
71
72
62
80
66
82
66
75
66
77
83
73
64
70
80
69
78
60
65
72
65
61
75
71
75
73
67
69
69
62
71
71
71
63
65
75
79
63
60
68
80
63
75
65
72
69
60
63
66
63
68
81
76
65
84
60
73
69
76
69
67
71
60
67
77
71
61
76
65
73
61
71
63
67
67
79
70
68
74
75
60
64
69
73
77
84
67
60
60
60
68
73
68
77
84
71
83
69
73
60
74
78
65
72
67
65
73
84
68
73
76
72
75
74
73
70
72
64
65
64
69
67
76
67
73
62
74
69
72
76
64
67
67
95
70
75
65
69
66
70
69
80
72
64
65
70
68
61
70
65
77
65
63
64
72
60
79
62
83
73
84
77
78
74
75
78
65
60
79
60
77
72
60
63
72
62
62
64
67
64
70
65
68
69
75
75
70
71
64
75
71
63
64
74
70
73
79
69
66
69
68
64
78
72
66
64
62
70
77
73
62
67
67
83
66
78
74
62
67
