72
64
66
67
62
70
67
64
64
69
70
69
60
80
67
68
89
68
72
70
72
66
69
78
74
78
73
69
76
71
69
78
79
64
61
79
74
70
63
68
91
76
69
72
78
65
86
76
74
60
73
61
71
76
61
63
63
61
79
73
64
70
72
63
81
71
65
75
73
69
76
60
71
60
62
67
63
62
78
67
71
70
60
79
65
74
78
68
80
76
63
60
73
65
60
69
63
66
66
64
80
61
60
70
75
66
69
69
69
73
64
62
67
85
62
82
71
60
69
71
79
71
67
63
64
70
68
71
68
71
67
64
67
65
81
62
66
88
68
62
64
61
74
68
61
73
77
70
64
71
80
82
66
68
74
76
60
65
71
67
85
79
71
71
79
65
60
74
85
87
67
95
62
75
65
66
60
66
66
63
63
82
75
74
64
62
64
65
63
66
75
63
70
64
69
71
78
60
67
71
71
73
67
82
69
63
71
75
78
71
65
65
60
73
68
69
64
71
74
67
73
62
68
67
83
70
68
75
74
80
77
60
78
68
81
72
78
66
71
89
76
68
74
73
81
68
66
66
65
60
77
65
63
73
88
72
60
62
69
64
66
73
76
75
82
76
78
82
74
60
66
69
75
60
74
73
70
67
77
68
72
74
74
64
70
70
84
71
76
