62
73
74
92
65
72
70
73
66
85
72
63
73
68
68
88
67
70
70
66
69
76
81
74
62
70
69
78
75
80
72
85
87
73
60
75
72
89
76
66
70
81
81
76
67
64
70
76
82
78
76
81
60
63
70
71
81
67
80
67
65
61
81
60
78
68
63
63
66
72
60
74
60
83
69
63
82
74
64
60
68
72
76
64
60
70
71
79
67
77
65
75
62
66
74
62
68
78
64
67
76
78
69
63
63
69
73
61
69
71
82
80
78
63
77
78
72
71
82
64
62
69
68
66
80
72
62
73
65
78
85
78
86
77
86
67
76
65
60
64
67
63
75
72
67
77
86
72
70
77
81
80
84
66
90
67
78
76
60
66
75
84
80
65
72
93
75
73
74
75
69
77
81
71
64
65
73
70
60
68
81
60
77
79
60
60
66
69
67
73
72
69
60
76
68
81
68
64
68
65
67
67
79
60
74
66
76
66
81
67
60
75
71
74
77
65
66
77
71
75
63
84
65
65
69
64
65
62
74
74
67
71
75
80
60
66
60
92
69
73
67
62
63
72
68
82
68
66
95
77
82
70
62
61
66
70
87
67
63
74
70
70
66
75
76
60
60
79
60
65
65
79
79
90
71
65
69
67
73
82
66
80
69
77
73
75
85
76
71
