75
68
71
64
71
70
67
64
68
84
71
70
75
75
78
62
75
69
64
76
60
61
77
71
91
66
72
74
73
65
89
85
82
67
65
62
81
83
73
76
76
67
73
72
77
70
69
79
69
67
73
74
63
72
77
76
66
67
69
86
72
70
60
77
67
61
72
67
87
77
74
77
69
73
64
63
71
64
73
72
68
66
68
70
70
67
69
68
66
76
69
89
72
87
62
60
64
63
74
79
72
63
66
74
61
70
73
72
81
84
66
68
70
72
65
65
62
64
68
65
60
69
77
62
67
79
63
88
87
62
71
75
62
76
72
68
82
66
61
94
68
80
63
60
69
74
69
66
70
60
70
75
82
78
74
72
69
60
62
80
71
63
61
80
71
75
67
60
63
73
75
72
71
76
72
61
73
60
73
62
73
79
67
84
64
74
62
60
67
60
74
75
60
61
62
78
80
76
76
72
79
74
75
68
75
74
85
75
68
69
87
75
67
60
65
67
64
77
73
67
60
73
60
78
60
69
60
83
74
74
77
69
61
69
65
60
78
60
77
68
95
71
82
61
60
72
61
80
64
66
83
65
62
78
73
64
60
73
67
70
63
66
75
60
64
68
73
64
63
69
76
70
65
74
73
72
77
60
80
69
62
71
62
62
68
72
78
71
78
