85
72
61
75
79
60
70
70
66
60
86
65
81
72
64
65
69
77
82
78
64
65
66
66
66
81
73
66
81
74
70
68
60
70
74
72
68
76
78
76
82
91
60
73
65
67
61
72
69
78
64
68
72
66
68
80
77
65
71
71
76
78
60
61
76
76
65
64
82
77
71
60
80
75
61
71
84
91
67
68
85
81
71
72
60
81
77
60
64
75
68
69
68
61
63
70
80
60
68
60
67
67
73
60
81
68
80
69
60
60
66
84
70
70
64
82
69
88
84
68
74
72
66
76
71
68
61
62
75
60
69
77
86
65
61
77
67
72
70
66
70
67
61
67
75
63
67
78
63
85
66
62
60
73
74
65
78
60
71
81
81
70
64
70
60
86
63
75
63
77
79
70
75
72
76
63
75
71
74
63
72
65
79
94
60
66
71
77
82
78
76
68
62
80
71
67
86
75
85
75
80
60
70
61
95
70
77
62
63
92
92
74
60
71
72
65
67
83
67
79
72
63
69
75
60
73
72
65
93
66
71
70
87
60
78
67
71
75
60
62
66
78
80
82
66
80
83
68
60
76
77
75
76
75
70
63
66
67
69
69
69
81
75
85
64
76
88
62
71
63
63
69
73
67
65
65
69
84
75
64
72
67
61
85
70
73
72
62
77
