62
64
77
67
73
83
68
80
67
73
67
70
72
68
75
85
73
72
65
72
64
71
60
73
61
64
65
81
78
79
67
67
68
69
68
62
68
62
81
73
85
78
71
74
83
75
69
76
85
80
67
67
77
60
75
70
64
63
78
65
71
71
62
74
72
69
62
67
64
73
71
70
60
81
71
95
63
70
69
77
75
60
60
64
74
73
75
62
71
60
61
66
82
74
60
67
74
70
62
71
64
78
66
71
64
70
81
68
72
64
74
72
80
69
78
64
73
69
70
63
60
62
65
62
78
67
75
63
61
91
89
72
72
64
77
68
76
63
79
69
69
60
77
75
60
65
68
74
69
73
82
60
70
75
71
80
64
64
75
68
64
64
76
74
72
67
63
65
60
71
75
74
69
69
77
60
84
74
64
66
68
70
80
72
68
75
62
66
70
72
64
71
64
81
78
80
77
61
64
68
69
62
67
65
82
67
79
76
73
83
73
72
69
72
63
80
78
64
77
70
82
60
73
78
74
60
84
68
76
60
79
62
65
71
67
60
70
64
84
76
70
71
71
87
61
64
67
72
67
74
80
79
83
76
69
85
68
66
69
73
67
66
68
74
86
75
65
79
65
68
68
76
83
60
64
71
78
60
67
71
60
63
76
67
69
63
72
73
80
