88
82
70
87
61
66
66
66
67
67
64
63
73
73
63
75
60
65
75
72
80
67
70
66
60
75
63
63
66
76
60
75
73
75
65
70
73
75
77
71
60
64
69
87
66
67
77
77
70
78
74
63
63
71
71
64
73
88
71
75
95
66
63
60
73
71
60
80
70
65
67
68
64
68
70
83
82
62
88
61
60
68
66
65
74
70
65
93
66
80
64
77
76
60
60
80
76
60
69
76
83
63
61
60
69
79
77
86
83
60
64
61
79
60
65
65
71
64
67
74
72
66
67
87
77
67
61
75
71
76
64
71
70
64
70
67
68
79
81
90
83
62
74
63
63
70
80
64
78
69
62
86
70
76
71
60
78
76
67
77
73
68
80
84
60
79
64
80
67
68
66
61
69
72
67
72
75
66
71
82
69
70
71
72
65
75
62
68
60
66
77
81
80
73
76
64
68
79
65
72
71
73
62
60
87
91
80
62
67
71
63
60
69
80
62
82
71
68
69
60
64
60
70
75
67
70
65
65
73
81
67
66
66
70
80
78
71
70
70
76
75
70
67
64
60
75
61
68
60
75
88
63
92
64
73
77
71
69
79
68
68
71
67
85
77
70
67
66
76
65
61
81
73
83
66
61
85
65
74
67
74
60
65
63
69
72
64
75
68
