71
76
66
70
79
68
80
73
78
62
65
78
74
63
71
63
69
78
68
60
74
69
66
60
60
64
75
68
60
62
64
60
65
70
71
81
76
64
71
63
83
68
76
69
66
68
75
74
82
68
71
76
76
76
65
64
70
62
88
71
79
70
83
63
73
72
75
65
79
78
63
63
60
77
60
77
65
74
63
62
62
62
63
66
79
63
67
79
62
73
65
75
74
65
66
60
75
82
64
67
68
71
70
65
69
72
70
72
68
65
81
63
61
66
64
70
66
71
75
73
76
73
70
65
83
60
65
75
77
76
60
68
70
61
73
77
63
69
75
66
68
65
68
77
60
69
68
64
65
60
78
72
60
70
61
74
83
78
66
61
73
72
78
69
69
68
73
88
71
80
76
71
84
60
65
67
69
63
75
77
65
75
63
65
82
64
63
68
61
83
70
63
66
70
85
61
65
73
70
72
79
66
60
70
65
78
79
75
63
65
72
69
71
77
60
60
77
62
60
60
69
61
62
82
67
78
74
72
95
81
81
70
67
71
61
73
61
80
77
70
66
69
80
72
63
74
70
68
72
68
65
61
70
73
69
65
73
65
66
67
69
74
71
65
66
76
67
69
77
75
70
63
67
67
75
75
69
63
72
72
87
75
70
69
70
83
76
70
60
