85
72
80
67
72
61
67
75
67
69
67
63
76
69
71
79
80
66
78
77
73
67
78
69
64
69
65
88
67
60
60
66
63
65
79
76
81
72
80
63
67
60
72
84
63
60
80
82
70
73
60
82
66
81
60
78
65
68
65
74
88
70
60
66
69
65
70
80
73
68
79
70
75
60
76
63
61
67
69
76
74
74
66
71
85
65
72
67
80
68
71
65
64
68
81
60
65
69
72
64
83
85
93
64
71
75
92
74
68
66
74
86
72
71
60
76
77
68
72
63
63
84
69
66
71
67
62
70
77
67
66
72
82
78
79
71
69
75
65
72
73
68
73
76
60
60
61
64
62
65
72
70
62
65
61
64
77
64
70
67
64
76
79
67
64
68
87
71
64
67
66
78
71
64
72
69
60
81
73
78
71
70
66
76
60
86
78
65
69
66
74
69
60
67
89
70
79
71
64
91
84
75
73
68
77
64
72
73
83
94
81
63
85
65
66
66
63
67
75
72
70
73
72
61
79
72
68
67
75
71
76
70
65
64
70
60
71
95
73
80
72
71
69
67
62
69
61
71
80
76
65
88
60
72
73
63
75
73
62
66
78
70
63
65
69
72
70
69
65
71
77
60
65
72
77
67
60
78
60
73
63
85
82
85
77
74
69
65
66
