93
61
60
81
60
61
74
74
76
64
74
66
74
75
78
67
65
70
88
75
80
74
67
74
73
71
64
67
72
61
79
78
72
74
60
75
64
77
62
72
74
72
64
64
62
68
77
81
81
63
75
69
80
85
88
78
69
85
69
63
71
77
69
67
73
73
63
95
72
78
78
70
64
84
75
72
70
74
61
76
67
69
82
76
66
64
68
61
71
65
68
65
73
77
68
77
83
65
69
78
68
76
84
60
74
60
72
62
81
76
65
60
65
84
79
76
77
68
64
81
76
60
78
77
70
73
85
75
62
78
66
72
69
71
76
72
79
71
88
63
70
68
68
76
67
69
62
76
70
72
65
74
68
75
91
76
67
81
78
81
84
66
79
66
74
81
69
60
63
81
81
65
66
88
61
73
70
71
72
75
72
87
81
60
75
66
71
70
78
76
64
69
68
68
77
70
81
68
74
71
71
66
63
60
83
69
67
64
75
68
67
60
71
93
71
72
78
83
82
64
65
60
71
67
66
72
67
62
72
63
78
60
72
72
72
74
85
72
65
61
63
62
69
77
66
78
67
67
74
69
76
62
76
77
72
63
69
72
65
64
81
71
65
64
71
63
71
78
63
77
79
71
72
70
85
83
74
78
76
60
70
60
81
63
62
84
66
60
80
