66
76
68
70
64
81
61
78
75
64
74
68
70
64
65
69
66
73
68
76
60
78
69
60
69
74
66
77
72
79
60
71
84
78
67
78
65
66
86
77
65
62
71
78
66
63
74
87
75
73
66
76
71
69
60
67
72
80
66
72
78
72
60
68
63
66
85
60
67
65
60
74
73
79
67
77
81
67
67
67
84
87
63
80
72
70
75
79
72
69
68
69
70
60
64
73
75
74
60
80
69
70
72
69
78
64
73
63
66
67
60
81
79
64
70
74
62
73
62
72
63
78
76
72
60
81
69
87
61
79
78
68
68
66
61
82
78
64
73
70
88
82
72
67
72
75
84
76
62
66
73
67
64
78
71
79
71
74
74
60
66
66
66
78
87
72
69
79
73
83
76
60
68
60
63
69
63
66
69
65
62
71
60
80
71
81
72
80
86
70
68
68
64
80
60
73
90
69
65
65
61
79
60
73
63
95
73
79
72
72
62
70
61
66
82
70
75
76
83
64
78
76
80
63
73
84
71
69
75
78
75
60
60
75
81
69
78
68
79
76
76
76
65
68
70
61
60
63
73
60
67
65
79
79
70
69
65
79
73
60
63
63
72
61
77
65
60
80
75
70
60
80
77
60
84
73
60
74
65
61
64
74
69
77
68
68
63
78
68
