67
70
62
63
89
60
72
80
74
62
69
74
64
62
62
62
64
70
71
62
68
70
64
76
62
64
80
67
73
72
91
72
71
70
78
71
81
60
73
62
73
70
89
63
63
62
71
60
68
60
75
75
75
85
64
62
74
65
72
73
65
60
66
80
68
66
66
67
86
66
65
82
66
69
78
64
74
72
63
63
75
60
67
72
78
68
69
70
65
66
74
79
88
60
76
67
64
71
82
89
65
84
60
69
79
78
63
65
67
77
70
86
62
60
71
69
63
65
60
75
60
69
75
85
89
73
69
60
73
60
64
95
71
64
79
60
65
68
87
74
67
77
71
61
75
68
75
86
65
68
71
71
88
74
66
64
77
79
68
82
88
73
72
82
70
84
90
79
71
67
67
71
68
71
72
81
69
75
74
67
63
70
61
75
69
72
68
69
70
69
72
67
65
70
60
64
72
79
64
74
66
71
85
76
65
71
69
77
66
69
70
68
71
93
69
78
61
83
72
79
85
73
66
76
80
87
68
88
69
77
67
66
61
82
77
72
72
64
64
68
78
79
72
74
68
75
72
64
75
74
72
75
77
76
60
60
60
63
80
70
92
68
83
84
64
60
86
80
65
75
76
63
79
60
60
63
78
76
63
66
82
67
60
61
64
68
70
74
69
