60
69
74
73
60
78
71
78
74
82
69
83
79
69
61
77
77
75
64
86
70
60
67
95
66
78
90
72
72
88
69
68
75
74
78
78
71
78
69
60
63
74
77
71
72
65
70
80
72
60
67
75
70
71
68
73
85
84
75
77
66
66
75
73
73
60
75
79
79
75
79
70
72
61
73
78
81
68
66
64
74
81
82
70
79
64
71
78
72
60
67
86
61
82
67
71
83
92
69
60
70
73
68
79
61
87
82
64
74
69
66
60
65
84
82
65
70
70
67
60
75
70
73
67
75
71
79
60
61
81
70
72
81
75
82
60
65
65
65
76
76
60
60
64
70
76
66
73
72
69
68
74
60
63
74
69
69
84
64
92
67
76
67
81
72
69
67
85
63
81
60
74
65
78
68
75
80
63
60
66
60
72
69
70
67
60
68
75
77
80
79
72
77
70
69
72
64
69
67
66
70
72
86
67
62
92
67
77
77
67
75
65
63
75
80
64
79
63
77
72
77
65
80
65
73
60
73
74
69
74
77
88
82
69
72
80
79
84
73
90
71
67
84
75
78
73
68
72
63
60
91
69
89
63
68
72
81
71
71
82
70
66
76
66
74
75
66
67
65
67
68
69
71
72
85
64
65
68
76
88
67
64
61
64
84
93
60
72
88
