72
72
61
82
70
81
64
70
69
60
79
75
64
69
65
73
78
62
74
71
72
69
73
70
68
73
72
68
81
83
70
64
63
65
76
68
68
84
81
71
68
78
68
70
64
71
79
64
82
60
68
64
69
76
62
72
73
65
69
86
62
70
62
78
83
73
67
60
71
73
67
63
65
77
78
79
79
60
73
63
73
77
82
66
73
71
85
77
77
77
68
66
71
68
66
66
63
78
68
72
63
64
79
76
68
70
67
75
69
60
60
64
62
78
71
68
60
69
75
62
64
73
65
65
69
60
67
79
79
66
66
72
78
69
60
63
60
73
72
72
85
74
75
77
78
71
73
68
77
80
74
65
71
68
78
95
71
70
69
72
64
79
68
73
70
81
65
65
72
73
74
63
68
89
72
71
74
62
65
71
74
62
67
68
63
67
84
61
63
81
66
71
82
63
76
63
68
66
76
78
81
73
61
68
74
73
70
84
75
65
71
75
69
80
71
74
73
69
64
75
76
72
72
66
62
75
66
68
67
67
76
77
74
72
73
69
74
73
69
60
65
66
76
68
61
60
75
67
68
71
72
68
64
80
63
65
69
65
81
60
70
80
69
60
62
77
66
71
78
67
65
71
75
66
73
84
70
69
65
72
65
77
72
67
78
70
73
68
78
