64
71
62
60
75
60
64
73
71
74
64
76
60
75
64
74
71
69
66
72
76
76
78
80
70
69
65
78
67
66
66
61
64
68
68
70
64
66
66
74
67
68
74
61
65
71
72
75
70
63
78
70
69
73
61
74
66
78
91
67
68
67
65
65
64
60
71
60
78
76
77
77
77
63
60
67
63
72
60
79
69
72
73
68
65
75
69
62
71
77
69
64
60
74
77
69
72
70
77
64
72
60
68
76
74
61
60
68
76
77
63
65
67
68
79
69
60
70
68
60
74
64
71
64
69
63
71
65
64
78
70
61
71
78
60
63
67
74
63
71
71
72
73
68
62
74
60
66
66
70
76
76
70
70
65
79
61
89
63
67
61
62
73
65
87
65
73
74
60
67
74
66
60
64
69
79
75
75
67
73
71
65
66
78
63
60
66
65
70
60
79
67
63
70
74
60
76
71
83
70
60
88
77
69
63
74
66
72
63
67
64
60
63
77
75
70
72
75
85
69
69
72
72
72
61
76
70
67
60
78
62
79
68
95
66
65
60
74
72
64
70
60
78
65
66
60
81
70
68
77
73
72
75
66
79
81
70
64
79
71
65
65
64
66
70
66
61
72
62
72
60
69
66
77
76
70
62
67
63
86
76
65
60
68
61
83
69
79
64
