70
76
61
75
76
68
70
74
84
60
73
60
69
63
67
66
66
60
74
72
66
68
61
81
63
60
63
67
80
67
73
70
82
60
64
61
71
76
71
71
60
64
82
95
72
77
72
69
74
66
71
71
70
76
69
66
60
71
66
65
63
84
78
82
65
60
73
60
74
75
72
77
70
72
70
67
60
67
71
65
73
67
71
66
60
81
65
61
70
72
79
72
62
62
60
64
68
64
85
72
78
71
86
66
67
64
66
61
79
61
67
72
64
65
74
63
70
80
77
71
69
65
73
68
71
76
71
77
66
66
78
71
75
64
76
74
84
60
76
71
63
76
68
62
81
79
75
72
74
66
68
76
79
79
79
66
70
67
71
69
72
65
66
69
75
60
69
75
66
68
65
78
74
72
71
62
71
80
72
63
66
79
63
67
75
72
71
65
69
78
81
62
67
72
84
81
67
73
70
69
71
71
64
75
74
72
63
81
71
67
65
65
74
66
73
67
72
79
83
74
74
89
77
70
79
64
72
71
79
65
89
71
84
66
60
60
66
70
80
69
71
78
74
63
68
69
86
64
68
67
87
67
74
71
72
64
73
63
66
74
81
60
83
82
77
71
73
64
73
74
81
64
69
80
68
60
76
60
69
72
66
64
64
75
69
67
64
62
68
