75
76
85
85
67
63
75
68
76
71
72
81
66
76
78
64
75
70
68
65
69
63
65
60
71
67
73
72
68
79
69
67
75
68
71
61
77
65
71
70
70
68
76
70
70
71
74
79
66
67
95
74
78
75
60
66
67
72
70
91
64
70
68
62
67
67
66
85
73
60
83
67
89
60
66
75
63
80
73
69
75
72
60
75
70
65
67
60
73
71
67
76
85
64
79
66
73
80
78
61
73
78
60
66
60
70
69
61
83
65
71
74
79
65
69
75
71
75
73
67
65
69
67
69
73
75
75
73
67
68
76
78
68
71
71
68
88
70
81
66
77
78
76
73
61
69
76
81
71
75
71
60
62
60
74
79
74
71
65
67
79
66
73
63
81
80
76
83
61
63
75
60
77
63
72
60
77
64
64
88
76
63
61
67
60
69
71
74
60
68
68
66
72
83
76
67
65
68
76
66
71
62
66
65
61
74
68
72
71
77
73
63
68
77
71
70
80
69
64
75
74
73
71
71
78
68
63
68
82
67
65
66
65
69
76
69
64
75
60
75
82
84
75
83
78
68
78
81
87
84
69
76
63
74
75
66
61
65
70
64
67
78
71
60
72
72
63
77
67
81
73
65
60
71
62
60
63
71
78
64
69
73
70
81
63
65
74
66
88
