69
69
77
84
60
67
63
73
92
67
95
68
60
60
79
85
64
69
63
62
68
60
68
73
71
84
60
63
75
66
74
63
82
69
70
85
74
69
72
69
82
76
63
68
78
82
72
73
65
66
75
71
70
65
60
77
68
62
70
77
63
73
65
87
74
78
64
63
69
61
75
70
73
70
83
69
73
83
70
63
69
64
71
67
62
72
80
76
69
68
68
64
69
65
83
64
69
82
75
76
76
71
75
72
64
65
75
65
60
76
78
62
77
65
87
79
68
78
64
69
61
68
69
90
74
75
78
78
69
72
78
64
75
87
68
75
77
79
83
74
66
72
63
66
64
66
83
73
68
67
66
62
68
69
72
70
64
75
67
77
60
71
68
60
69
68
68
64
71
83
67
65
81
76
60
63
68
61
74
68
75
67
69
75
64
61
70
68
84
68
74
73
72
69
72
69
74
69
75
67
60
82
67
73
66
66
70
69
67
62
70
70
77
63
69
65
64
76
80
70
69
60
71
68
79
70
61
67
60
93
74
72
72
65
60
68
86
61
74
68
61
65
77
66
60
72
67
71
65
62
78
63
88
65
71
60
62
63
63
66
74
76
75
67
78
80
62
69
65
71
65
71
72
65
72
81
70
66
66
70
84
63
72
60
69
60
79
84
68
