83
83
72
64
81
73
60
78
66
72
62
72
74
60
63
76
73
60
63
86
77
64
68
86
66
79
77
66
75
64
68
70
62
84
82
64
67
74
64
71
73
84
79
82
83
72
67
80
75
75
72
67
76
60
75
73
60
80
80
71
76
83
77
68
95
72
60
66
68
81
83
85
65
85
60
65
66
75
91
80
70
66
86
63
84
78
84
73
78
90
74
67
79
74
74
81
64
62
62
68
82
68
76
82
73
73
66
78
62
60
73
74
67
78
72
78
66
70
78
76
87
63
73
82
60
66
73
84
69
73
79
60
61
78
85
88
70
87
69
73
94
82
68
76
88
77
76
78
73
70
78
80
70
77
77
80
75
85
80
78
72
69
70
70
77
66
67
77
60
61
78
68
69
86
66
68
69
60
70
79
87
70
72
79
81
79
75
73
81
88
66
75
62
66
65
70
81
82
70
70
86
64
60
66
90
86
70
64
73
61
68
68
71
75
71
88
78
60
64
70
61
63
84
73
72
91
80
68
70
61
73
87
60
86
78
73
75
74
70
61
74
78
65
77
69
72
72
69
65
70
77
80
84
64
71
80
88
75
69
73
60
71
64
91
77
82
69
70
77
73
62
63
71
67
65
60
82
65
76
75
76
79
61
61
79
66
60
81
61
