71
69
71
67
76
77
66
77
71
67
64
62
72
72
90
71
70
75
65
67
72
66
60
76
78
63
63
76
69
67
67
72
71
70
78
69
67
65
81
68
62
64
71
64
69
63
70
64
76
69
72
65
67
75
74
60
76
69
65
68
71
68
71
66
70
65
76
86
71
60
85
67
69
70
68
73
61
69
72
60
63
72
76
74
61
69
68
69
60
73
64
60
64
64
60
66
81
70
68
67
60
84
63
64
71
64
62
78
65
73
62
70
69
70
64
68
70
62
77
63
71
75
67
62
68
77
69
73
70
65
64
74
74
60
82
60
70
73
72
74
61
64
69
65
66
62
87
65
62
72
70
71
62
66
70
62
60
69
67
60
67
64
61
81
60
69
67
75
64
62
75
71
62
81
64
62
60
68
71
64
66
73
69
95
67
62
70
68
70
74
70
67
60
78
74
74
71
60
64
69
75
60
61
60
67
79
73
65
73
60
65
69
64
68
70
63
69
65
78
69
64
60
70
78
60
65
82
72
77
71
74
72
67
65
66
67
65
63
81
68
73
72
64
66
63
62
68
71
90
68
67
67
64
62
63
60
67
68
86
75
64
67
76
70
60
67
77
63
72
61
69
70
66
73
70
82
68
60
63
83
69
60
79
81
71
69
60
71
80
