83
66
69
71
76
63
71
84
61
60
86
72
68
60
66
61
69
80
71
62
65
95
73
60
72
72
68
69
62
63
76
68
72
60
64
78
77
72
70
60
77
72
60
67
72
79
73
71
77
77
64
67
73
77
67
72
71
71
62
64
75
69
82
67
70
63
68
67
60
78
66
60
73
64
63
69
76
69
68
78
61
61
68
63
68
70
64
81
68
71
66
73
64
84
69
70
77
65
62
60
62
65
65
66
76
60
67
63
66
75
68
69
63
68
70
60
74
61
60
67
71
60
84
86
66
70
75
75
65
73
72
78
67
66
62
63
67
60
67
76
73
60
63
72
66
70
90
78
70
60
72
68
71
71
71
69
60
72
85
67
72
79
78
67
78
73
67
72
65
63
66
60
79
83
74
63
73
69
71
68
81
61
80
75
79
68
81
60
90
74
68
69
64
62
81
66
68
72
64
70
72
72
74
84
60
71
60
66
79
68
75
70
77
75
64
74
72
69
78
64
65
70
70
73
63
72
60
68
66
60
68
64
70
76
75
82
79
66
71
71
69
63
67
93
73
71
83
77
63
72
66
70
73
60
66
66
67
80
65
66
72
60
67
72
77
69
60
60
64
66
62
60
85
60
69
66
74
62
77
64
73
87
78
70
77
81
78
66
61
