71
75
65
71
74
72
87
72
61
76
68
69
82
70
70
77
66
82
72
78
75
62
67
66
76
65
80
70
66
72
61
63
85
60
63
76
79
69
82
67
62
68
76
75
77
72
65
60
82
85
65
70
88
65
69
67
70
90
94
66
80
72
66
61
69
63
72
82
85
77
82
67
62
75
79
81
89
68
63
60
69
71
63
67
77
68
70
70
70
68
61
76
70
76
66
75
68
62
76
62
70
61
76
77
73
75
90
75
68
72
63
76
76
73
63
67
72
74
68
72
71
76
60
64
80
70
60
62
75
68
83
95
81
60
77
75
60
73
69
76
60
89
66
74
71
66
72
69
82
74
77
82
82
69
77
84
81
67
72
60
83
65
60
74
75
61
79
62
64
82
75
71
74
75
81
79
77
82
76
68
68
68
76
77
86
66
69
64
69
77
65
81
62
69
73
79
68
61
66
79
68
61
69
72
74
82
86
81
78
81
72
64
68
81
63
73
69
65
63
89
81
70
61
60
79
78
80
63
72
72
66
73
72
60
68
71
77
85
84
68
78
60
74
63
70
64
80
63
66
72
65
72
77
65
71
84
60
68
80
64
66
69
78
68
61
62
66
62
74
68
74
70
70
86
67
65
74
86
78
83
70
68
76
61
60
69
82
64
70
