69
81
60
60
72
65
78
69
85
75
68
82
72
63
68
64
69
61
68
77
78
73
65
67
71
68
68
77
71
64
65
73
73
69
66
82
79
77
74
60
68
64
66
70
81
77
74
60
65
66
63
72
64
69
61
68
66
66
70
66
64
64
72
78
69
74
81
73
72
85
71
64
75
65
63
72
64
71
66
64
83
61
74
75
60
75
67
68
71
77
67
70
60
68
70
76
66
80
60
68
65
65
79
75
60
62
65
78
72
72
70
66
65
71
73
74
67
77
61
67
70
71
73
71
70
74
62
60
86
74
75
72
69
64
64
63
62
60
80
61
66
75
63
66
71
72
60
68
73
68
63
60
67
81
78
73
79
65
71
61
65
64
60
83
68
65
81
77
79
76
71
62
79
69
80
70
72
63
76
74
88
69
64
79
72
68
95
65
65
66
73
60
60
65
61
85
60
63
75
73
88
73
60
61
60
62
72
70
77
70
68
72
72
66
65
72
72
78
74
90
60
64
68
70
62
74
74
61
74
67
69
60
65
72
68
73
82
72
74
69
64
71
61
69
60
62
70
60
67
73
79
69
60
64
69
73
67
74
71
64
62
67
74
60
82
63
64
70
80
67
76
79
79
75
73
71
65
73
81
61
71
69
62
68
66
73
66
60
60
