65
63
74
65
65
74
68
71
70
85
63
85
80
71
70
78
76
63
65
68
60
60
65
60
65
95
73
83
70
77
70
67
69
76
63
65
68
77
67
63
69
75
61
71
77
65
71
70
65
60
78
67
77
72
74
67
81
75
81
61
72
67
73
73
68
65
72
64
73
71
88
70
71
71
75
71
76
63
60
68
60
60
67
70
60
81
69
77
76
67
65
67
72
75
66
60
78
66
76
64
74
68
73
78
61
60
70
68
63
63
64
81
60
79
65
63
69
73
71
72
63
65
79
60
68
60
74
74
68
70
66
61
60
71
69
86
69
67
67
65
75
66
65
75
67
69
79
72
64
65
60
80
65
75
61
61
66
71
79
74
67
72
64
60
60
72
64
71
65
65
72
60
67
62
72
76
73
63
69
76
66
66
84
72
73
72
63
63
69
69
67
68
73
60
62
62
69
72
63
67
60
78
67
83
71
60
72
71
67
60
67
61
65
79
79
69
64
69
69
68
67
71
73
62
60
70
74
66
68
77
65
68
61
91
73
75
61
68
82
62
63
66
60
78
63
63
81
77
86
68
75
67
75
76
69
67
69
63
63
69
75
70
65
68
73
83
62
76
60
71
85
74
68
79
60
79
60
86
76
67
69
68
71
66
76
67
65
62
76
