74
82
84
60
80
63
85
74
66
60
72
70
70
69
67
70
82
78
62
67
73
60
80
85
74
71
71
70
71
64
71
72
74
78
74
72
74
77
64
92
60
67
66
83
78
77
80
71
67
77
81
63
88
73
79
73
86
73
61
75
68
72
71
70
67
60
63
71
72
69
70
77
68
76
65
63
82
83
60
60
71
78
64
73
70
65
63
68
60
66
60
64
70
73
65
70
71
77
69
64
71
63
74
64
81
70
73
62
77
68
72
75
68
67
85
81
80
74
66
77
88
73
69
67
73
91
95
67
70
74
69
79
75
70
72
66
81
70
66
74
71
77
60
71
78
60
69
65
63
69
67
77
60
78
75
87
75
73
79
79
73
74
83
69
62
79
82
71
73
61
64
64
86
70
66
78
70
79
68
64
63
61
66
82
69
68
76
68
76
91
73
76
81
63
61
85
74
62
71
72
84
73
76
62
65
64
60
81
64
77
60
65
67
68
83
73
75
68
60
73
65
81
88
65
83
74
63
73
72
77
68
67
63
81
86
87
67
83
76
69
73
65
72
71
62
63
79
68
60
78
72
66
75
71
60
89
66
72
72
72
94
85
74
63
77
63
71
77
74
83
71
83
82
60
67
60
75
64
66
73
70
73
77
65
75
81
62
72
65
