70
72
73
71
68
63
60
66
69
67
68
64
75
66
72
64
66
61
71
75
70
68
66
65
72
62
63
73
65
64
70
75
65
67
73
70
66
60
75
67
65
61
84
67
63
69
68
76
79
65
66
63
75
73
78
75
71
62
80
85
72
70
82
71
62
66
74
67
70
79
68
68
68
66
71
63
72
60
71
67
74
74
75
70
64
60
60
69
66
66
82
75
71
81
77
65
73
66
66
76
73
60
63
70
69
64
66
75
74
75
67
76
63
71
61
76
67
73
64
85
78
68
78
74
64
70
69
72
64
68
60
69
65
71
78
72
67
74
73
69
71
76
60
67
72
64
63
64
68
65
76
68
78
76
67
73
75
73
64
63
68
74
69
73
70
68
67
69
78
70
68
60
65
65
72
76
68
65
66
66
67
68
76
68
65
75
85
60
76
67
68
84
71
69
66
73
76
64
70
67
76
66
79
66
63
75
74
61
70
76
69
69
75
79
77
73
75
95
73
81
67
67
67
70
68
72
70
71
82
64
69
74
65
70
69
81
67
71
60
76
71
65
66
61
73
65
60
75
65
66
88
63
82
76
74
71
69
70
76
80
69
72
60
72
66
62
74
73
72
77
69
73
85
78
75
81
77
74
72
71
68
67
62
71
64
71
86
76
75
