75
67
60
88
67
66
79
71
76
73
68
69
68
67
60
65
71
79
60
72
94
63
71
67
84
72
74
74
79
73
60
76
87
63
71
66
87
79
60
69
67
88
71
73
84
71
65
70
66
67
66
75
69
70
68
71
60
66
72
72
69
80
66
66
77
69
69
65
76
74
63
60
81
72
74
71
81
86
77
81
66
72
63
72
69
73
74
75
87
78
62
74
64
60
86
67
71
60
76
69
72
67
71
70
67
67
76
66
70
66
65
84
66
67
72
81
60
65
78
73
84
73
91
63
67
77
72
60
67
60
68
74
76
85
77
64
74
73
67
69
65
67
70
71
61
78
60
87
82
78
71
62
75
73
79
74
95
67
74
77
70
80
62
82
68
79
67
75
71
60
60
60
77
78
80
62
76
83
60
63
71
69
70
78
78
63
74
61
68
80
68
69
73
68
68
80
68
60
86
73
82
82
78
77
73
62
74
73
60
60
83
67
92
66
63
72
69
60
78
73
75
71
90
67
69
70
63
66
70
60
64
68
74
74
60
68
66
72
80
64
71
63
68
63
71
64
61
69
64
62
66
71
78
80
69
65
69
72
76
66
60
71
70
60
76
68
75
71
71
64
88
83
64
77
72
76
89
68
70
72
82
86
62
70
79
89
75
67
70
