80
71
72
66
77
69
67
84
65
71
70
68
60
74
65
79
70
66
69
63
69
73
69
79
62
79
69
85
61
76
60
61
74
80
71
62
67
85
70
73
74
80
60
74
67
88
70
75
61
69
83
74
70
68
66
73
68
82
71
71
72
79
68
63
74
71
60
73
77
75
65
78
66
65
75
71
77
73
67
75
61
82
77
74
74
69
79
68
81
75
77
86
79
80
75
65
69
62
75
69
70
63
68
60
63
65
77
76
66
78
67
76
69
66
75
75
60
90
71
60
77
80
62
75
76
62
68
71
71
81
60
65
69
60
82
70
78
64
67
75
67
66
74
77
78
68
91
63
66
66
60
79
84
84
65
64
88
76
75
77
65
60
62
68
68
63
71
60
69
67
89
75
77
69
70
69
71
73
67
66
62
72
81
71
78
84
67
66
77
69
85
71
62
62
67
80
67
66
95
69
78
83
60
79
66
83
67
60
85
60
62
80
83
75
61
85
65
60
60
75
74
72
64
86
68
63
79
77
74
73
78
71
70
69
71
61
82
62
60
64
76
85
60
60
86
79
70
85
88
73
70
62
91
69
72
65
69
71
70
64
70
69
71
60
73
78
66
73
82
75
62
65
79
61
75
78
64
69
88
88
84
90
74
65
77
73
80
73
65
