61
66
83
69
63
69
76
74
64
74
66
77
63
79
61
64
73
75
65
76
72
66
79
61
69
64
70
70
79
63
67
60
67
88
78
77
62
66
63
75
61
67
68
67
62
64
73
69
83
72
73
60
67
60
70
83
76
76
67
60
69
67
68
66
87
72
64
82
76
68
70
88
73
79
73
67
72
69
70
87
60
60
69
72
68
67
74
68
72
64
69
71
71
63
63
73
78
83
60
73
78
68
61
63
64
81
69
75
61
65
63
61
70
69
71
68
71
79
84
67
60
60
66
66
77
63
60
73
70
60
83
84
72
76
60
75
80
70
71
65
67
65
80
77
65
60
74
76
61
81
70
74
69
73
63
74
73
60
76
71
67
77
63
66
60
70
63
67
79
74
65
75
74
61
65
73
64
68
66
74
76
64
77
67
69
77
75
80
72
70
74
73
66
63
71
69
60
65
61
80
85
69
60
61
65
65
63
74
68
70
66
64
67
71
78
66
60
88
67
74
94
86
76
68
70
60
70
83
69
67
66
60
63
83
63
70
83
95
72
68
65
68
68
70
75
78
68
88
71
67
60
68
61
88
73
71
72
70
60
64
71
71
76
78
60
68
79
76
64
67
64
65
67
62
71
70
73
78
81
73
62
64
71
67
71
77
62
77
75
