65
75
61
62
71
74
71
66
68
77
65
69
70
71
69
69
63
69
62
60
76
60
84
70
80
61
65
65
64
68
72
70
60
77
71
65
67
69
62
68
63
73
74
60
68
60
76
61
68
60
76
60
68
64
60
71
72
61
63
72
63
61
62
70
63
66
60
69
68
64
65
65
66
72
62
79
60
66
69
66
67
71
68
73
60
67
61
68
74
60
65
81
76
74
63
73
68
62
75
78
72
73
71
75
71
72
73
60
64
66
65
72
60
74
69
76
62
63
73
66
60
64
70
66
67
60
64
66
61
61
61
62
62
81
74
79
69
60
60
66
73
74
69
60
69
67
69
73
79
63
64
72
64
61
63
68
78
72
63
95
63
72
65
72
69
60
70
60
70
68
71
74
75
70
71
63
61
66
79
74
71
70
64
66
72
63
65
74
69
68
60
71
60
64
73
66
67
68
74
69
72
63
71
76
64
67
68
65
68
67
67
67
62
77
67
66
64
79
69
73
71
71
63
60
65
74
66
88
83
72
67
71
65
69
60
76
61
67
66
70
73
76
77
60
60
73
69
67
68
70
64
65
73
70
67
71
83
67
63
70
62
65
67
70
62
70
67
70
67
70
67
67
66
73
61
78
67
71
65
62
68
66
64
66
63
63
64
74
64
