66
76
80
71
76
77
74
79
74
77
76
74
71
95
64
70
62
87
79
60
73
68
72
76
67
90
75
75
76
68
68
76
79
64
69
76
78
69
69
79
74
70
64
62
66
76
72
73
71
73
60
63
72
73
65
60
75
86
82
74
69
70
84
91
73
68
81
63
84
66
78
70
87
89
65
80
74
76
88
72
77
75
74
79
77
70
76
72
71
69
92
83
91
72
76
69
78
84
74
65
75
62
77
77
78
67
82
68
60
70
72
61
71
84
71
71
76
60
68
72
89
77
74
68
70
66
60
64
76
80
72
66
70
74
64
78
72
80
68
86
66
67
83
65
60
89
74
70
78
61
87
74
74
77
64
80
88
77
67
73
65
66
74
73
72
71
88
82
93
64
76
75
64
76
64
76
78
70
67
63
79
75
85
67
82
71
62
74
66
60
62
67
66
70
78
78
71
74
67
71
60
65
66
68
67
76
65
84
77
75
65
80
71
62
63
67
62
73
82
90
64
75
65
64
66
72
80
74
62
74
60
74
72
64
71
85
80
80
67
61
64
65
78
83
67
62
69
75
60
70
60
66
67
91
71
71
73
81
68
70
64
63
67
61
66
60
90
66
90
66
60
60
78
93
81
69
69
84
69
76
76
65
73
65
86
67
77
60
63
