78
74
74
73
80
86
66
71
70
67
74
69
60
64
68
75
63
62
85
75
60
81
68
61
85
79
69
80
66
69
63
68
63
66
62
72
77
67
60
73
74
66
72
77
61
76
65
71
78
71
63
60
60
70
64
71
72
72
81
81
77
78
60
67
68
70
68
80
69
76
60
65
60
82
69
60
64
72
73
65
67
76
65
71
78
68
63
67
73
70
71
64
69
62
65
72
71
65
69
64
64
60
64
74
73
66
67
66
70
79
76
76
62
69
72
67
71
87
65
71
66
66
74
65
70
74
60
80
74
71
72
61
63
85
83
74
61
75
64
72
83
75
61
88
63
62
67
78
72
87
71
68
69
77
72
69
80
67
79
73
74
63
75
69
70
66
68
67
73
68
70
66
68
81
82
70
62
66
69
64
69
68
69
79
69
65
81
60
82
70
67
60
61
72
66
63
60
74
82
64
69
81
77
79
77
60
61
76
68
95
80
62
73
72
70
69
74
63
63
60
78
65
78
64
65
68
74
63
78
76
78
65
71
70
67
69
65
76
64
68
64
76
76
68
70
68
64
68
67
77
73
63
70
88
70
60
91
61
70
70
78
78
65
62
74
71
90
74
69
73
71
73
64
66
64
72
68
60
60
64
82
61
63
80
69
72
68
73
61
