81
75
60
65
74
68
78
60
63
75
66
71
64
64
60
81
65
66
73
70
68
86
68
70
65
80
75
77
82
67
77
81
68
69
77
73
63
74
78
76
74
64
61
74
68
62
87
78
76
77
66
74
80
66
60
69
64
81
68
69
66
77
69
77
66
71
79
64
69
70
69
72
68
64
69
66
83
70
65
72
69
78
60
77
66
75
88
69
62
78
76
73
74
60
62
73
69
64
67
69
74
60
81
61
73
75
80
75
76
63
67
73
74
61
95
78
68
70
77
68
67
71
60
66
73
71
87
61
62
61
66
70
77
69
84
66
69
72
60
71
62
63
60
76
63
62
82
62
78
64
60
74
70
78
77
68
89
69
78
64
73
67
70
76
71
69
71
74
76
73
71
78
67
83
68
74
85
69
71
80
72
76
78
69
60
69
65
64
80
60
70
61
67
71
65
73
61
60
64
69
66
71
72
85
61
70
80
64
69
78
79
73
78
83
63
71
68
77
71
74
60
64
72
63
65
70
60
71
71
68
84
64
63
80
65
63
69
86
70
73
65
63
86
70
76
66
74
73
68
74
79
76
75
75
64
73
78
61
71
69
62
68
81
74
63
62
70
64
83
78
74
67
62
65
63
74
74
65
82
80
67
67
71
66
70
75
61
68
63
