83
61
79
64
64
85
81
69
65
66
73
71
86
71
76
80
70
60
60
65
66
66
69
84
79
69
67
75
61
64
63
80
75
65
66
75
61
69
75
80
77
64
66
70
76
62
74
69
67
79
65
79
71
85
60
95
65
75
66
63
83
72
69
91
76
67
73
71
75
82
78
75
83
69
90
81
64
70
74
78
80
64
60
74
68
72
71
68
76
65
73
80
80
69
74
73
62
73
73
76
60
62
81
61
68
72
64
80
66
68
70
93
79
74
81
85
73
86
72
62
81
80
64
67
78
78
82
83
68
63
60
79
72
67
67
71
73
72
65
84
60
65
60
75
69
71
75
61
86
66
61
71
71
60
61
75
69
69
68
71
70
70
74
76
60
72
84
71
66
79
83
78
64
80
63
71
74
66
80
70
66
75
68
68
67
65
80
68
73
66
60
77
83
73
84
75
73
65
65
68
68
83
67
71
78
64
60
80
80
75
65
67
62
69
66
60
67
72
62
66
69
63
70
64
60
68
72
60
79
68
71
71
66
73
74
66
81
68
60
79
69
74
74
63
72
66
63
75
69
70
87
63
69
78
73
67
70
70
66
69
78
73
79
75
82
83
67
72
69
68
78
61
67
78
73
63
64
65
72
65
69
72
73
75
73
64
66
70
66
