77
61
90
75
91
68
87
88
64
68
67
65
71
63
68
64
89
76
72
70
77
69
62
60
84
69
63
65
73
71
68
70
65
71
71
80
88
84
68
89
65
60
77
75
67
74
76
63
65
74
60
73
70
77
69
63
77
78
67
79
74
69
60
70
78
60
70
72
81
74
68
70
61
65
65
66
83
82
75
60
64
61
74
68
85
74
73
65
68
71
60
76
74
71
72
69
65
60
64
72
75
71
71
68
68
77
65
93
65
76
62
71
62
77
74
71
67
69
76
60
60
67
71
70
77
60
73
80
71
80
76
77
65
63
66
81
64
77
60
75
69
67
70
78
74
69
61
81
80
80
69
62
71
70
66
92
71
88
75
65
64
78
70
68
69
67
71
62
76
86
63
66
83
71
88
66
63
81
78
65
83
73
71
74
67
75
72
81
68
65
63
60
90
77
86
73
61
65
82
84
71
65
60
71
70
76
72
79
74
64
73
74
70
76
62
65
73
75
73
87
65
70
62
68
61
85
73
77
60
76
66
63
83
79
66
73
67
71
89
66
65
89
60
63
69
74
69
60
63
67
63
81
74
74
73
68
60
82
61
62
74
75
73
63
67
72
63
95
63
66
92
67
69
68
61
75
60
71
70
82
86
71
64
61
74
68
74
63
80
