69
76
72
81
65
72
60
77
70
72
84
71
76
67
76
71
62
85
71
69
72
69
72
79
68
71
70
67
63
68
71
60
64
73
76
77
66
86
64
76
77
78
67
63
73
81
79
65
73
62
72
79
68
60
60
65
63
76
60
69
63
77
64
68
60
72
63
64
77
68
74
71
71
67
71
62
85
63
67
64
70
70
75
66
75
67
70
68
69
60
66
74
82
79
67
60
69
77
65
75
70
76
66
60
70
64
73
70
84
74
66
64
68
63
67
68
60
77
71
68
67
77
74
61
70
71
64
66
83
75
65
68
70
78
68
68
65
74
68
70
67
63
82
65
82
77
67
66
66
68
70
76
68
74
73
71
66
67
68
70
70
73
71
83
68
64
71
71
70
60
74
60
62
63
90
69
62
72
68
87
74
67
66
74
85
61
68
69
64
69
79
72
67
64
62
74
80
67
65
84
62
62
82
62
77
65
68
66
64
60
65
73
66
72
75
74
69
69
75
70
60
62
81
71
60
63
72
70
70
75
65
67
67
67
75
72
64
66
72
80
64
81
63
72
66
73
77
72
72
62
60
71
70
65
74
74
75
66
68
66
69
72
65
61
73
67
69
65
80
71
76
67
86
69
80
69
60
62
60
79
95
73
71
60
74
69
66
70
60
