71
89
70
73
77
67
61
64
64
62
70
81
66
63
70
68
75
63
60
61
77
60
75
71
61
66
76
76
77
66
64
71
70
66
77
64
70
72
67
65
71
72
76
76
70
60
72
81
77
62
60
80
63
60
89
65
72
85
75
67
81
81
74
63
85
68
85
78
66
70
72
63
76
76
70
67
72
69
82
75
82
67
66
68
77
70
65
83
67
77
85
75
62
89
74
65
78
67
66
64
70
87
66
90
71
74
82
69
76
68
63
78
60
62
68
60
82
60
70
81
75
68
64
70
66
85
79
67
81
66
66
63
60
76
72
82
64
71
63
61
89
65
76
71
75
77
90
60
80
70
60
71
81
61
74
68
69
77
71
81
73
74
76
62
64
71
72
74
86
69
70
75
76
65
70
69
79
91
83
95
80
60
71
81
61
71
72
78
67
71
68
76
84
66
81
60
89
60
78
63
76
72
65
78
73
70
73
71
79
70
63
61
90
67
76
69
71
76
64
68
66
78
72
79
67
78
66
62
71
69
89
72
82
72
84
61
75
67
78
67
76
67
79
70
68
72
72
68
83
65
73
72
69
78
69
64
69
78
61
69
64
63
69
68
68
83
63
83
77
69
73
68
60
68
64
84
73
67
69
66
62
62
74
62
70
82
77
64
73
