65
67
66
62
75
71
74
66
69
84
68
70
73
72
67
64
73
69
71
63
67
65
82
67
60
65
84
72
71
70
60
73
72
69
71
73
69
69
61
66
60
75
60
78
64
75
73
68
76
60
65
65
75
77
75
71
64
68
66
66
77
60
82
61
67
80
68
71
73
75
71
61
60
63
60
75
71
67
80
69
84
74
74
67
64
67
89
79
60
80
80
69
60
85
71
74
70
78
66
61
69
69
62
74
65
60
79
60
67
70
66
67
75
92
73
65
72
61
61
78
80
79
83
63
64
74
63
60
73
68
64
84
89
60
66
73
69
64
63
67
80
61
66
69
64
61
60
67
61
64
76
61
72
64
65
69
76
80
76
70
76
70
74
76
65
70
67
65
87
67
71
61
65
67
72
64
67
69
73
76
64
68
71
66
77
70
71
60
75
67
76
69
63
70
61
72
68
63
76
82
70
63
69
79
63
60
72
60
60
76
77
65
68
61
60
82
69
78
84
74
69
76
71
65
71
70
73
63
71
70
82
65
69
63
66
66
67
67
63
68
73
87
68
66
66
71
62
71
73
73
68
70
74
60
70
69
69
69
75
74
68
65
71
60
65
64
67
68
65
63
95
77
75
73
90
72
76
67
79
61
61
71
76
78
63
63
75
69
67
