61
62
88
80
60
61
63
74
83
67
82
64
65
86
67
71
81
71
65
60
75
66
69
60
78
64
89
68
65
64
70
71
73
71
72
73
70
83
62
72
62
81
66
67
70
87
60
65
82
68
72
69
75
79
63
71
68
65
76
79
64
61
71
72
67
78
74
71
62
72
71
69
72
73
89
68
70
82
67
63
70
65
60
68
86
60
92
69
72
65
62
71
65
67
68
74
71
73
76
74
73
80
75
91
60
66
83
64
65
76
66
72
70
63
69
78
66
75
64
71
60
80
60
68
68
73
74
81
63
73
80
60
73
64
70
78
91
85
84
78
88
72
62
88
74
86
72
69
78
86
75
95
62
66
72
75
67
74
74
72
68
80
73
73
77
78
76
80
63
63
68
62
60
61
68
77
76
68
60
84
75
74
73
66
60
68
60
67
78
66
60
80
60
76
66
67
71
76
60
63
67
68
61
71
68
69
78
68
68
69
79
87
86
60
78
75
69
77
75
84
74
60
65
74
62
79
85
80
74
72
83
81
86
75
63
73
60
83
90
72
79
65
72
69
66
69
61
67
71
70
62
63
78
67
74
69
71
66
78
72
78
67
91
60
66
66
77
84
64
78
76
65
69
75
72
71
69
74
68
68
71
74
74
73
73
66
79
81
85
