78
79
77
66
65
72
83
82
68
64
81
60
74
65
62
74
65
66
72
74
72
61
67
70
72
69
64
62
87
60
68
63
68
70
68
70
68
67
70
67
69
69
69
79
70
68
64
64
72
74
64
63
74
82
73
65
80
63
78
75
74
69
65
68
61
78
79
68
64
61
78
75
76
71
71
69
69
62
84
69
66
61
74
62
71
83
63
60
63
79
60
74
82
75
65
71
74
73
68
66
76
67
73
69
69
66
62
70
68
64
70
68
69
69
63
81
79
62
71
78
76
68
78
77
64
73
71
70
70
71
73
79
71
73
70
72
69
76
66
68
62
79
60
67
70
66
74
87
73
77
72
76
71
60
74
75
68
81
78
61
76
65
78
77
72
75
70
84
61
75
75
74
60
70
70
73
70
81
66
68
63
66
80
66
75
68
77
78
63
76
65
68
64
72
71
65
85
72
77
60
67
73
62
69
71
66
67
87
69
75
70
67
78
60
68
68
64
72
66
70
64
60
69
63
67
63
71
76
73
66
60
69
66
62
65
68
65
61
68
66
71
63
73
61
60
71
62
61
71
68
71
72
64
67
62
67
63
71
68
69
70
60
67
72
72
69
66
70
71
69
69
69
71
73
60
70
76
71
65
63
69
68
66
65
73
95
65
71
67
