80
68
84
66
80
62
67
68
60
77
67
73
67
61
69
76
86
78
68
74
69
61
72
65
72
60
62
63
76
83
63
74
70
65
60
68
60
80
75
72
65
72
77
74
67
62
65
73
64
66
61
66
65
65
95
62
65
72
79
69
68
69
72
68
69
68
72
77
71
70
71
82
79
74
65
80
71
79
68
68
84
61
61
88
87
74
73
60
72
68
72
72
78
70
69
60
78
66
75
65
60
80
87
65
72
68
69
78
77
77
75
61
68
81
69
68
72
76
68
78
66
63
62
75
64
71
70
63
71
80
75
77
65
72
69
66
67
77
70
77
75
68
67
62
78
76
63
64
68
68
78
64
73
82
60
70
76
82
83
66
80
72
64
61
81
72
60
60
60
60
63
73
65
67
62
64
84
69
79
61
71
90
73
69
76
66
61
75
85
83
75
73
70
69
72
86
68
88
65
71
63
80
74
61
71
65
78
70
82
66
79
68
83
60
60
76
65
75
65
66
74
60
86
66
84
73
72
88
61
81
63
72
60
62
79
74
77
76
64
71
81
64
62
71
70
61
60
73
88
79
85
63
80
74
68
78
63
69
71
82
68
77
69
73
77
72
75
67
63
69
67
64
81
64
76
68
76
80
76
63
83
72
75
65
70
64
86
66
74
