69
76
73
64
85
65
61
82
72
68
64
69
76
75
80
69
84
84
80
63
71
64
77
64
61
74
64
60
79
85
65
72
82
65
63
92
91
81
78
68
70
77
77
65
77
65
71
60
63
71
70
67
68
76
85
71
73
75
66
60
70
70
63
80
88
67
68
78
64
63
65
69
79
66
64
71
63
75
63
78
85
77
95
72
71
68
67
67
64
80
68
80
65
71
66
68
60
72
76
78
80
61
71
85
69
69
80
76
65
60
65
64
72
70
78
70
68
62
85
69
60
82
73
83
65
66
63
84
81
82
63
73
60
75
71
83
60
73
74
92
72
78
60
65
83
80
69
68
67
68
83
69
66
64
79
83
64
63
81
60
60
73
60
70
73
74
64
65
86
81
62
76
66
69
74
72
79
62
83
72
62
79
79
68
84
63
86
84
78
74
70
61
75
66
83
86
62
61
75
67
81
70
81
71
66
73
61
68
82
86
60
71
72
77
72
81
70
67
80
77
77
66
87
72
60
60
73
63
68
62
64
60
71
67
66
60
75
93
75
72
73
65
89
62
60
82
74
80
68
79
80
69
75
74
65
76
61
64
73
76
70
64
65
69
82
63
62
75
72
76
68
69
71
71
62
67
72
68
60
60
76
79
75
66
68
89
77
77
74
