76
66
79
76
77
72
78
82
71
73
83
82
68
77
61
95
74
75
69
69
70
60
87
63
73
60
64
70
85
71
77
69
70
73
61
60
68
66
69
63
77
60
65
79
65
67
75
65
83
77
64
74
60
71
74
77
67
74
65
64
81
67
78
81
73
76
76
78
60
68
64
66
74
72
83
64
65
83
86
67
64
61
66
70
80
70
67
65
75
82
72
74
76
77
62
84
70
79
75
76
78
60
78
75
77
66
80
67
67
71
65
63
67
78
60
65
62
91
68
73
76
75
69
79
75
78
67
77
65
66
68
71
60
75
72
73
69
64
64
69
75
65
86
60
85
70
74
68
76
87
60
66
67
74
67
60
64
84
83
67
79
70
79
69
76
74
77
66
74
72
68
71
60
82
72
65
70
74
71
63
82
68
85
72
71
72
72
80
65
62
77
69
64
71
71
66
75
77
67
67
83
75
65
62
81
69
60
63
65
81
61
72
72
73
62
78
85
75
63
66
71
69
68
69
72
61
87
65
68
65
74
65
78
67
76
77
68
62
76
80
69
60
79
66
69
78
68
67
64
69
81
64
67
74
65
68
80
85
78
74
76
74
60
72
65
63
70
68
62
75
61
72
66
73
81
81
65
85
73
69
87
71
76
60
81
64
71
77
75
