66
70
80
91
75
78
77
76
68
65
82
64
77
60
74
65
87
76
82
86
69
70
73
70
60
74
78
70
83
83
64
64
70
90
65
67
70
76
67
84
62
63
70
64
63
72
93
67
60
75
65
62
72
83
63
63
80
66
62
62
65
88
63
70
74
62
67
71
66
82
66
60
83
64
75
76
66
71
77
95
79
70
73
69
64
61
70
63
70
73
63
82
72
88
60
60
74
71
74
87
75
90
88
81
72
81
77
67
67
72
65
78
62
69
75
77
70
79
62
71
60
60
85
67
75
64
69
65
71
67
72
68
85
76
71
67
77
70
82
72
72
80
64
74
74
90
61
77
77
63
76
73
78
60
60
60
69
74
73
77
74
74
74
67
81
83
81
60
92
71
68
79
64
91
66
60
72
68
67
89
79
78
64
81
69
70
74
85
71
66
72
74
80
66
88
72
81
62
60
85
77
63
60
63
80
73
83
62
72
68
65
79
61
71
71
63
62
83
79
63
61
74
85
84
79
71
71
64
71
74
68
69
60
71
61
75
64
71
65
94
67
73
86
72
80
75
62
60
70
82
93
76
74
69
68
60
70
69
89
94
73
76
66
72
61
62
70
74
83
86
63
83
64
80
65
74
77
67
80
75
70
74
68
74
80
79
82
69
60
