79
76
70
63
65
75
66
72
60
60
73
64
85
86
66
65
63
66
61
87
74
74
75
70
70
71
71
60
66
74
66
80
61
64
61
63
72
82
60
87
64
78
65
69
72
75
69
66
75
80
72
65
70
74
74
77
62
70
78
84
60
81
89
64
70
60
68
70
63
76
60
72
69
81
75
64
79
85
75
70
76
60
65
71
62
73
71
69
84
79
78
72
61
65
87
81
78
66
74
81
60
74
79
68
68
71
85
66
62
70
63
71
72
71
69
63
60
87
63
60
66
68
62
73
61
62
70
71
70
63
67
60
70
70
77
69
70
72
62
66
81
67
73
89
66
79
63
79
70
62
70
69
67
95
77
73
71
77
70
65
67
60
73
60
66
66
63
75
65
75
73
65
61
74
70
74
71
67
86
65
76
73
67
72
84
68
73
64
72
63
74
77
76
66
60
71
76
74
84
71
63
78
76
62
77
61
70
60
77
66
74
75
64
66
76
84
65
69
80
76
60
64
68
73
78
81
69
62
62
77
60
67
61
75
60
80
67
64
65
75
78
79
60
82
64
62
75
72
66
66
77
64
79
72
62
63
60
71
62
64
65
73
77
64
68
70
72
67
78
63
67
63
68
67
71
73
64
61
73
64
75
60
66
82
80
68
67
82
76
