60
71
71
74
76
69
80
78
75
73
73
62
64
69
67
86
71
90
77
63
61
72
69
74
63
63
73
73
60
62
69
78
68
68
63
66
76
67
63
75
83
67
60
69
60
75
70
61
74
84
61
71
75
66
82
71
68
68
66
67
76
69
68
74
67
67
78
69
72
66
75
73
74
62
65
79
73
74
68
66
78
64
72
61
81
67
64
76
66
68
66
74
67
65
76
76
81
73
60
67
82
60
76
76
71
63
67
62
62
70
65
82
68
76
65
73
78
60
68
76
78
63
64
64
80
70
84
68
77
72
66
67
71
69
79
91
74
67
72
80
74
81
60
63
83
68
77
75
81
78
64
75
77
73
70
65
77
77
79
69
84
64
72
89
83
65
72
73
95
65
72
80
85
73
60
74
78
76
65
67
82
64
79
60
64
86
73
76
60
68
69
68
78
72
74
61
71
65
76
60
65
79
77
83
71
67
61
77
68
66
75
76
73
72
75
72
64
62
71
68
66
68
62
80
74
69
80
68
84
68
82
66
64
76
78
74
68
65
66
62
60
69
76
78
69
70
77
70
67
70
81
80
80
69
76
73
75
64
72
65
75
66
66
68
67
60
75
60
67
78
63
73
70
74
79
70
72
83
66
67
61
65
70
79
70
70
77
76
60
