79
83
84
72
84
77
84
74
77
62
65
72
65
65
65
83
76
60
60
74
70
67
77
68
66
89
64
71
80
82
70
75
73
94
60
63
72
73
74
78
75
83
61
66
85
86
70
68
80
72
70
67
88
72
60
74
70
70
91
66
81
67
88
89
72
65
89
66
79
60
60
76
70
60
65
71
71
68
71
70
87
79
78
72
78
65
74
72
72
80
74
73
60
71
66
65
72
80
63
76
65
70
67
60
78
78
78
65
67
74
71
71
68
60
62
65
60
86
75
83
69
68
72
65
83
86
71
90
75
65
75
81
82
76
67
60
69
83
69
81
63
72
71
60
80
72
73
68
72
82
70
74
69
67
83
86
60
76
60
80
62
89
85
67
62
72
63
63
70
70
74
72
60
69
76
80
74
76
67
77
88
65
83
95
64
71
60
73
86
74
61
66
79
73
65
66
72
68
71
72
62
85
82
78
70
78
60
76
66
71
72
64
69
68
72
72
70
60
74
60
77
66
74
73
79
82
60
70
67
80
60
64
71
78
69
74
81
81
74
78
68
80
64
73
61
60
69
78
69
74
61
80
76
76
74
82
61
60
71
86
69
68
70
68
68
79
81
73
69
73
69
85
60
60
86
67
79
75
83
68
66
73
80
67
73
60
69
70
73
