71
68
71
74
65
62
73
78
60
82
63
85
95
79
74
73
67
60
63
66
66
66
72
68
64
73
75
60
66
78
75
67
72
78
73
67
75
85
70
67
75
72
79
70
64
68
77
72
73
69
70
72
71
74
67
68
72
66
67
76
73
75
73
63
66
76
71
74
60
84
69
60
67
76
88
60
70
73
63
60
68
64
61
60
75
63
68
71
64
73
69
85
74
80
72
71
60
68
79
65
65
81
72
83
65
62
68
66
70
72
83
66
79
67
77
67
78
64
75
79
86
70
77
66
71
71
66
82
80
87
77
72
72
76
69
75
76
83
70
73
68
77
73
73
69
69
81
73
82
69
74
82
71
65
67
85
73
69
72
61
68
76
78
71
60
78
71
72
69
77
63
76
80
73
73
72
74
74
74
62
70
66
69
68
61
74
73
75
78
72
68
65
73
72
60
71
66
66
67
62
68
66
75
63
66
70
63
79
69
83
75
71
68
70
81
63
60
80
86
75
65
73
74
65
65
73
89
68
76
82
66
78
78
68
78
63
68
68
75
64
78
83
77
77
75
72
64
73
68
73
79
66
84
78
68
67
70
73
71
63
79
74
69
66
75
67
60
67
74
75
70
77
72
66
63
71
69
66
68
75
67
64
60
65
71
62
69
68
73
