72
79
61
75
65
74
62
70
70
77
68
62
64
74
73
79
75
70
76
65
67
66
68
72
69
63
61
63
73
73
63
61
65
64
76
71
63
66
77
89
70
60
74
61
64
66
62
65
70
72
67
63
72
74
80
65
70
70
69
73
62
68
71
76
70
89
66
65
77
80
61
73
60
72
70
61
66
67
66
72
74
63
71
95
73
78
78
63
66
60
60
69
73
69
64
69
64
72
63
60
76
63
67
72
74
78
82
61
72
77
61
71
69
63
66
63
69
65
75
60
76
79
69
62
80
80
65
64
75
70
75
62
60
72
63
75
66
72
66
69
63
67
62
74
63
62
61
68
65
66
60
70
60
61
73
86
75
79
68
63
66
81
68
61
71
60
60
75
69
71
61
64
66
64
72
73
62
67
75
68
76
72
83
74
74
60
62
75
66
64
66
68
69
68
77
75
76
75
81
64
67
79
67
64
71
60
61
85
60
66
73
66
67
63
77
68
73
66
66
69
79
73
61
75
65
79
71
70
72
79
68
69
65
63
66
67
75
73
70
77
60
83
85
68
82
71
64
61
73
65
80
71
68
74
75
61
69
71
70
66
68
73
75
60
61
60
82
66
75
71
77
71
68
74
76
63
60
76
61
69
78
60
67
84
84
76
71
64
84
