75
67
70
66
76
80
72
76
71
77
70
64
64
82
62
69
60
60
61
64
73
78
85
66
67
63
77
67
66
71
92
67
81
70
81
61
71
72
72
69
70
66
74
66
81
70
76
66
64
69
67
73
72
60
69
79
60
60
76
67
76
76
65
72
68
73
78
61
70
68
64
62
73
71
74
70
77
67
75
65
71
72
60
67
60
68
70
69
76
70
66
65
61
79
70
73
69
69
80
70
72
65
67
82
68
60
74
63
67
71
79
66
88
72
67
76
66
69
64
76
80
72
76
65
65
77
80
61
68
69
61
68
76
60
73
76
75
61
66
61
80
81
67
65
70
75
74
75
66
65
77
73
60
80
79
66
83
75
75
74
79
62
63
73
60
94
76
69
68
72
88
70
70
62
68
69
87
76
60
73
73
62
75
68
65
76
64
60
62
69
63
60
76
64
60
68
70
62
61
85
75
67
80
62
60
76
65
74
64
72
95
70
72
73
66
78
60
69
66
65
71
64
67
83
80
72
83
61
69
67
71
64
82
62
72
73
72
67
73
65
64
62
60
71
67
70
60
76
77
65
64
73
63
67
71
63
70
65
76
74
64
72
68
65
63
63
79
64
66
82
70
74
65
76
64
67
73
67
82
73
61
60
69
71
73
78
76
67
64
