67
65
83
67
72
60
69
64
67
69
77
60
73
66
67
69
73
67
67
69
70
73
65
71
64
67
68
95
65
67
77
67
68
62
62
85
67
70
61
79
65
72
80
68
62
72
71
69
66
68
70
64
62
71
62
64
87
60
63
66
70
66
65
60
60
68
73
79
73
61
72
66
70
72
66
70
75
60
65
68
76
69
62
76
69
62
64
84
72
69
70
82
64
71
83
79
68
67
65
73
64
73
63
71
80
77
71
83
76
60
70
66
73
75
65
65
66
70
71
71
61
72
60
65
76
69
66
79
75
66
66
75
75
71
67
66
65
66
71
67
71
76
78
65
68
78
60
65
67
64
65
66
81
78
67
79
67
67
72
63
75
71
73
67
62
79
72
69
60
73
70
78
76
77
79
64
70
62
79
68
65
61
81
81
68
70
66
72
77
65
60
64
64
63
60
70
70
68
68
74
62
74
71
82
60
73
66
75
68
69
79
71
74
72
74
80
66
60
71
64
66
65
72
61
64
79
81
74
66
69
65
67
72
65
72
72
81
70
76
64
70
60
71
69
71
60
66
60
65
67
67
77
74
75
64
64
67
77
77
60
65
66
73
73
70
78
62
68
64
84
77
68
66
81
76
64
60
68
73
60
70
78
68
74
65
61
64
60
65
