62
74
81
66
75
63
78
69
68
79
71
60
68
74
74
73
71
81
72
79
70
78
76
64
70
70
83
71
70
81
82
80
69
79
69
68
69
68
81
68
75
69
63
85
68
91
68
70
72
75
79
76
82
70
74
93
61
70
65
95
85
72
83
87
66
82
69
64
72
67
82
74
65
63
71
66
84
89
70
73
60
66
69
71
60
75
68
65
74
79
66
74
71
80
61
78
63
64
72
63
65
66
75
64
62
70
70
74
69
60
69
80
74
90
64
67
73
73
80
63
73
68
64
73
71
77
73
79
80
72
64
60
60
63
65
83
66
77
76
69
63
60
78
80
67
76
60
67
74
68
60
65
78
63
91
67
91
77
69
83
84
81
63
61
73
80
72
74
67
86
76
71
63
83
73
81
62
68
69
63
64
68
75
76
63
71
74
82
81
79
71
70
73
67
68
63
77
64
77
84
77
60
70
65
77
61
71
76
62
68
76
77
70
63
92
67
72
72
75
64
75
76
69
82
72
75
88
60
64
81
60
77
77
81
69
61
77
68
75
60
81
65
77
83
65
85
82
67
72
77
69
83
75
64
61
61
84
75
73
72
69
84
76
73
71
75
77
60
60
66
65
82
72
66
71
70
61
80
79
62
80
75
62
60
79
60
71
70
60
