77
65
74
60
61
67
84
73
72
85
66
60
82
74
67
71
76
65
76
69
79
75
62
75
66
73
66
73
65
64
82
67
70
75
79
71
81
74
69
71
64
74
71
61
70
79
76
70
69
79
70
71
76
65
60
77
79
68
79
79
67
73
60
76
76
63
81
71
79
75
78
78
71
73
72
74
75
65
78
79
75
69
60
79
64
88
70
60
74
65
70
66
69
66
66
69
64
64
66
86
67
72
60
65
69
60
72
61
74
67
85
75
72
75
81
75
77
60
62
69
72
61
95
66
74
89
82
74
67
66
80
68
66
71
69
80
80
66
76
61
90
65
83
76
81
61
65
85
71
65
73
76
79
79
80
65
71
65
71
66
71
62
62
81
72
85
80
60
83
78
66
76
71
70
84
64
60
70
66
70
64
75
70
60
67
70
85
63
82
81
78
76
80
70
67
60
75
70
65
75
73
76
72
86
63
85
60
74
60
69
76
80
79
93
87
82
61
73
80
64
65
68
68
60
60
78
72
66
74
77
71
60
74
73
82
73
64
60
63
67
68
77
75
70
76
69
85
64
82
68
75
61
76
75
60
69
71
62
84
70
78
70
78
74
70
60
70
75
82
76
73
78
74
63
69
65
63
84
81
71
70
70
67
69
75
60
74
78
63
