87
64
79
67
70
72
77
74
66
65
81
77
69
71
68
78
77
61
88
80
70
69
75
66
63
77
67
65
65
75
72
60
79
71
73
81
68
73
64
69
84
70
70
60
77
60
66
65
68
75
60
71
71
63
71
64
67
72
74
65
71
65
72
70
71
66
71
79
65
67
74
70
76
85
80
86
68
60
76
71
60
67
68
69
60
66
70
95
74
68
82
67
68
63
75
66
75
81
78
78
74
70
72
81
64
63
80
60
76
67
82
69
65
73
84
70
65
60
70
71
82
72
60
65
77
85
78
75
80
83
63
82
61
74
82
63
89
70
68
73
65
66
62
60
74
75
73
83
69
64
66
62
67
65
67
61
60
83
66
77
62
77
67
73
60
63
72
60
83
71
65
70
75
80
72
84
67
72
65
60
62
65
67
62
74
76
67
70
60
74
66
60
70
67
74
66
63
66
60
70
71
60
83
70
76
64
75
65
67
68
92
70
71
70
67
66
81
73
78
72
65
63
61
72
64
69
69
63
69
76
74
60
66
75
76
66
65
70
78
75
60
73
61
70
65
84
79
65
78
79
65
68
64
72
67
74
69
73
70
84
69
73
69
63
70
78
78
69
72
63
74
71
81
88
77
81
75
69
72
75
74
69
83
74
83
89
60
73
72
