73
66
76
65
76
61
69
69
71
65
68
77
61
70
71
70
80
72
76
74
74
95
71
67
71
82
62
71
83
63
69
70
71
77
61
64
70
78
60
60
65
60
79
62
75
62
88
64
60
74
73
66
79
68
66
69
71
69
70
82
68
76
69
69
73
78
60
63
79
74
72
64
60
66
71
80
71
76
72
68
77
68
68
60
68
80
74
63
75
62
66
65
62
64
66
71
65
61
74
62
61
71
73
73
73
77
71
74
70
76
65
60
64
67
62
77
65
75
76
65
73
68
65
69
61
64
61
67
84
75
63
71
77
75
76
70
71
67
68
63
70
64
60
75
66
73
62
60
67
81
72
70
77
84
78
79
73
69
66
64
65
63
66
63
68
64
63
75
73
71
77
60
77
65
60
70
82
69
64
63
75
69
63
69
66
68
65
78
70
68
72
63
77
72
85
64
65
82
85
82
67
65
85
70
65
74
65
60
75
71
79
75
77
62
67
61
73
60
77
63
67
60
70
61
68
68
72
80
64
72
66
66
63
70
81
67
64
73
68
77
78
77
60
87
71
74
68
73
70
62
73
69
63
73
67
65
65
71
70
76
70
61
75
76
66
88
63
69
66
70
69
77
66
77
87
84
61
78
65
67
82
69
72
74
67
72
72
60
75
