74
63
60
75
77
70
67
73
72
67
60
81
81
69
67
79
73
78
77
73
75
75
73
72
81
73
76
70
73
81
69
63
66
60
73
83
67
62
75
78
68
70
62
67
85
78
71
72
71
72
74
64
76
89
66
60
60
64
67
76
73
64
60
69
62
75
74
74
71
70
64
63
78
69
79
77
66
73
76
68
67
69
62
73
64
72
68
66
67
62
70
63
73
66
78
60
70
61
66
76
81
73
72
65
74
65
72
79
64
63
76
60
80
87
68
66
66
68
78
60
65
72
69
69
95
72
73
78
74
81
74
64
60
93
68
64
82
79
72
76
82
78
85
65
77
73
67
74
73
66
62
70
63
62
67
75
66
76
63
69
69
67
72
63
78
79
81
89
63
70
69
65
73
67
67
68
86
70
60
60
66
64
60
74
67
74
60
73
79
67
60
76
69
64
73
61
73
62
67
77
66
78
63
73
77
79
62
70
69
70
62
73
67
68
65
85
70
81
65
67
78
82
74
60
73
60
66
79
61
68
81
77
61
65
62
63
88
73
77
77
69
69
69
73
67
66
75
78
71
82
65
74
62
71
75
60
67
73
83
65
65
73
60
69
74
72
60
64
66
66
85
80
60
78
75
66
75
62
72
81
65
71
84
60
74
66
70
70
73
