60
60
75
75
77
71
73
69
68
65
60
67
80
78
67
79
85
65
60
62
71
65
71
65
75
81
72
81
77
68
64
73
73
80
80
72
65
85
72
76
64
66
63
72
69
77
70
66
67
69
68
67
66
73
60
72
77
68
87
72
74
68
60
89
67
62
76
60
79
70
64
61
72
66
75
72
65
76
66
81
72
73
75
81
62
62
74
80
68
63
72
85
75
71
71
60
82
72
78
90
82
75
79
74
74
68
68
60
66
74
76
70
80
81
67
76
60
68
61
70
65
72
82
74
76
71
74
85
76
68
79
71
70
74
82
65
74
61
61
65
63
73
70
77
65
66
79
68
74
68
77
71
73
95
71
60
82
69
61
68
74
86
76
69
68
61
79
66
72
60
76
63
81
72
86
69
62
60
80
79
75
70
64
70
74
66
70
74
62
73
80
84
75
83
68
74
76
72
63
87
78
77
62
78
60
65
78
71
63
85
87
71
60
73
84
66
63
76
79
67
68
60
74
89
70
69
80
60
60
64
73
72
83
94
84
82
65
77
69
72
93
67
65
73
71
64
73
68
81
87
60
65
62
79
65
71
79
75
77
73
77
62
71
65
61
76
80
74
78
65
67
79
78
71
79
65
76
71
82
72
65
60
70
67
70
70
79
79
75
