64
89
60
66
65
65
64
69
60
67
80
60
74
87
70
61
73
65
60
72
66
66
69
71
83
61
63
77
78
68
61
77
67
72
77
75
80
80
80
75
76
76
63
69
72
77
70
74
65
81
71
77
88
62
67
88
68
60
66
75
79
62
70
64
73
69
64
65
60
62
67
65
78
69
66
81
76
64
60
73
75
61
60
83
89
75
75
65
60
62
74
61
80
73
78
72
69
64
69
71
72
70
77
71
74
78
78
72
68
72
74
70
64
60
79
75
89
68
62
66
72
70
72
60
78
75
72
67
67
67
67
64
80
74
70
60
61
85
66
76
67
71
71
81
77
63
64
67
60
75
77
61
74
61
66
81
83
85
85
68
67
78
67
71
79
79
79
74
72
79
60
62
85
74
60
71
60
65
68
61
76
65
66
71
60
71
82
67
74
77
65
78
84
79
60
70
73
91
62
73
74
60
60
79
64
78
62
72
60
70
75
61
61
76
77
76
65
69
61
77
70
67
62
67
72
81
61
74
84
95
71
75
71
77
61
64
77
71
60
64
73
63
69
75
78
61
75
64
61
63
77
60
67
75
64
70
66
73
61
66
73
72
75
73
71
75
70
66
74
69
65
84
68
60
65
75
85
65
71
60
78
72
69
72
68
66
62
81
71
