64
64
77
64
70
69
82
60
63
63
60
63
67
68
69
72
80
62
74
68
69
61
69
72
76
72
64
60
75
71
60
73
63
72
75
64
60
69
63
60
72
64
79
71
67
86
70
78
72
75
68
68
74
60
60
61
64
69
75
60
64
71
69
81
80
60
73
71
61
69
63
71
74
69
61
69
68
67
60
66
77
71
64
81
68
60
64
73
66
75
70
66
75
76
76
64
79
81
83
74
61
72
67
73
62
80
70
70
68
61
65
76
67
64
60
72
68
82
63
73
76
74
68
60
60
78
63
65
73
68
79
62
66
72
80
76
63
69
65
60
60
85
67
65
74
69
65
60
68
64
77
80
69
65
61
79
77
60
63
66
66
61
68
61
79
75
70
63
64
78
77
76
71
63
76
80
75
67
75
84
65
71
60
76
60
78
73
76
80
69
63
67
78
72
67
75
67
72
69
66
61
67
62
80
61
67
89
80
81
65
61
79
67
78
61
67
77
69
86
64
67
67
71
62
60
71
67
67
62
66
66
76
69
90
63
67
71
81
74
80
78
72
72
68
65
68
63
72
74
75
60
73
68
60
67
65
64
70
64
76
80
68
95
77
65
76
70
66
66
67
76
73
60
83
67
66
72
77
66
67
69
61
76
68
67
64
67
68
65
