86
69
66
76
70
93
85
68
65
68
71
75
79
65
63
78
94
63
64
71
73
73
78
79
74
78
80
60
70
89
65
73
79
77
74
72
60
69
71
60
79
80
63
71
78
71
89
85
80
75
73
84
69
60
60
60
64
63
82
61
90
65
71
70
76
88
60
77
60
66
68
63
80
83
80
74
76
62
62
71
72
66
91
75
70
62
62
61
82
64
86
60
72
66
73
67
65
69
68
63
74
72
68
89
76
61
61
65
74
69
60
69
64
62
75
67
77
67
73
78
60
72
60
82
64
76
69
77
80
64
61
64
68
70
69
89
70
64
65
60
76
80
76
73
62
77
78
67
67
78
69
88
75
77
60
75
69
75
60
75
76
60
63
77
80
78
72
95
77
61
80
71
78
67
68
71
88
63
71
68
87
70
75
73
78
78
66
67
85
81
82
69
74
64
60
77
75
60
67
60
73
72
63
66
81
60
72
75
79
65
71
68
60
70
67
81
79
75
71
75
83
62
69
82
62
74
61
67
69
78
60
84
79
78
78
63
69
70
63
67
73
77
69
78
78
64
70
75
75
78
76
61
70
76
82
73
77
82
62
87
80
60
72
76
76
66
60
69
85
64
67
71
71
68
87
74
75
78
60
79
70
69
68
81
73
65
90
70
65
