71
62
76
67
64
73
80
72
71
64
73
67
81
61
64
65
65
78
63
66
72
79
72
75
69
81
64
77
77
72
64
72
62
75
89
75
65
71
66
71
74
61
78
64
73
91
66
60
75
65
68
65
62
78
66
60
78
67
60
68
67
85
76
74
62
73
63
67
71
67
73
72
60
66
65
60
60
61
82
78
68
69
80
65
74
60
95
74
66
81
61
67
72
67
69
73
61
69
63
72
75
71
62
82
70
66
70
68
78
68
66
84
76
65
71
61
60
65
76
63
65
73
75
68
70
75
87
75
68
75
79
60
70
71
80
72
65
71
71
88
88
68
73
72
72
71
74
78
78
78
60
62
84
73
72
83
69
68
73
60
80
69
60
80
79
75
67
83
81
68
75
82
69
74
74
80
69
64
69
71
60
68
86
67
76
63
75
71
76
80
65
73
67
64
77
60
80
69
81
61
74
68
73
74
61
77
74
69
74
70
64
68
73
64
62
63
84
65
78
65
80
72
74
71
67
69
68
89
70
60
79
66
86
61
60
68
76
60
77
71
60
62
75
67
76
85
68
82
68
66
71
66
67
65
62
73
73
60
63
90
75
71
71
69
77
62
75
63
74
73
61
70
66
73
73
83
72
70
74
74
66
64
67
80
72
67
70
66
63
