85
75
78
86
62
70
70
67
75
69
78
75
60
65
75
81
67
66
65
69
74
60
79
83
87
64
70
71
68
62
74
85
71
82
67
66
89
61
79
66
70
73
83
76
60
65
79
64
87
64
60
69
71
78
80
83
68
61
60
74
64
77
81
95
71
66
69
83
71
74
72
76
82
73
83
69
76
71
88
63
90
73
72
66
66
78
76
79
74
78
72
61
72
67
75
62
71
69
71
72
74
80
90
67
77
74
78
79
64
60
72
63
64
67
65
60
82
80
78
64
68
77
66
63
68
79
72
87
73
82
63
75
69
70
82
63
64
74
65
81
67
73
73
65
82
76
76
73
60
83
68
76
83
76
65
62
65
71
70
70
70
70
76
84
69
64
78
60
78
69
79
64
69
72
75
64
67
61
68
66
72
69
68
84
67
63
74
69
86
60
68
80
74
83
69
66
62
77
82
86
64
79
88
88
60
69
65
78
76
91
76
65
63
73
74
75
68
68
78
68
65
69
68
79
66
71
66
62
78
90
72
71
63
60
72
70
63
84
70
78
90
85
78
73
70
61
60
68
73
64
77
68
69
69
68
71
67
77
79
78
76
67
80
79
76
71
68
86
81
79
71
65
78
60
69
77
67
68
89
68
68
68
60
64
90
72
76
71
72
