74
60
74
81
83
64
82
70
60
72
63
66
60
60
67
67
66
70
76
68
75
61
73
71
69
64
74
60
79
63
74
60
62
71
75
75
68
68
62
67
70
62
64
60
64
70
61
70
68
68
75
82
73
70
69
65
72
80
65
68
67
72
60
80
69
68
80
66
62
71
67
90
88
78
60
73
75
70
82
74
74
68
68
63
65
81
72
71
73
61
79
60
88
80
65
75
71
60
67
72
73
66
74
66
76
72
67
75
72
60
71
84
60
64
81
74
74
68
77
64
60
65
60
67
68
75
67
75
64
61
85
64
78
73
69
65
66
77
62
65
66
67
81
75
69
69
71
73
79
64
70
65
60
73
70
77
75
66
65
69
60
67
76
70
76
65
66
67
64
83
71
73
67
76
74
95
81
77
77
76
83
62
72
73
71
75
73
68
69
61
60
78
76
76
63
69
77
73
61
68
81
64
60
84
72
69
74
73
66
61
69
72
76
67
64
86
63
65
81
72
68
67
78
69
87
62
66
60
61
68
65
63
64
72
77
71
71
66
69
70
71
60
83
63
70
81
82
71
66
75
73
69
65
70
67
65
70
68
62
68
79
79
63
68
67
60
75
79
82
66
62
73
76
60
64
68
79
62
72
73
66
76
74
61
71
70
74
61
72
