78
71
68
79
75
64
72
78
77
73
66
73
73
69
67
67
75
76
79
78
72
65
64
73
60
74
60
71
67
68
65
60
86
88
69
84
65
69
70
60
69
67
74
60
72
60
82
75
83
82
94
65
74
71
67
62
73
64
71
86
60
77
80
77
65
73
78
66
67
71
78
81
71
68
67
63
65
61
60
60
77
75
87
82
75
63
62
66
60
77
61
70
77
62
65
78
86
80
63
79
87
69
77
77
76
60
79
73
80
60
60
64
75
80
83
78
91
63
82
72
65
73
65
67
68
68
69
66
76
84
63
80
74
68
70
73
84
72
70
61
64
68
74
68
71
78
74
62
68
67
84
74
71
73
60
65
79
74
66
77
75
76
70
61
69
80
95
78
69
78
68
75
82
71
66
72
76
68
72
68
70
77
72
75
68
74
60
70
89
82
75
75
77
79
77
63
75
71
72
70
67
68
65
64
80
63
81
61
78
76
75
68
80
60
65
80
69
75
77
64
70
74
69
75
66
72
68
87
64
82
83
76
64
60
70
77
76
71
89
64
67
60
75
77
61
80
67
60
86
74
64
73
77
75
81
74
62
75
65
60
62
62
71
72
62
74
71
67
85
80
87
71
68
62
75
68
60
77
60
70
67
83
78
61
77
65
75
62
65
