64
69
60
63
65
61
74
65
71
72
71
75
84
71
61
74
66
71
60
62
63
67
63
71
80
61
71
85
66
86
76
77
60
60
75
67
67
70
60
84
77
80
65
69
66
60
70
75
61
73
61
64
81
75
62
60
70
81
75
68
71
64
73
76
69
66
68
65
70
64
75
65
85
63
69
75
63
71
71
69
72
60
64
64
61
77
68
68
71
60
60
81
70
64
75
81
67
78
70
82
70
66
73
66
91
69
75
75
67
75
80
65
69
71
61
95
64
66
69
90
60
65
68
76
60
78
65
65
79
60
68
85
64
67
68
66
69
66
66
67
62
74
74
78
72
80
77
65
65
72
72
70
73
61
72
78
64
64
83
64
60
82
76
70
73
64
61
65
67
89
68
63
69
74
72
81
61
67
77
66
82
64
66
72
72
70
68
75
63
81
71
74
66
80
68
74
74
67
73
69
64
70
77
76
72
69
68
88
73
76
62
69
68
64
89
61
68
76
68
72
68
74
66
77
67
78
69
69
65
73
68
62
72
69
69
63
62
67
77
82
71
75
61
71
78
83
84
60
69
60
78
74
61
75
66
86
73
75
74
61
72
64
67
65
68
65
67
68
63
66
76
68
84
77
69
71
69
63
75
76
66
68
60
69
73
63
74
66
62
