83
60
62
77
63
64
76
71
81
76
62
74
71
65
84
73
68
78
71
80
82
65
71
74
63
60
83
64
76
70
72
64
77
60
69
74
64
67
61
80
61
81
83
79
66
75
85
81
71
72
73
67
73
66
67
64
79
75
72
68
77
64
80
71
62
69
64
83
68
66
63
74
60
60
65
64
73
72
63
81
67
62
92
69
76
72
84
62
65
69
83
64
70
82
68
70
60
62
69
60
66
68
73
74
95
62
61
69
65
68
67
69
62
70
80
62
60
61
67
62
79
64
80
77
75
60
68
61
76
77
60
60
82
90
74
60
66
71
84
66
71
77
71
69
73
71
67
69
70
74
77
82
77
68
62
87
67
86
72
72
68
71
73
60
78
62
74
68
66
72
65
72
71
73
79
60
69
84
80
69
73
75
86
67
60
67
71
68
62
70
65
64
69
86
83
77
74
77
64
60
76
75
77
71
65
65
60
78
76
71
86
62
69
76
68
69
67
72
65
75
70
66
64
68
63
74
74
64
93
76
60
70
75
66
64
78
60
61
75
69
89
73
60
73
65
80
60
83
72
68
78
62
63
71
71
64
65
74
64
85
75
62
76
67
80
66
72
67
67
67
69
67
62
71
67
81
72
91
67
68
67
75
70
68
62
80
80
89
67
