70
65
70
79
61
76
68
63
73
63
74
81
62
82
82
60
67
74
78
68
72
67
74
68
65
76
73
69
86
84
62
67
69
60
80
62
61
67
91
60
65
84
61
68
66
69
94
60
79
65
70
71
80
69
78
60
88
66
75
67
64
85
77
78
60
77
76
71
77
73
85
87
69
67
86
72
69
74
76
65
72
74
72
84
63
80
81
87
75
62
75
72
75
60
65
70
66
72
95
73
70
69
61
72
83
62
65
70
68
75
89
68
67
60
66
73
68
80
69
80
73
79
79
64
78
65
62
76
73
80
74
83
76
64
66
67
80
74
69
75
70
64
86
78
90
71
90
66
82
68
66
72
84
70
83
69
77
71
75
77
72
71
71
63
69
79
70
73
72
73
71
70
60
80
81
84
79
81
81
61
74
79
89
64
78
74
82
79
63
83
64
60
74
71
68
71
84
72
71
64
76
70
73
72
60
71
71
81
63
77
64
67
64
81
81
90
71
69
68
76
83
83
87
76
77
63
64
73
68
77
65
70
65
62
79
75
85
70
61
65
74
73
63
76
69
76
68
72
60
83
71
84
74
70
70
73
68
64
70
75
60
74
60
66
65
80
67
73
74
69
64
65
83
68
82
69
61
78
72
60
71
69
66
90
84
77
69
63
70
