67
74
75
70
70
72
62
65
72
68
60
66
62
74
60
67
82
63
72
67
60
77
66
73
76
70
83
61
71
66
70
60
72
74
66
65
63
76
63
74
64
62
61
69
67
69
66
64
60
73
61
64
71
68
67
73
61
67
82
73
78
62
70
73
62
69
65
65
74
66
60
71
69
72
62
66
81
65
69
61
66
69
63
67
66
69
61
69
79
70
81
95
75
63
65
74
68
73
60
67
60
66
77
67
69
63
70
69
67
76
79
76
69
78
74
88
68
79
63
74
74
72
74
60
66
62
81
71
65
64
63
62
63
67
77
81
63
61
69
68
87
61
78
81
85
65
74
64
61
63
66
67
65
70
64
68
69
63
68
70
64
77
60
66
76
66
76
72
69
60
71
65
64
75
71
77
66
64
65
80
60
71
64
68
74
64
73
60
65
75
76
67
66
72
71
60
73
71
66
69
69
85
61
65
63
67
62
66
66
63
76
67
70
62
74
71
74
61
64
69
67
67
70
68
61
71
83
65
70
75
67
72
61
68
66
68
60
70
77
70
60
66
71
61
67
73
68
60
72
62
75
77
75
77
65
73
69
64
84
71
72
61
63
65
82
76
60
65
70
72
75
84
71
75
66
69
78
79
77
78
69
73
69
76
60
64
72
72
65
