71
75
65
63
67
82
70
68
83
68
78
70
81
76
77
62
69
74
78
65
62
74
65
60
70
81
69
65
61
75
87
65
62
72
72
67
87
73
69
89
65
71
75
74
72
70
70
86
73
67
66
79
67
69
69
64
71
66
77
71
68
92
67
62
70
81
66
71
63
71
64
73
75
73
77
72
68
82
67
68
60
77
67
62
67
70
65
61
66
77
66
70
71
75
70
66
69
74
82
72
65
76
75
64
66
69
65
74
66
67
72
79
63
68
60
66
74
63
70
73
69
67
72
63
85
67
68
70
81
66
60
63
60
66
82
65
60
70
73
77
72
64
62
65
72
80
70
66
76
88
86
92
69
71
79
65
63
72
64
60
69
79
81
72
74
80
74
67
61
77
73
69
66
66
78
66
60
76
71
79
68
67
66
72
63
73
69
68
73
66
72
60
60
76
84
79
63
60
83
69
62
80
71
87
62
66
71
69
60
66
66
68
73
83
66
80
64
62
73
65
72
60
75
83
73
72
71
95
70
62
70
64
76
71
83
71
73
65
63
84
66
63
72
70
64
66
75
60
65
75
80
75
60
63
69
74
79
68
64
62
70
72
71
60
65
73
62
61
81
60
69
82
66
67
63
72
86
65
65
63
79
69
65
79
67
60
70
66
69
