60
86
65
69
64
65
75
67
60
73
82
66
64
60
77
62
72
62
75
70
77
65
64
63
75
76
81
65
63
60
75
77
68
67
75
72
72
61
79
71
70
77
68
75
64
75
65
64
60
67
64
68
70
78
71
65
76
62
64
79
73
72
62
72
67
74
65
79
73
65
74
64
68
63
61
66
75
74
65
61
68
81
80
75
81
71
73
61
62
72
63
78
72
64
60
73
68
68
67
78
70
75
68
67
64
76
74
65
66
67
64
64
68
61
82
79
61
75
88
64
62
73
63
84
66
81
62
66
67
65
73
71
60
79
76
69
75
69
72
60
70
66
62
62
77
79
65
75
69
63
66
81
60
74
85
60
68
69
78
65
70
71
70
84
70
71
69
64
69
66
64
69
68
62
72
65
66
81
73
62
75
81
61
71
65
66
75
76
66
70
79
72
66
61
66
69
95
75
69
63
74
64
76
80
76
67
79
71
70
69
63
71
74
66
77
67
66
69
84
70
68
70
64
71
70
67
78
65
72
64
75
68
67
66
60
60
68
66
65
65
60
60
69
62
60
76
71
65
65
76
65
62
77
74
74
66
66
72
68
61
61
69
69
65
70
76
66
68
79
67
69
73
67
75
69
67
75
73
73
70
62
62
73
63
64
63
71
60
71
