67
84
68
65
70
68
79
65
68
62
67
71
65
63
73
65
60
71
64
65
66
68
83
77
62
65
69
66
64
60
65
76
63
78
72
66
73
74
68
68
60
72
67
65
79
71
63
70
67
66
64
73
61
78
74
72
64
79
72
82
70
77
74
83
72
77
78
70
60
69
62
74
73
84
76
67
74
71
64
87
85
65
68
70
68
73
76
60
62
67
67
64
71
69
77
80
74
70
66
69
61
66
71
76
62
68
86
77
81
63
64
68
72
66
86
79
60
74
71
63
67
64
64
75
67
65
86
70
75
74
79
62
66
69
95
79
70
72
76
77
81
66
66
75
70
65
67
86
61
83
66
72
78
71
79
65
61
60
66
69
78
74
62
76
73
63
65
75
61
60
72
64
65
61
74
66
76
68
68
60
64
68
62
77
66
75
62
78
75
74
60
74
73
68
69
60
78
64
74
79
62
69
70
77
60
63
67
72
76
79
60
71
75
67
60
68
77
76
67
65
75
64
70
73
67
76
67
75
65
67
70
68
63
60
65
71
70
69
76
79
74
74
73
67
61
62
60
74
60
69
76
66
74
71
83
60
66
75
66
67
68
84
69
73
65
67
68
69
66
78
72
77
69
72
75
65
62
74
64
78
71
65
68
71
68
61
72
65
83
