70
85
70
74
64
69
77
78
63
83
75
68
64
70
68
66
76
82
75
70
75
66
81
73
76
76
69
73
75
61
71
71
65
71
77
71
78
70
69
82
71
69
86
79
65
76
64
65
68
75
67
70
70
84
60
79
66
65
77
80
79
63
82
67
71
73
63
63
69
66
64
66
72
66
60
69
67
68
76
85
68
75
60
85
63
86
62
69
69
80
81
74
80
79
63
70
67
75
63
69
72
76
63
75
83
77
67
68
75
60
67
76
79
72
66
77
74
74
67
76
73
61
79
71
76
74
84
76
77
64
72
67
73
72
70
77
60
71
60
69
60
63
61
69
74
60
73
74
78
65
73
77
67
65
64
70
78
64
77
83
67
74
64
70
74
62
74
70
77
63
75
60
82
68
81
80
67
73
65
66
77
79
74
79
84
67
76
79
69
66
66
73
79
77
75
75
61
66
68
84
77
71
62
95
66
66
81
63
67
74
70
76
71
66
73
74
74
61
74
66
62
84
70
69
68
64
73
60
68
60
78
66
60
77
64
60
60
70
81
61
71
71
84
65
65
78
61
65
62
81
74
72
65
75
62
65
66
82
72
76
75
69
65
76
70
91
80
75
76
70
62
61
84
76
72
61
61
60
74
70
65
69
68
83
64
74
72
71
76
