73
69
77
62
74
62
67
83
69
60
62
72
62
79
73
74
63
69
62
73
78
71
76
63
63
63
64
62
81
79
62
80
74
69
71
75
60
68
80
73
72
69
64
70
79
62
61
72
69
62
60
73
70
77
66
65
73
71
72
62
66
85
67
69
60
68
60
72
60
60
60
75
73
72
69
64
94
81
63
61
73
62
66
64
71
65
60
72
72
77
72
61
64
64
60
65
61
64
66
61
74
69
60
61
67
69
75
64
64
62
70
64
60
77
60
62
76
72
69
72
78
68
62
71
75
65
74
69
64
62
83
75
67
66
70
63
64
95
67
77
72
63
74
75
66
61
69
70
67
65
69
71
65
73
65
64
64
69
71
70
72
71
60
67
67
74
66
67
70
68
81
68
65
64
66
73
60
64
73
65
75
76
75
73
80
66
62
64
74
60
62
71
71
71
77
81
73
80
81
76
78
79
65
63
74
60
60
63
62
61
62
63
73
78
65
61
79
77
65
79
67
60
68
64
84
72
71
70
74
72
61
64
72
62
71
84
72
72
67
75
80
80
79
71
67
73
73
77
61
62
63
66
76
69
89
75
62
68
72
67
64
71
76
77
65
74
72
72
73
64
64
72
69
80
69
63
72
72
68
67
79
63
68
63
71
79
61
68
71
