82
73
78
81
62
62
76
71
70
63
75
73
67
68
83
68
71
60
83
60
68
76
83
89
69
71
71
73
81
64
61
72
63
74
80
85
67
63
70
84
73
71
69
73
63
67
64
78
83
63
65
68
66
79
75
67
66
69
79
80
73
70
77
69
81
70
68
85
67
65
64
64
71
60
86
80
64
72
61
68
68
61
85
61
73
74
79
74
79
68
72
79
60
74
85
75
67
71
65
80
62
64
74
76
70
78
79
64
62
68
64
60
64
75
69
78
74
71
80
70
75
80
76
82
72
74
62
65
62
79
68
60
65
60
82
71
62
65
78
60
79
74
78
67
78
72
72
70
80
77
61
60
75
67
65
74
85
75
75
74
62
81
77
78
68
92
70
65
60
65
73
75
63
65
77
69
75
64
95
60
75
69
69
84
88
78
70
79
80
81
71
74
70
64
67
71
62
60
87
66
66
81
74
75
67
78
65
63
79
84
76
87
82
67
71
67
87
68
60
60
67
67
72
73
62
78
65
82
65
63
70
68
60
66
65
67
73
64
71
75
71
63
68
68
79
74
72
77
68
77
61
71
64
87
77
68
69
93
64
70
84
90
62
76
74
69
84
66
69
66
66
75
60
84
74
63
60
72
65
74
84
71
63
85
83
81
75
83
76
