66
66
69
60
63
75
63
63
79
80
64
69
64
78
73
84
72
78
72
62
71
64
63
71
67
73
62
70
75
68
62
77
78
72
64
72
76
68
84
67
72
66
73
74
74
65
65
89
68
63
67
67
74
71
95
69
64
78
62
65
70
60
73
71
61
71
65
75
82
62
74
65
69
75
74
68
78
62
67
67
73
85
68
74
82
85
75
73
68
71
76
73
80
63
64
64
76
63
77
77
81
64
60
64
71
71
60
73
72
72
60
82
72
61
71
75
65
76
67
71
60
66
74
60
63
69
72
83
74
60
65
72
66
79
71
81
60
64
89
69
64
84
70
65
61
60
69
67
65
83
78
66
69
80
73
67
72
70
71
70
73
67
64
64
66
60
69
72
71
69
63
64
71
70
71
68
69
74
75
73
72
60
66
63
61
65
70
64
76
71
76
72
65
64
65
80
73
82
71
69
63
70
61
67
68
62
67
74
61
85
70
66
72
76
63
67
69
72
67
61
68
74
69
78
65
73
71
67
68
80
61
61
69
66
65
64
61
70
62
81
70
63
64
71
64
72
62
60
76
77
68
73
62
67
75
61
72
75
73
73
75
65
83
64
64
81
73
72
72
67
65
70
62
74
67
67
84
69
76
70
72
82
70
72
69
64
69
69
67
