72
63
61
67
83
79
72
85
78
63
65
64
80
68
68
65
60
85
72
84
77
79
71
72
66
76
95
72
70
63
69
74
75
62
81
74
73
63
69
79
69
73
70
72
74
64
66
70
69
71
82
74
64
84
62
86
71
74
65
75
67
74
63
69
60
63
62
63
62
62
75
63
76
84
70
75
60
77
89
74
68
74
68
75
79
62
71
72
74
71
65
67
82
85
83
64
64
60
61
60
65
66
69
66
92
65
69
74
68
68
60
88
90
72
69
82
75
77
73
73
65
70
61
77
72
64
68
69
68
66
70
71
79
74
65
67
62
69
82
72
65
85
73
67
74
69
70
77
75
78
74
80
77
67
72
65
84
63
61
66
78
80
69
80
70
76
63
70
79
65
65
85
62
61
64
75
82
81
73
72
64
67
72
68
73
60
64
82
71
71
74
67
60
66
61
84
65
82
75
65
63
66
60
60
80
79
72
67
77
60
65
70
81
71
75
88
70
85
75
66
74
66
68
88
65
80
77
63
75
66
64
72
74
73
67
70
76
73
76
63
69
72
72
70
81
85
63
62
66
63
66
81
84
69
61
64
85
87
75
66
64
68
66
74
60
70
69
66
65
71
84
81
70
60
80
63
81
70
67
68
72
72
67
71
83
62
74
78
62
