10
8
12
10
0
0
10
5
5
1
5
6
2
1
2
7
5
8
5
3
3
6
6
8
8
8
0
8
3
4
8
1
3
6
11
6
2
3
4
8
6
11
1
0
5
0
3
1
7
15
8
4
9
4
1
5
7
6
5
3
8
6
2
1
10
7
8
0
4
4
1
5
9
8
5
4
3
4
11
10
10
7
8
4
6
5
9
9
4
8
3
5
4
5
3
15
3
4
3
3
15
20
7
5
5
4
11
5
1
16
3
6
8
2
4
3
11
0
6
1
2
10
11
0
4
5
9
5
5
10
5
7
8
6
0
8
8
9
10
13
5
3
5
1
6
9
10
5
12
5
2
3
3
5
11
2
2
1
2
8
10
0
12
7
3
6
1
4
3
6
1
0
8
6
8
12
9
2
0
8
5
9
8
5
12
6
0
4
6
6
10
5
10
11
11
1
5
7
11
5
5
11
8
3
8
0
3
7
1
7
0
12
2
4
8
15
11
17
5
9
8
10
6
15
9
5
7
3
0
6
3
10
12
5
9
5
4
9
6
0
4
0
0
5
0
7
5
3
0
1
1
11
5
16
2
2
4
0
1
1
3
2
0
5
6
6
1
0
11
16
2
4
5
6
6
6
4
1
7
16
10
5
12
3
5
2
9
12
10
