4
3
7
4
6
7
5
13
9
1
9
4
6
4
9
10
5
7
0
4
2
7
8
2
7
14
9
8
2
2
2
7
6
11
8
4
6
9
4
3
11
12
0
3
2
5
10
3
1
9
8
9
11
6
20
6
8
8
5
12
6
6
5
2
11
0
0
5
11
2
9
12
3
6
2
6
3
1
9
2
5
0
6
6
3
0
3
5
4
5
1
0
2
12
2
4
4
6
8
0
4
9
5
6
3
4
2
9
6
3
7
6
10
7
7
0
2
10
3
5
4
1
2
2
2
9
5
0
5
4
0
7
4
3
8
9
3
1
5
9
5
5
0
3
6
2
15
4
7
2
6
4
1
12
10
8
4
8
11
8
6
3
1
0
9
6
14
0
4
9
6
12
1
11
0
6
0
6
12
4
7
5
4
8
4
6
6
5
5
3
3
1
10
7
0
5
6
5
8
1
8
5
3
5
0
1
9
4
5
6
3
0
11
9
5
1
9
12
5
9
4
5
6
8
17
10
4
1
7
1
4
4
9
3
1
5
0
3
8
3
4
5
0
4
2
2
8
7
8
7
5
4
11
8
6
3
5
4
1
4
4
5
4
4
8
4
13
3
3
3
13
6
4
13
0
1
2
4
2
10
4
2
3
4
1
6
0
4
1
