6
3
1
1
14
9
0
12
2
6
14
5
8
0
3
2
7
10
5
4
3
12
3
6
2
6
11
16
1
4
3
19
9
9
18
11
3
10
11
10
3
4
11
10
11
7
15
12
3
8
6
1
12
0
9
6
11
6
9
9
9
14
15
4
15
18
15
15
9
4
9
9
6
9
1
8
0
0
1
9
11
18
7
1
13
6
4
9
7
15
11
12
5
0
12
10
12
7
3
12
9
7
10
3
5
4
5
12
10
6
5
4
20
11
8
9
7
8
15
17
7
5
13
13
0
7
14
10
8
11
10
4
6
5
7
2
13
14
9
9
9
9
13
14
7
0
5
13
11
7
4
0
7
8
15
3
7
18
4
7
9
3
4
0
0
8
15
15
0
5
6
1
0
7
12
10
4
6
15
0
2
16
6
6
12
2
5
1
2
1
4
12
9
11
11
8
0
7
0
9
14
10
9
17
7
1
8
10
16
0
16
0
9
14
9
6
10
7
5
5
4
7
13
15
7
14
2
15
7
8
7
4
6
4
9
9
4
15
11
3
10
2
4
0
3
2
0
5
7
14
11
13
14
2
0
0
8
7
7
6
14
7
18
3
0
10
9
15
3
6
8
9
3
1
8
3
8
14
5
3
15
5
14
9
7
3
14
14
13
