2
0
9
14
14
1
6
4
8
8
2
11
0
3
10
8
6
8
10
6
6
11
3
8
1
10
0
9
10
5
9
1
2
4
10
6
5
12
13
6
8
6
3
3
5
9
2
4
4
1
11
12
4
11
1
3
3
9
2
10
4
7
4
3
4
12
3
1
11
3
0
5
4
7
8
0
2
1
0
8
0
2
0
13
7
6
5
7
6
1
0
8
13
2
9
6
3
8
10
4
15
2
2
6
7
10
4
2
11
6
6
0
0
2
4
9
11
2
0
7
3
9
11
1
0
2
7
0
9
10
9
10
10
10
0
3
3
2
16
5
6
16
4
9
0
5
6
0
15
4
4
6
18
6
2
0
1
1
10
2
3
10
7
7
3
4
6
3
11
3
20
7
1
6
12
4
6
7
5
0
3
3
5
10
6
7
12
3
13
13
8
7
5
1
6
7
2
7
5
2
1
5
10
3
3
0
4
12
13
9
3
2
5
3
8
3
6
6
13
0
8
4
2
7
1
1
10
17
2
9
1
2
5
1
7
2
5
5
1
11
8
4
12
4
5
6
9
6
7
13
8
1
8
9
11
5
7
10
0
8
0
0
4
2
0
9
5
5
1
2
0
4
4
2
10
9
6
7
9
3
7
12
4
11
4
8
7
9
9
