6
6
7
16
9
4
4
9
1
9
1
2
2
7
10
11
7
10
2
6
11
4
3
1
5
2
7
14
7
1
7
10
1
6
9
2
1
7
5
2
4
5
2
0
4
14
15
7
1
7
7
1
3
1
2
9
3
2
9
11
6
1
10
0
3
4
6
5
7
9
6
3
11
2
10
5
4
2
4
6
2
7
7
11
6
6
2
8
2
14
6
9
2
0
6
7
12
4
8
1
8
9
0
0
0
8
3
10
4
7
10
18
7
10
11
6
4
5
8
0
12
2
6
13
6
4
12
6
7
7
4
7
15
11
5
1
3
13
16
9
6
5
5
7
0
7
7
12
15
11
12
3
2
1
2
2
8
3
15
1
5
7
13
12
11
3
0
10
3
9
9
10
14
3
7
3
7
2
7
8
8
7
6
7
16
0
13
4
3
12
14
13
0
10
7
2
8
7
7
2
13
3
9
0
17
7
6
4
9
2
7
5
3
9
8
7
7
0
10
16
8
12
10
8
0
9
14
3
8
4
14
7
12
0
2
8
4
5
8
4
8
1
8
5
13
6
0
8
10
11
7
5
11
0
6
7
6
5
1
9
20
0
7
5
2
4
2
3
8
2
10
4
7
8
11
11
6
5
9
2
1
7
12
7
5
8
11
10
11
