6
12
1
6
2
4
17
5
11
0
1
3
7
5
3
14
4
13
18
11
4
0
2
8
18
7
7
3
9
7
18
2
6
9
10
5
4
8
0
9
18
4
2
0
7
8
9
6
2
5
9
7
13
11
9
2
9
9
4
1
8
8
3
14
19
4
3
10
10
13
8
8
6
10
8
7
12
8
2
3
4
4
6
1
5
3
4
2
0
4
7
9
6
1
13
10
16
11
11
5
7
6
10
2
13
8
1
5
19
10
11
10
15
15
11
2
11
14
7
8
0
14
2
0
2
2
5
18
4
6
9
3
7
6
1
2
11
8
13
10
7
13
6
5
7
3
13
8
3
0
12
9
10
3
10
0
11
4
7
2
2
6
8
8
0
4
14
4
10
6
16
5
0
4
14
3
4
3
10
9
7
8
1
4
12
1
6
6
6
8
6
3
5
0
0
10
12
1
20
8
2
15
7
11
11
5
1
8
8
3
12
6
8
0
13
13
3
11
6
0
15
13
13
4
6
6
1
4
14
8
11
18
8
10
18
17
8
7
11
5
2
6
12
17
4
14
15
12
13
6
4
4
1
4
6
2
3
3
5
9
6
5
6
3
12
7
0
1
19
8
13
9
5
3
15
0
4
3
14
8
11
5
3
7
6
6
2
6
12
