0
8
5
5
4
0
11
0
0
3
2
4
4
10
3
6
4
1
0
12
6
2
1
8
8
6
6
3
0
6
2
10
3
6
8
4
4
4
1
1
9
8
7
5
0
1
4
8
7
1
3
5
8
6
0
7
3
4
5
0
3
2
5
6
2
0
4
3
1
7
4
10
11
8
4
3
5
3
0
2
3
9
4
3
20
1
0
8
9
1
5
6
5
8
9
4
7
8
9
5
6
12
0
6
4
3
3
13
7
9
3
5
11
5
7
9
7
2
2
0
4
10
3
3
4
4
1
2
1
4
1
4
10
4
3
9
1
3
2
4
5
4
0
5
0
2
16
0
5
10
8
3
0
11
9
10
2
12
7
1
3
0
6
4
2
10
4
3
2
4
1
0
4
10
6
5
6
4
5
4
5
0
5
5
11
0
3
3
13
1
5
5
3
7
5
5
7
8
10
2
9
12
7
12
6
6
0
3
8
4
10
10
7
1
2
4
5
0
5
12
17
2
10
1
5
12
6
4
5
0
4
4
5
4
12
4
0
2
6
11
10
9
2
11
4
0
2
1
5
3
3
3
4
8
0
4
5
1
9
5
6
1
6
0
5
12
8
6
1
4
3
3
6
5
7
3
11
7
0
1
10
10
11
2
11
5
11
3
5
