6
10
8
3
7
12
6
6
0
11
5
1
7
1
1
7
9
5
2
1
3
0
10
5
6
0
0
8
5
7
13
0
6
9
1
8
17
10
3
1
0
6
8
9
0
0
0
7
7
5
9
4
7
6
7
10
9
4
1
8
9
5
4
14
1
7
11
5
1
6
5
4
8
0
12
4
3
10
4
8
8
0
10
6
1
4
0
3
10
13
5
0
7
7
4
4
3
11
1
5
6
2
4
2
4
11
0
6
5
6
3
2
3
8
0
0
0
16
8
12
16
10
12
4
3
4
3
4
1
10
11
3
7
17
8
5
10
4
6
8
0
0
2
11
7
6
7
5
5
3
2
4
6
10
4
5
13
6
9
9
10
10
15
0
2
12
11
4
5
10
17
8
1
8
5
7
2
2
6
4
11
1
6
15
14
7
7
0
5
8
7
13
6
4
1
7
6
7
10
3
4
0
4
5
9
3
4
5
13
9
2
7
5
5
8
9
2
2
4
8
4
3
1
6
4
7
1
7
5
4
5
3
9
0
4
6
9
17
0
14
8
0
1
7
11
0
13
12
9
2
9
7
12
2
3
7
5
2
20
7
0
12
11
7
4
1
5
8
3
7
0
2
7
7
4
1
1
9
2
1
2
7
4
4
2
5
9
3
6
