14
5
9
7
5
10
2
2
1
9
4
9
2
5
7
0
11
11
7
7
7
13
12
2
7
0
3
7
4
0
2
7
3
7
4
3
0
2
14
14
10
2
8
8
12
3
2
4
4
7
0
5
5
6
5
5
6
7
17
1
5
3
6
1
6
14
1
2
4
1
3
4
4
2
2
2
3
8
9
6
5
13
1
5
0
7
2
8
0
12
2
7
3
0
6
12
3
9
11
11
1
14
3
16
15
6
5
8
2
4
12
8
0
10
12
7
0
11
9
5
13
4
4
12
11
5
5
6
10
8
3
14
2
3
1
5
5
1
7
11
13
8
0
4
9
3
2
11
6
6
1
0
6
2
0
6
15
12
7
0
18
4
8
5
0
7
1
6
2
7
3
10
13
6
8
8
7
11
7
8
4
9
5
0
8
9
1
6
2
7
2
10
4
9
3
7
9
4
11
3
12
7
3
7
9
11
13
5
6
1
12
4
7
8
9
1
9
0
1
2
4
0
3
0
6
15
9
8
12
2
5
3
8
8
2
1
2
0
6
3
8
7
8
3
4
4
7
3
0
8
8
5
1
7
1
1
11
7
18
0
5
5
10
0
3
10
20
4
5
7
9
0
8
12
1
2
5
5
10
4
5
1
9
3
8
4
6
9
6
