7
3
10
2
9
5
5
7
5
0
1
9
2
8
9
2
3
12
13
13
5
3
7
7
16
14
7
0
3
1
0
6
6
7
5
7
3
19
5
11
7
7
5
11
8
4
6
17
9
2
7
4
4
7
2
1
10
16
4
5
0
0
6
11
0
6
7
0
2
2
1
3
19
2
9
9
10
7
3
7
8
18
8
1
10
18
15
5
9
7
7
0
7
0
9
2
5
0
2
5
2
5
7
5
3
8
4
2
1
6
9
1
7
0
5
9
2
8
16
8
0
12
1
2
12
2
2
3
12
8
7
7
9
10
1
10
0
3
8
14
12
4
7
3
8
4
13
1
8
14
13
6
9
4
3
6
3
4
5
10
6
2
10
8
0
3
3
15
6
3
7
6
8
6
0
3
10
5
3
0
14
5
1
8
7
1
15
8
10
12
11
4
3
0
18
6
10
4
10
6
4
7
9
2
5
6
8
11
13
4
3
8
9
5
0
8
6
3
8
9
11
8
10
4
1
5
7
6
4
4
6
4
12
2
0
2
5
17
8
6
2
1
1
5
0
13
2
4
4
2
2
11
12
0
7
0
0
14
20
11
9
9
8
5
8
0
14
9
10
9
8
9
6
7
9
5
6
6
2
0
6
3
7
1
16
15
18
6
6
