3
0
11
1
1
0
7
1
5
7
14
2
4
9
7
3
2
1
0
0
4
9
4
3
9
0
14
9
2
3
9
7
7
0
0
8
6
4
3
4
1
11
11
5
0
8
2
3
5
2
10
8
7
8
3
1
12
10
9
1
1
0
6
5
7
7
5
2
1
13
0
7
6
0
3
8
3
3
8
5
9
0
5
5
5
6
11
7
9
8
9
16
9
3
0
6
16
0
6
0
3
16
11
6
11
9
4
10
3
2
14
12
5
5
19
8
3
6
0
5
5
9
14
4
14
4
12
2
6
2
6
0
1
0
1
0
0
7
4
7
2
10
3
0
5
12
10
8
12
20
1
6
4
6
10
10
10
3
1
12
3
10
7
7
4
3
4
7
10
5
0
13
13
3
8
7
5
7
7
5
8
6
3
7
7
10
9
0
4
3
5
7
8
12
7
6
4
3
6
15
2
13
3
3
8
12
9
2
0
4
1
5
1
9
5
10
0
6
2
5
4
0
6
11
12
12
11
9
12
4
3
7
13
6
0
0
9
8
6
6
11
0
2
8
2
6
10
9
10
5
8
3
7
1
1
4
8
7
0
0
7
5
5
5
7
3
6
3
3
0
10
1
6
1
2
7
4
15
6
7
4
2
3
8
10
10
3
8
5
