3
5
16
0
5
2
0
11
7
7
13
6
13
8
10
7
2
5
9
2
2
11
6
5
1
0
3
5
2
0
2
16
11
8
4
7
5
8
6
2
7
0
9
5
1
2
14
0
4
9
14
9
1
4
5
4
5
7
6
4
3
11
0
0
3
2
6
7
6
4
2
0
2
0
4
5
2
2
3
3
3
2
9
4
1
5
6
5
4
6
4
5
12
2
15
7
4
4
0
3
5
0
5
13
5
1
5
3
4
6
3
7
5
6
11
3
12
12
3
10
7
7
11
6
5
3
8
5
2
12
0
3
3
6
7
1
4
2
8
0
10
10
6
0
7
9
7
12
8
15
8
2
7
0
6
0
0
8
15
0
0
1
7
15
2
9
8
6
2
9
9
1
10
2
7
8
1
4
5
8
8
1
5
12
9
1
3
10
7
9
2
9
3
9
7
8
12
10
4
4
7
7
1
0
4
2
6
3
3
4
4
3
1
8
2
4
3
4
13
13
8
10
3
0
6
2
0
5
1
2
7
3
4
4
2
6
8
11
7
11
4
8
5
2
7
7
4
2
13
3
5
8
7
8
0
3
1
2
4
5
4
14
9
20
5
9
6
8
4
12
5
1
11
5
7
0
5
6
3
3
5
8
3
4
10
0
3
0
1
