7
3
3
13
6
8
2
6
7
7
7
1
3
8
9
2
10
6
8
8
12
3
0
6
7
0
4
4
9
0
5
7
3
9
8
6
11
4
3
10
1
4
6
5
2
6
5
0
7
12
3
4
7
1
4
6
1
6
9
4
3
12
3
15
2
7
8
7
4
8
12
0
14
0
7
7
4
2
1
5
8
4
7
4
2
11
9
10
1
6
7
10
1
0
5
1
1
2
9
0
0
0
8
6
4
6
8
0
12
1
10
8
4
2
11
5
0
2
3
4
6
1
7
0
2
8
2
12
7
7
5
9
8
0
2
13
8
4
5
10
0
4
4
2
8
11
6
6
4
5
1
4
0
8
1
3
5
6
12
5
5
7
5
6
4
10
12
8
7
5
9
2
3
1
1
0
7
9
8
7
5
8
2
1
2
12
2
6
7
10
9
11
2
14
0
2
5
2
2
12
9
9
6
5
6
4
16
3
11
12
1
3
4
7
2
9
7
5
2
0
8
4
5
3
8
7
2
7
4
7
8
3
10
5
13
7
1
20
4
10
6
9
8
7
2
6
0
9
3
2
0
4
2
10
0
9
11
1
1
11
0
2
2
6
12
7
8
3
10
7
0
8
0
2
6
9
6
3
8
7
5
7
7
4
8
0
13
8
6
