3
4
4
8
7
3
1
9
1
0
7
2
6
10
13
2
5
0
13
0
8
0
12
4
0
2
1
9
0
0
2
12
16
3
4
5
2
5
2
0
5
0
0
14
6
8
12
4
5
0
10
11
5
11
4
2
0
0
8
4
5
3
4
4
7
3
5
5
16
4
5
6
1
0
3
7
4
13
3
3
3
1
5
8
6
3
15
6
3
11
6
9
2
3
3
8
5
7
5
5
6
7
9
6
5
0
6
4
4
9
4
16
0
3
3
2
3
12
3
10
3
4
3
7
4
7
4
6
0
0
5
6
2
8
6
2
6
4
8
9
4
6
12
4
0
11
8
4
8
3
4
4
7
2
4
0
12
5
6
2
4
4
3
5
11
0
13
10
7
5
13
4
8
13
7
4
7
11
6
4
9
6
4
7
4
9
1
5
0
0
1
3
8
0
8
7
0
5
7
6
7
0
20
6
8
1
2
11
4
13
7
12
0
3
3
2
4
14
2
1
10
9
5
6
7
9
9
10
0
0
0
5
12
1
4
3
9
0
7
4
3
5
10
6
8
7
0
0
9
8
6
8
14
7
9
8
4
12
2
9
7
8
0
4
2
2
1
10
9
4
10
7
12
1
10
16
8
5
5
0
0
11
3
5
7
1
3
2
4
