4
7
0
17
8
8
9
14
8
0
14
7
7
1
13
15
7
11
10
9
2
10
2
4
13
2
8
4
6
18
8
9
13
5
3
13
6
7
0
0
13
7
8
6
6
2
0
4
12
8
10
11
7
6
2
2
14
11
6
6
2
7
2
5
7
5
8
13
2
13
1
1
4
10
6
9
0
4
9
14
4
5
2
8
3
5
3
6
5
5
9
17
7
3
1
2
1
6
4
13
2
4
0
2
7
8
10
6
0
2
1
8
13
6
3
6
11
10
7
3
12
11
15
0
8
7
11
2
5
8
13
3
4
17
11
15
7
7
4
8
13
4
3
14
13
9
18
4
9
10
6
12
6
4
3
1
10
16
10
6
10
0
0
1
6
8
4
6
1
5
10
0
6
6
10
1
5
10
2
6
6
8
8
0
1
18
12
5
15
20
2
3
12
13
7
9
9
9
4
11
8
11
8
7
6
9
8
10
7
9
3
16
8
7
0
6
3
1
7
15
7
9
6
8
8
8
3
4
7
6
3
8
4
8
15
8
6
1
0
3
6
18
9
6
10
5
12
8
2
5
16
10
5
6
2
1
4
15
3
7
3
7
10
3
4
8
14
8
12
7
11
6
6
4
0
3
10
0
4
9
6
3
3
8
3
11
3
3
9
