9
10
1
3
7
6
0
5
13
1
12
9
7
10
12
0
5
2
3
14
4
3
9
1
3
0
10
0
15
4
7
14
6
1
6
4
10
15
2
15
6
3
1
8
6
5
1
5
1
7
9
0
2
3
7
13
8
6
5
9
3
3
3
0
3
7
5
5
12
8
2
7
6
4
3
5
11
10
2
7
5
6
5
8
7
10
7
7
0
1
8
14
6
11
4
6
10
8
1
5
3
2
4
1
6
7
2
9
4
10
2
9
10
15
9
5
5
5
6
9
2
12
9
6
0
6
3
9
10
4
13
10
6
0
4
2
15
4
3
4
5
5
8
6
8
7
6
7
0
16
2
12
10
6
7
1
17
4
7
9
6
12
9
13
8
8
7
7
6
5
1
3
9
2
8
20
6
2
0
6
11
8
6
0
14
8
5
7
5
6
5
0
4
3
1
5
3
3
4
5
5
1
4
6
2
0
9
2
5
8
9
3
12
5
6
7
7
9
5
0
6
3
13
7
8
7
9
13
6
1
9
4
2
2
8
7
1
2
3
12
0
5
7
2
7
7
3
4
4
6
3
3
3
13
4
0
4
14
9
8
0
10
0
17
6
10
0
8
5
13
5
3
9
4
6
5
0
3
5
3
6
1
0
2
1
13
2
6
7
