7
11
5
6
2
1
13
13
5
1
15
4
13
18
9
6
2
13
5
15
2
4
6
6
8
0
4
2
4
6
6
9
3
10
2
15
2
10
9
3
6
0
2
4
7
18
0
2
3
11
14
3
3
3
0
5
8
6
7
8
1
7
5
4
3
9
4
4
5
6
9
9
2
4
0
3
4
13
4
5
10
8
4
14
9
5
10
7
5
9
11
7
6
7
20
6
7
13
4
3
1
14
11
10
2
12
11
6
18
1
5
5
4
6
0
10
2
4
10
10
4
5
6
12
1
1
6
13
15
10
4
8
1
9
3
5
1
4
7
15
9
11
3
4
2
9
4
4
0
8
7
6
9
2
4
5
0
6
5
17
6
5
0
12
5
4
5
6
3
7
8
12
3
4
15
3
1
3
6
6
5
2
7
8
3
12
10
7
7
10
4
2
4
8
3
9
6
2
5
11
8
2
3
15
11
15
7
5
12
4
9
4
2
6
5
14
9
11
8
2
7
4
7
0
14
3
9
10
3
11
0
3
4
7
6
15
13
10
5
6
2
17
6
6
3
0
10
0
9
5
4
5
0
0
4
8
11
4
10
0
0
0
6
0
6
12
5
3
13
18
11
11
10
8
8
6
4
11
3
8
8
5
13
12
8
11
0
8
0
