6
11
4
14
0
6
5
3
2
7
7
0
6
4
7
14
16
10
4
1
9
2
5
2
4
15
0
2
0
8
9
9
5
5
9
11
1
7
8
6
2
2
8
15
6
10
2
1
6
3
3
2
17
8
8
12
11
8
5
5
8
7
3
7
15
1
16
6
12
9
7
5
6
11
8
0
6
13
7
3
6
9
3
6
3
8
2
1
4
15
2
4
12
3
0
6
0
2
5
1
0
6
2
2
3
7
15
11
0
6
10
17
11
8
7
5
2
4
11
0
0
3
5
7
2
1
12
9
5
8
9
0
5
4
16
5
5
3
7
9
8
9
4
5
8
10
11
12
3
2
11
13
3
11
4
7
9
9
1
11
7
3
3
5
7
4
5
9
0
4
11
12
3
7
2
10
7
11
9
15
3
9
6
0
4
7
6
8
11
18
3
2
1
6
0
5
5
9
11
6
5
5
6
3
15
8
7
4
10
8
2
3
2
2
4
2
4
6
9
13
8
9
9
10
2
5
5
10
5
10
6
3
2
11
0
7
5
1
7
7
7
8
2
2
4
12
6
9
11
3
17
1
10
9
6
4
6
0
16
6
12
3
16
8
11
9
1
4
3
7
4
2
2
7
5
20
7
7
4
5
10
9
8
4
8
12
4
7
7
