4
6
2
14
13
11
9
0
10
2
1
7
8
1
0
3
8
1
13
2
10
5
6
2
5
3
0
0
4
0
8
8
10
7
12
2
8
2
2
6
8
15
14
2
2
10
13
6
1
9
7
0
6
2
3
1
11
10
3
0
4
7
8
8
7
3
4
9
3
6
5
8
4
7
10
12
2
6
10
5
6
3
7
6
0
11
7
5
10
4
7
9
9
4
4
7
16
16
3
0
3
7
2
19
11
1
6
11
9
10
0
13
0
1
2
7
5
3
4
8
8
3
2
14
7
7
0
5
13
3
0
9
3
6
3
2
8
4
1
5
5
1
8
8
4
7
5
0
7
2
3
0
9
10
6
4
4
8
12
0
8
6
3
6
3
13
5
6
0
10
10
8
14
1
4
8
10
1
5
12
8
6
9
3
4
8
11
2
5
6
17
1
5
5
4
3
8
6
13
5
3
1
8
5
12
16
2
3
4
11
2
10
2
9
3
16
8
11
5
15
7
2
1
3
3
3
6
6
2
6
1
0
5
4
13
1
7
9
5
8
8
3
3
10
2
5
1
11
1
6
7
3
2
5
6
1
4
5
3
20
6
0
0
0
3
11
11
4
5
16
4
3
1
7
17
11
3
5
6
3
10
5
0
13
0
7
8
5
13
