5
15
4
10
1
7
6
2
3
11
2
5
10
12
10
2
7
3
10
4
4
0
4
6
6
3
3
9
4
7
5
0
2
1
7
2
9
5
6
10
4
3
2
15
7
8
3
11
3
0
8
11
13
5
4
2
4
1
10
8
5
1
10
3
1
7
2
4
7
1
2
0
4
4
11
10
10
3
11
9
0
12
9
2
1
6
0
2
2
6
4
1
1
1
4
1
2
4
7
0
2
2
11
6
0
6
4
3
4
5
5
4
5
0
4
1
10
0
3
13
1
12
5
0
6
17
0
6
6
1
4
11
8
12
1
3
5
9
4
1
5
6
0
11
9
4
8
2
4
0
6
9
7
0
11
16
6
0
0
5
4
2
9
9
2
2
11
11
0
13
1
3
20
3
6
4
5
3
2
3
1
6
4
11
3
11
12
9
3
4
8
8
9
6
8
7
2
5
0
5
4
1
1
10
6
8
11
7
9
10
5
9
9
0
4
10
0
5
3
9
6
3
5
14
10
4
0
7
9
0
0
3
7
2
2
4
5
5
12
0
10
5
6
5
6
4
4
0
6
3
3
5
0
1
0
14
7
5
1
8
11
13
13
0
10
4
1
11
8
8
1
6
1
9
2
4
7
5
9
6
12
2
0
3
1
1
4
8
8
