7
8
0
4
1
2
8
3
6
6
11
10
3
1
5
4
10
1
8
10
14
6
3
13
7
3
4
4
0
9
1
7
8
6
3
7
0
2
8
1
1
1
9
3
9
6
0
0
4
10
5
9
2
0
13
7
0
20
14
4
4
4
8
10
6
13
14
8
5
13
4
9
8
5
7
0
8
6
14
0
1
1
9
6
2
5
2
13
7
3
3
6
3
11
8
5
7
1
5
6
7
6
3
9
7
15
4
9
15
3
3
7
2
4
4
2
5
11
7
5
4
10
4
7
1
5
4
9
4
6
1
3
5
7
2
10
2
5
0
3
7
5
8
0
1
10
8
8
9
6
6
4
8
3
6
12
5
0
6
13
6
12
6
5
14
2
0
9
8
4
8
5
2
10
11
7
5
14
7
9
2
14
10
4
4
10
3
14
10
7
15
6
0
4
1
18
6
6
8
15
5
0
1
7
3
0
7
1
0
14
5
4
3
8
8
3
6
2
0
2
6
1
7
7
1
5
5
6
10
2
9
3
15
8
0
7
2
3
4
0
7
6
1
6
2
1
12
4
3
11
11
4
9
8
14
7
2
5
2
9
10
11
15
10
1
5
0
0
0
3
8
5
11
0
8
13
14
6
6
1
1
11
5
6
6
4
2
4
10
