11
3
5
0
2
13
19
2
2
6
11
5
9
4
9
9
5
0
2
4
11
8
1
6
8
9
12
2
4
9
5
15
5
10
19
4
13
7
6
10
2
7
1
11
7
6
3
10
0
0
11
6
14
6
16
5
11
10
9
16
3
14
10
6
3
8
4
6
3
6
8
3
3
5
9
7
10
10
0
2
5
6
4
17
7
4
9
1
2
4
12
20
8
1
3
12
1
7
2
14
7
1
16
7
4
6
2
12
3
16
3
7
4
10
2
4
11
13
5
14
11
1
2
6
7
12
3
8
0
10
15
2
0
6
0
5
5
12
5
14
2
1
17
6
10
9
3
2
3
7
2
11
4
1
11
12
3
0
10
7
10
6
0
3
6
11
4
5
12
1
11
12
15
0
4
3
10
2
5
0
10
12
8
11
1
1
10
8
16
2
6
2
10
2
7
4
2
7
14
1
10
10
6
15
15
0
5
8
6
8
7
7
13
7
9
7
6
6
7
2
0
6
8
7
11
2
14
7
0
12
13
10
6
11
0
10
7
5
5
0
6
0
0
0
4
6
6
6
7
5
8
8
9
5
3
7
0
8
5
14
8
5
2
3
9
4
3
6
8
10
13
7
4
15
14
9
5
13
11
5
9
8
11
10
5
5
1
10
12
