1
4
8
5
6
3
2
7
6
1
20
6
17
5
9
6
4
9
4
0
6
3
9
3
7
7
2
8
0
7
2
5
9
8
8
7
10
0
9
2
3
9
11
2
3
3
6
7
5
5
6
7
10
19
3
2
4
11
8
9
4
7
0
9
3
1
8
8
5
10
10
2
1
15
6
6
3
10
15
1
6
5
5
2
1
5
2
4
7
11
11
7
3
4
4
5
2
1
3
2
1
0
5
3
9
4
6
9
3
8
5
4
15
7
0
7
2
5
0
4
9
4
5
1
8
2
7
6
5
5
11
10
4
7
1
2
3
5
8
8
7
10
4
4
7
10
12
1
9
3
6
8
10
9
6
6
9
8
7
4
3
6
2
4
8
0
2
11
0
7
0
6
9
5
0
5
0
2
3
12
7
9
14
10
7
9
7
8
6
7
4
13
11
8
3
1
12
5
9
2
8
5
8
1
0
11
4
2
7
9
13
3
6
8
1
4
8
3
7
1
4
4
3
4
4
10
0
11
3
3
3
3
3
0
7
12
9
4
1
9
3
3
10
7
6
4
10
4
0
4
1
3
2
0
4
5
3
6
8
11
11
6
11
2
7
0
4
10
1
3
3
8
7
16
6
5
7
0
15
6
6
4
4
12
3
3
3
3
10
