0
5
11
2
0
2
3
7
9
4
4
12
2
12
16
2
4
0
7
4
6
13
7
8
16
6
2
9
8
2
2
2
0
2
6
10
4
10
3
2
1
0
8
12
5
4
8
4
8
2
4
12
0
6
5
6
3
5
5
2
7
10
6
8
1
5
2
6
8
6
2
9
10
5
2
4
8
7
10
0
11
7
6
10
14
6
9
6
11
8
2
9
12
6
3
6
1
13
5
8
4
4
6
6
6
6
3
8
5
7
6
6
11
4
13
4
10
13
2
11
8
3
5
6
2
3
11
8
5
0
4
3
8
6
0
5
6
2
11
4
5
3
2
4
0
3
4
9
7
4
6
5
3
6
8
0
3
2
9
10
7
8
6
12
11
4
11
4
3
4
10
10
13
8
6
9
14
6
1
0
3
3
13
5
0
10
13
0
13
20
2
2
14
6
18
7
9
6
7
11
5
8
9
5
8
7
8
6
7
7
3
4
2
1
8
17
4
2
4
6
4
5
16
6
5
12
15
5
12
1
1
13
4
6
5
4
8
9
1
10
16
17
0
8
5
0
2
0
8
11
8
10
8
0
7
5
8
2
5
9
6
9
2
1
10
5
16
11
8
1
5
1
2
8
16
7
13
0
5
2
13
7
9
2
1
3
4
9
5
