4
10
12
1
6
12
9
9
1
0
1
3
4
15
4
5
3
0
0
5
6
9
8
5
6
10
0
6
3
3
2
7
2
4
3
6
10
5
1
7
9
9
0
0
6
2
3
3
5
4
4
5
11
4
16
1
7
9
13
0
6
7
5
3
4
9
3
9
10
7
0
10
5
4
6
5
1
9
5
0
4
9
9
2
7
0
4
8
18
13
13
9
6
6
7
4
6
3
5
0
1
7
7
8
9
9
7
4
0
5
7
2
0
14
14
8
2
3
5
2
10
2
7
5
9
9
18
7
8
1
4
6
12
8
7
1
9
6
7
0
3
19
5
4
2
11
12
0
7
13
5
4
9
10
3
1
5
0
7
16
13
2
6
2
8
9
5
0
2
10
5
10
4
6
10
2
6
6
8
15
1
4
14
1
20
13
7
6
17
0
8
9
6
2
6
0
4
3
1
9
6
2
4
4
0
4
5
0
6
7
4
8
13
6
7
5
3
12
10
9
7
2
2
4
4
5
5
11
11
5
3
4
12
4
2
3
6
5
10
2
7
7
6
4
5
11
7
15
6
8
7
8
11
6
12
2
12
9
5
3
6
4
13
4
3
9
4
7
3
7
8
4
4
3
3
11
0
4
10
6
2
11
12
5
1
9
3
8
19
