15
6
9
6
8
0
2
12
18
2
6
0
4
12
12
12
2
11
10
5
8
3
8
5
11
3
16
7
14
5
0
0
5
4
15
1
4
0
10
5
6
12
13
13
0
15
12
0
8
0
9
2
7
4
3
4
3
0
3
10
8
2
1
11
1
3
0
1
3
7
6
0
0
4
18
12
3
6
10
10
5
5
7
10
3
3
2
13
1
15
9
11
2
6
16
4
3
10
6
4
13
8
3
14
2
0
13
9
5
7
7
7
15
0
4
7
6
7
0
11
7
3
4
3
9
16
2
2
0
3
4
5
10
3
5
10
13
9
20
9
18
4
0
10
4
4
2
7
12
5
5
3
6
8
1
10
4
10
16
0
6
10
9
14
1
11
14
11
12
6
3
6
2
10
7
7
2
9
7
6
6
4
0
3
7
1
5
7
4
14
7
4
1
2
7
9
10
4
0
6
5
11
5
10
10
7
3
3
5
6
15
0
6
4
4
6
6
9
8
5
7
4
0
3
7
0
9
11
8
3
7
2
3
6
0
10
4
8
3
13
1
2
17
14
2
9
8
6
8
3
11
17
10
5
12
8
0
14
10
19
12
11
7
12
15
8
0
7
8
5
2
3
6
1
8
16
18
8
6
14
5
3
1
8
17
8
9
2
8
