2
6
3
8
6
3
4
2
0
4
3
1
2
4
0
7
1
6
1
3
4
1
2
13
7
0
8
8
2
4
3
7
3
0
4
6
2
12
0
3
6
4
4
5
0
8
1
5
2
0
5
5
7
3
9
8
11
6
6
2
4
10
4
5
5
0
0
7
1
5
5
13
11
5
3
3
5
4
8
6
4
0
14
6
0
6
2
2
6
6
3
5
4
2
8
9
12
2
5
2
4
13
11
2
2
5
3
3
2
5
8
8
9
9
3
4
6
3
0
0
7
4
0
0
7
8
6
5
20
5
4
9
0
4
7
6
5
0
0
9
3
4
0
4
3
4
6
4
3
10
4
6
10
7
9
4
10
3
5
4
4
3
3
4
6
10
10
1
4
4
6
3
6
3
2
1
0
3
8
6
5
2
2
9
6
2
8
3
3
4
1
5
5
2
7
10
6
1
15
7
5
2
4
6
0
9
1
5
5
7
3
0
8
2
6
5
1
2
2
2
10
2
7
2
2
3
2
3
10
3
8
10
3
5
9
8
5
1
9
2
4
7
4
7
5
2
3
4
4
10
8
3
4
3
4
9
10
5
10
0
3
5
11
4
3
4
6
4
4
10
5
7
10
2
5
6
3
3
12
9
8
3
2
1
0
10
2
7
3
