4
7
8
20
0
5
14
0
1
0
2
8
2
9
8
7
2
1
4
9
11
6
6
9
10
2
6
8
1
5
5
10
4
3
5
3
11
5
2
2
1
11
10
3
6
9
1
4
2
14
13
5
10
11
9
3
3
3
15
5
2
15
12
0
1
0
5
9
13
4
4
8
12
9
8
6
6
2
5
4
1
13
11
13
0
0
14
5
14
5
8
13
2
12
8
2
6
7
3
7
4
5
4
3
0
16
7
3
4
0
5
7
7
9
4
9
13
5
6
6
2
11
2
0
7
4
1
4
8
4
0
4
0
9
3
4
7
5
1
0
0
4
1
3
9
1
4
3
4
11
11
0
2
4
2
12
5
4
1
7
5
10
12
6
5
10
3
8
1
7
6
1
13
9
5
11
6
0
15
4
2
4
7
8
6
7
9
7
1
11
5
9
10
0
7
1
2
0
11
4
11
0
10
2
2
10
5
2
0
14
7
7
0
4
7
4
4
7
7
6
0
8
4
5
15
9
0
3
2
6
15
14
0
4
0
6
2
8
9
5
6
9
6
0
0
8
6
12
18
5
2
5
4
8
4
7
10
13
9
5
1
1
4
7
8
2
16
9
2
0
14
2
8
6
0
7
5
5
10
12
2
3
5
3
1
3
7
5
4
