1
11
6
5
6
4
13
9
7
7
4
12
9
8
1
4
0
0
6
4
6
6
4
5
5
7
2
1
0
7
0
11
7
10
6
9
14
6
10
5
9
16
5
2
1
16
11
3
14
4
16
11
2
6
3
9
12
10
0
5
8
3
13
3
12
10
8
1
9
10
20
5
6
3
2
0
6
2
4
0
0
3
1
3
6
0
6
9
9
5
4
0
1
8
5
4
9
10
4
14
2
2
7
3
1
5
8
3
7
9
6
5
8
14
12
10
6
17
7
15
9
3
11
0
12
0
5
6
4
8
12
3
12
4
0
0
2
0
7
3
1
3
8
7
4
0
10
3
11
3
5
7
4
5
9
2
11
13
0
2
14
10
5
13
4
2
11
10
2
9
8
13
0
9
4
3
8
0
2
0
8
0
8
10
4
9
2
5
0
13
6
4
12
7
0
3
17
5
17
4
6
12
4
0
5
6
9
16
1
4
9
6
10
13
6
5
10
7
3
17
11
14
5
7
7
2
2
7
10
10
11
3
9
3
10
4
5
11
13
6
14
12
4
10
0
0
2
0
0
4
8
14
3
10
6
3
13
8
13
2
5
8
3
1
5
3
8
3
8
8
14
6
13
0
4
18
3
12
2
14
16
0
8
13
4
12
13
5
9
