15
6
13
3
18
3
2
0
9
1
6
3
3
20
7
10
9
5
6
6
6
5
9
2
4
1
2
6
6
10
3
10
1
5
1
4
2
10
10
4
9
6
6
11
17
0
4
6
5
5
13
2
6
0
5
6
8
2
4
10
9
11
4
12
7
4
7
7
5
5
1
15
4
7
5
5
8
6
9
1
1
8
12
12
8
6
13
2
3
9
5
9
9
8
2
11
0
5
6
12
9
6
0
10
1
0
5
7
9
0
8
5
0
9
0
9
5
5
6
5
14
10
4
11
4
6
6
2
6
7
7
5
8
13
5
9
0
7
7
2
2
11
6
0
2
0
0
9
9
0
2
8
5
0
2
8
4
4
8
5
9
1
2
3
7
8
6
4
7
0
3
0
4
0
5
0
4
7
8
16
3
0
5
2
6
3
15
4
7
9
12
9
7
7
3
0
4
5
13
3
8
4
3
1
5
5
8
3
5
7
9
4
11
0
5
4
6
10
3
4
4
6
12
4
8
5
0
3
0
7
11
3
2
0
10
7
1
2
10
6
10
2
5
2
5
1
11
1
8
10
2
3
1
5
5
12
3
6
5
7
12
4
6
9
1
7
1
13
0
6
9
2
8
9
12
5
3
5
5
4
5
12
4
2
6
5
4
3
7
