1
12
8
12
4
5
2
7
1
8
8
7
9
5
7
20
4
14
0
8
3
9
13
0
11
3
11
13
9
6
3
5
5
15
5
5
13
4
10
5
9
10
1
6
4
17
3
11
5
1
6
9
6
11
10
4
2
8
10
9
5
6
17
0
8
7
7
8
7
14
5
13
1
1
5
8
6
6
11
7
4
8
7
7
3
5
5
1
12
3
7
4
4
6
9
3
6
12
10
6
2
8
0
14
9
6
5
9
10
12
7
13
8
11
9
3
11
14
7
10
4
2
3
3
4
11
3
3
4
7
5
11
7
3
3
13
2
0
4
14
12
0
5
13
11
8
7
4
9
0
4
5
2
0
9
8
9
19
0
6
8
7
11
5
4
5
4
12
5
4
1
6
4
3
10
8
6
18
6
14
0
1
12
12
5
15
12
1
5
10
11
2
11
9
12
12
14
6
5
0
7
10
3
12
11
9
7
3
9
10
3
2
4
5
4
4
9
6
1
10
13
12
9
5
0
6
4
4
9
8
1
14
7
12
1
4
10
0
4
6
14
18
13
2
9
1
11
7
0
4
6
3
0
3
3
7
4
2
0
3
2
3
6
2
3
10
2
3
1
14
7
5
4
3
18
2
5
7
7
0
4
0
11
2
1
0
0
5
3
