11
9
5
4
1
4
11
3
3
3
5
6
11
13
11
8
5
5
10
7
1
14
1
3
12
0
0
3
7
2
6
7
5
8
4
1
4
2
0
2
9
6
1
7
8
8
0
9
13
5
5
4
5
15
6
6
13
10
3
1
14
2
10
8
0
5
5
11
6
11
5
7
8
8
2
11
0
0
12
4
6
5
5
4
7
5
3
5
0
4
4
7
2
7
3
8
17
4
5
9
7
2
2
7
11
9
4
6
10
0
2
5
4
6
6
10
4
2
5
7
9
14
2
8
7
7
10
14
5
9
5
12
11
7
12
6
0
8
0
9
9
11
1
3
2
11
4
4
0
0
11
8
3
5
8
11
9
6
4
9
10
4
5
2
1
4
6
4
1
6
2
0
2
1
2
7
9
6
4
4
9
4
2
1
3
6
4
6
4
5
1
20
7
4
10
11
6
1
6
8
2
5
2
7
0
10
12
3
1
7
7
7
4
7
8
6
6
8
5
2
3
4
13
6
1
9
1
9
5
4
3
1
3
14
4
5
7
4
3
3
2
1
5
2
2
1
6
7
0
3
4
3
10
3
6
3
4
1
9
14
1
13
3
4
9
11
6
3
16
11
4
3
11
7
2
0
5
8
2
6
8
4
9
1
11
6
5
10
6
