4
3
2
6
1
6
10
13
1
11
6
5
8
6
14
14
9
9
8
10
2
11
16
8
10
2
6
7
10
12
8
0
6
4
9
2
8
19
12
11
9
15
11
0
6
1
2
10
9
2
2
8
12
4
3
4
13
10
7
15
5
13
2
5
3
4
10
5
7
8
4
13
0
3
6
6
2
1
0
1
10
7
11
3
10
3
0
3
8
0
1
3
8
2
2
4
2
4
7
5
0
0
11
0
11
14
3
5
14
5
6
0
1
7
0
8
2
3
10
4
12
14
8
0
0
11
4
0
5
10
11
20
13
13
8
5
4
4
6
6
0
8
7
13
2
8
9
4
4
5
5
0
7
2
17
1
7
6
11
5
5
5
11
4
0
6
2
3
2
14
6
10
0
4
5
6
8
2
17
0
11
7
19
6
4
8
10
6
1
0
0
0
2
6
7
5
11
6
19
7
5
0
3
10
12
13
10
10
13
1
8
12
6
8
0
14
4
3
4
10
2
11
3
2
8
2
3
16
7
13
2
4
12
9
0
12
7
3
17
6
11
4
0
3
11
2
0
1
13
10
2
6
3
1
9
8
10
9
4
10
4
10
6
8
6
9
3
12
5
13
11
7
5
16
16
5
5
6
11
8
3
8
1
7
1
1
4
0
3
