2
10
8
2
1
0
19
10
0
10
4
5
6
9
1
5
8
6
5
8
3
19
3
11
4
1
0
2
15
5
3
11
3
8
5
8
12
11
0
9
2
1
4
1
11
6
5
1
0
2
10
6
4
9
9
9
3
8
7
0
4
8
4
0
9
0
11
4
7
5
1
6
5
8
8
3
14
0
12
12
0
4
5
0
11
10
13
0
3
10
9
7
6
3
6
3
4
5
7
5
7
13
17
10
4
7
4
7
1
4
12
10
11
0
7
9
0
7
4
17
4
8
7
8
0
3
5
9
6
0
3
15
12
0
12
5
9
11
12
4
0
0
12
6
0
4
4
11
14
10
8
3
1
4
7
10
6
6
9
2
5
3
4
7
4
6
9
9
4
12
13
4
2
1
3
4
9
8
11
5
6
9
6
7
3
3
12
8
6
5
0
9
9
11
1
10
4
0
2
13
7
10
2
0
0
7
10
0
4
5
20
11
7
6
10
0
13
17
3
1
5
8
2
1
9
1
14
12
1
9
8
10
7
3
5
1
3
8
3
4
7
5
6
17
6
8
3
2
12
3
9
9
8
8
7
1
13
10
0
12
7
5
13
2
3
10
0
0
13
6
5
3
1
15
3
11
10
6
12
11
6
9
1
0
7
7
4
12
1
