15
3
0
6
6
7
15
0
0
6
7
8
7
4
4
2
11
5
5
12
10
8
0
11
5
2
5
0
14
8
8
5
12
2
1
3
3
6
0
6
12
6
19
0
7
5
3
5
10
1
7
7
3
5
4
2
0
0
3
3
6
6
3
16
0
7
5
7
0
8
4
5
12
6
3
2
20
8
5
6
8
16
4
5
0
0
3
10
3
1
9
6
3
8
16
6
10
7
1
10
2
0
2
9
3
7
11
6
1
8
6
0
2
15
9
9
4
6
4
10
8
5
1
6
10
0
7
3
3
3
4
6
0
12
2
11
6
4
1
4
5
6
2
0
3
7
15
8
5
4
0
8
10
9
10
8
5
8
5
7
8
15
0
9
3
6
4
6
7
4
5
3
5
8
2
6
3
2
0
1
11
4
5
0
5
14
11
10
5
4
2
7
0
7
9
6
4
11
13
8
7
4
6
11
0
0
4
10
2
0
10
7
3
2
9
7
11
8
5
13
9
5
13
6
12
3
3
11
8
6
5
19
10
8
5
8
9
0
11
2
5
6
3
12
1
1
4
8
4
0
2
11
5
11
1
5
6
9
9
9
4
12
5
1
7
3
19
10
10
2
4
4
9
0
5
8
3
9
7
10
5
9
3
6
2
7
3
11
15
