8
7
11
0
1
6
3
0
7
12
13
9
2
8
2
8
7
12
2
5
16
9
4
20
1
0
6
6
5
1
1
0
8
0
5
4
6
6
6
10
4
9
3
3
0
7
14
2
2
6
8
5
18
1
9
0
5
3
4
4
8
10
5
15
4
3
1
5
11
0
5
3
2
2
5
1
17
16
6
5
6
6
4
7
1
12
7
9
14
5
13
1
4
4
4
1
3
6
6
5
9
9
5
1
13
4
7
5
0
6
9
11
4
6
13
5
7
0
7
5
5
6
3
5
2
0
9
7
5
5
4
6
10
0
6
7
1
14
6
10
10
8
11
1
7
9
0
2
5
13
4
6
8
8
0
5
16
17
0
9
8
3
0
8
4
5
0
8
13
2
8
4
8
12
6
9
6
6
3
10
11
0
6
2
0
0
0
3
8
0
3
8
3
17
6
7
10
1
2
11
8
4
14
2
2
12
8
14
10
0
3
6
1
1
0
1
2
13
11
3
11
15
11
9
13
1
3
7
6
9
2
11
0
8
4
1
11
2
14
0
8
6
11
10
12
8
9
4
7
8
7
0
5
10
2
6
17
6
13
2
1
7
3
3
6
0
7
8
9
3
3
8
4
8
5
11
0
12
7
1
4
4
9
8
3
12
14
10
7
