1
8
4
2
11
4
1
7
5
2
8
5
20
15
9
6
10
12
4
1
7
5
8
10
4
9
14
5
1
0
5
7
3
7
14
6
1
16
6
11
16
6
2
6
3
6
17
8
8
5
5
9
0
0
8
7
10
6
0
0
17
3
7
6
11
0
4
17
9
1
10
10
0
4
8
8
10
8
10
4
5
6
12
3
15
6
7
1
4
4
0
4
11
10
14
6
7
13
13
16
6
17
13
4
6
10
2
10
4
3
1
4
1
0
9
16
10
6
9
14
8
4
1
1
8
13
5
15
15
11
7
2
0
9
2
15
9
9
4
13
6
3
10
12
2
9
6
4
4
5
0
6
4
7
5
7
12
7
6
12
11
6
9
1
0
6
7
6
3
9
16
5
7
6
15
0
2
2
1
4
6
2
2
4
1
5
10
9
9
11
3
13
8
5
7
7
8
1
4
2
0
7
8
10
1
2
5
0
8
6
7
4
2
6
0
8
14
1
11
8
0
5
5
6
5
1
3
10
1
14
8
4
15
1
8
7
12
16
9
6
18
5
14
10
7
11
7
6
5
2
3
0
7
8
1
4
10
4
3
0
9
1
15
14
12
7
3
9
5
3
3
15
17
13
0
2
15
1
13
7
8
15
11
3
15
10
4
3
6
