5
9
5
6
5
5
5
3
0
5
2
7
3
5
9
3
2
0
2
2
3
4
9
5
20
4
7
7
4
7
8
7
8
0
4
8
6
7
7
2
5
13
3
9
1
0
2
3
0
12
2
5
7
3
2
15
11
7
8
6
9
0
5
2
6
5
4
4
6
3
8
1
4
5
0
6
6
9
5
7
0
12
6
12
9
4
10
7
12
3
10
4
3
12
6
4
7
2
0
6
13
7
1
1
7
9
1
6
11
2
9
0
11
0
2
0
8
7
8
2
4
0
4
8
3
11
3
7
1
5
1
8
2
5
2
8
8
6
6
5
5
6
15
7
3
3
3
3
9
1
4
0
11
5
7
4
1
6
4
0
7
3
6
5
6
3
2
6
16
3
8
1
11
3
5
0
5
5
10
7
2
7
4
9
5
0
3
5
6
12
7
0
4
7
7
4
9
7
2
1
1
1
3
9
1
10
5
8
3
0
5
10
4
2
3
10
3
1
0
7
0
2
15
7
1
1
6
5
7
0
18
4
13
0
9
2
4
15
3
12
2
6
3
1
7
5
3
12
0
2
7
8
0
4
4
6
8
1
9
3
4
7
2
0
8
4
2
3
12
2
3
5
7
13
6
8
2
9
0
5
3
10
1
8
0
3
6
6
4
