3
10
0
2
4
6
3
3
17
2
8
4
8
9
4
15
3
3
11
0
8
7
0
11
3
5
8
1
5
18
0
4
3
12
0
5
2
14
7
8
7
9
11
10
1
20
3
8
8
12
7
14
5
6
8
6
7
11
11
9
1
16
2
4
9
0
3
9
6
5
1
10
4
6
0
0
0
3
6
15
3
14
10
12
12
4
5
3
10
6
1
14
10
12
6
7
10
8
13
5
5
11
8
0
5
3
7
6
0
8
2
8
15
7
7
11
7
11
1
2
1
6
4
0
9
11
11
7
11
2
13
3
1
12
9
14
8
10
8
6
7
2
8
8
15
0
8
6
1
3
3
11
2
8
1
14
11
5
9
7
12
12
0
5
7
10
0
9
3
4
10
8
5
8
1
8
13
9
0
4
10
3
12
3
6
8
7
7
9
0
12
3
8
6
9
9
14
8
2
0
0
0
8
1
5
9
6
16
7
10
14
11
10
3
18
7
7
17
7
5
13
1
10
6
19
10
0
4
10
12
9
7
6
10
0
0
14
15
1
5
8
7
8
12
3
8
13
7
1
12
13
6
4
0
6
5
8
10
0
7
11
12
3
10
12
0
8
10
0
13
3
5
13
12
12
11
4
8
13
8
14
10
10
12
9
5
6
19
9
