4
1
5
0
4
0
4
3
7
5
1
0
8
0
1
0
0
10
4
7
1
4
0
5
10
3
7
6
8
4
5
0
9
6
1
1
4
5
5
2
4
2
1
6
5
4
3
8
4
3
1
0
3
8
5
5
8
7
2
0
3
1
3
3
5
0
7
9
2
6
5
9
12
0
2
3
2
6
3
4
1
2
7
5
6
1
6
10
5
0
8
3
2
4
0
4
0
5
9
5
5
6
9
3
12
2
11
4
11
5
2
4
2
4
4
5
6
9
3
0
0
8
9
19
1
2
2
6
0
3
4
7
6
5
7
2
4
6
1
13
3
7
2
11
4
13
1
1
10
4
7
5
7
6
2
8
0
10
8
5
5
13
2
3
0
8
6
9
5
6
0
11
8
4
4
9
1
8
3
8
6
5
0
5
2
1
4
9
3
0
2
4
5
8
6
8
0
3
3
8
3
0
3
2
8
7
7
1
2
0
1
4
0
5
7
4
4
3
5
3
2
7
3
6
1
2
0
6
1
0
5
3
2
5
1
4
6
6
4
6
6
9
20
6
2
6
7
12
6
7
0
4
8
9
1
7
4
6
2
4
5
8
3
3
3
9
5
6
10
1
5
3
0
7
7
10
11
7
10
5
4
1
3
7
0
0
1
4
9
