14
8
6
10
10
11
17
1
8
2
1
7
3
4
3
1
7
4
7
6
8
2
10
7
8
4
11
0
5
3
0
3
8
7
8
3
0
2
10
6
7
15
6
4
7
10
4
7
10
8
0
12
7
12
20
5
0
3
5
12
7
2
11
13
3
8
4
12
5
7
2
15
0
18
12
7
4
11
1
7
9
8
0
3
3
0
6
10
5
9
11
3
12
8
4
7
8
9
4
15
1
1
6
5
3
0
8
12
6
0
10
4
9
11
12
14
11
6
2
5
9
0
9
0
0
8
16
8
4
9
7
6
12
1
2
1
5
16
7
3
5
0
2
6
12
5
4
6
1
7
5
7
6
4
16
6
8
0
10
5
6
1
13
18
7
6
9
1
0
5
9
8
0
5
8
15
1
4
12
7
16
5
9
15
7
10
9
2
9
3
1
12
2
9
8
10
11
5
6
11
4
6
2
7
6
2
2
11
1
11
7
2
3
8
8
9
5
4
0
7
12
7
3
5
5
5
7
0
2
8
10
9
8
11
7
6
8
10
15
8
3
4
9
3
12
7
6
11
6
3
3
1
8
6
5
10
7
0
15
2
5
0
9
8
6
7
8
3
10
6
8
13
16
2
0
9
7
3
4
3
10
7
0
7
5
6
5
12
6
