1
4
3
12
4
8
13
12
10
8
7
13
8
9
6
8
2
5
6
11
6
2
9
2
14
7
4
7
14
8
3
6
3
1
8
2
10
3
3
7
8
4
5
9
5
5
9
3
3
6
3
9
8
12
10
10
7
3
14
0
5
6
0
3
6
13
2
6
12
13
10
3
4
15
3
4
12
8
5
5
6
0
8
5
4
2
7
4
5
11
7
10
8
5
2
14
3
5
9
3
10
11
4
0
4
9
6
3
8
9
5
12
4
7
12
4
4
9
16
10
9
4
4
3
9
0
4
9
6
5
1
6
11
7
8
5
0
11
4
6
12
0
0
5
15
11
2
8
20
7
7
8
6
2
12
0
10
4
10
12
6
4
2
7
11
0
10
8
11
0
7
11
6
0
4
9
0
5
2
8
5
6
3
7
7
8
5
5
3
6
5
8
2
4
3
3
3
16
9
1
4
3
9
5
1
1
6
10
15
3
1
1
4
5
13
12
8
4
5
8
9
4
8
12
6
7
4
7
12
6
3
14
3
1
8
0
12
3
6
8
10
3
3
6
7
5
5
2
7
4
7
0
6
12
12
6
0
12
13
6
2
3
5
0
5
0
6
6
0
14
5
9
6
4
7
8
8
1
8
1
7
6
7
6
4
1
0
11
5
