0
8
5
0
7
5
0
3
6
7
3
6
8
15
6
8
14
2
9
0
2
8
2
0
3
9
9
6
10
9
10
7
4
4
9
4
5
13
0
4
9
10
0
4
1
13
5
7
9
14
4
9
20
7
9
0
9
11
1
7
7
4
5
0
5
2
9
9
1
0
8
3
6
3
1
5
10
3
3
0
0
4
7
5
5
4
9
10
6
5
3
4
6
2
2
5
9
4
1
4
3
3
5
1
8
4
2
2
4
4
4
1
0
0
10
7
8
0
0
8
5
5
6
10
6
11
1
6
7
4
6
3
11
4
2
9
2
2
6
9
4
7
6
6
2
12
10
2
15
0
8
10
5
5
9
2
11
16
6
4
6
5
0
14
8
5
11
10
11
4
6
9
0
4
11
0
8
11
3
6
5
3
0
3
7
5
11
9
0
3
9
1
10
6
8
0
5
2
1
3
5
2
6
8
1
3
6
12
3
5
5
5
2
10
2
3
0
1
7
3
5
7
7
13
4
6
9
6
15
5
6
9
8
0
4
3
4
14
8
5
5
1
1
4
9
6
10
3
0
6
2
2
0
9
12
7
3
4
3
9
8
7
14
9
0
10
3
5
8
4
13
1
2
2
8
8
8
5
8
3
6
5
6
10
2
3
12
8
3
