0
4
1
0
9
5
10
11
15
2
3
6
3
9
9
4
8
0
5
13
0
5
11
5
6
11
1
3
1
14
3
1
0
17
9
0
17
9
15
13
9
3
5
10
9
8
4
0
1
8
2
9
0
20
3
4
14
4
8
13
9
0
9
0
0
0
7
9
0
1
5
7
5
9
4
2
7
6
0
0
11
9
6
5
4
10
5
15
0
7
3
15
6
2
0
8
3
4
4
6
15
11
6
2
0
7
17
6
14
4
2
7
4
13
10
8
12
11
13
14
14
2
13
10
4
13
9
1
1
9
3
11
0
3
7
6
7
4
11
6
8
4
7
17
11
0
11
10
10
1
5
7
9
4
11
4
6
10
5
0
4
8
15
18
15
3
1
10
9
9
9
2
19
8
13
9
15
16
13
12
6
4
7
9
5
8
3
12
12
6
3
9
11
13
6
5
12
15
3
6
11
2
10
11
7
8
4
4
8
10
12
13
12
9
7
11
1
7
13
7
2
7
0
10
5
5
2
0
6
8
8
11
7
2
1
11
7
11
0
3
10
10
10
6
4
10
11
15
10
6
5
6
7
10
6
7
4
11
1
6
6
5
5
16
11
11
11
16
2
7
2
4
10
1
5
13
12
9
13
12
13
13
12
6
1
0
8
1
4
