3
0
0
10
8
3
9
13
2
5
7
11
0
4
2
9
8
7
8
3
6
6
2
5
8
4
10
5
6
6
2
2
7
11
14
0
12
6
7
2
4
2
1
1
15
4
1
3
8
16
0
16
6
9
4
6
10
3
11
7
5
0
11
6
18
13
13
9
3
6
2
2
1
2
0
6
2
0
10
11
1
1
8
18
8
1
2
0
2
7
0
9
7
8
3
7
2
1
3
6
2
0
5
1
8
10
12
2
2
5
0
1
8
0
6
0
4
9
6
8
10
4
0
7
3
13
6
3
2
9
11
10
8
8
9
3
0
6
9
1
10
8
6
3
6
6
2
5
4
6
5
9
5
7
9
6
16
10
3
8
10
4
12
7
12
0
14
9
6
10
3
1
4
11
8
11
8
5
15
6
1
7
6
4
0
6
6
4
5
2
9
14
13
0
7
4
16
6
0
6
1
2
14
6
7
4
5
7
3
10
3
7
2
4
1
7
2
0
0
2
6
13
0
1
1
3
0
5
9
7
4
9
7
16
0
4
8
3
4
7
7
11
11
16
3
4
9
2
4
8
2
4
6
13
1
12
2
1
10
13
3
7
2
8
4
5
9
6
0
0
2
7
9
16
9
8
0
6
8
0
20
10
3
8
16
8
4
6
10
