4
8
14
4
2
0
12
10
5
10
10
7
6
1
4
4
1
8
15
6
4
10
9
2
6
11
7
9
4
3
0
7
11
15
5
8
1
11
5
2
7
11
10
2
15
10
1
4
8
8
10
3
4
13
4
1
6
6
8
12
8
3
11
1
4
5
6
1
7
6
5
11
2
6
6
0
2
5
9
11
4
3
5
3
10
6
4
2
14
9
12
6
1
11
7
8
2
8
6
8
2
13
10
8
16
5
15
4
13
4
11
11
9
2
3
10
15
10
8
9
9
4
3
7
2
2
0
0
9
0
7
7
9
7
13
11
14
0
6
0
13
7
12
4
6
7
11
1
1
6
12
6
5
3
10
6
3
0
11
12
0
11
6
5
7
2
4
1
9
6
2
0
10
3
7
10
3
7
4
1
13
2
4
0
18
13
0
1
8
3
1
5
12
5
1
20
5
6
3
9
9
8
19
13
1
1
10
6
12
6
2
7
10
9
0
11
13
4
0
5
4
3
0
0
8
3
3
0
4
14
6
0
10
8
4
6
5
6
2
1
6
13
8
16
6
2
9
11
10
5
3
13
11
4
19
10
8
0
4
4
6
7
4
13
1
7
3
0
7
11
9
1
9
8
10
9
2
8
6
13
1
0
10
11
14
7
4
10
0
