4
11
13
0
13
3
7
7
11
5
12
6
9
8
1
10
1
1
13
3
4
8
8
3
4
3
7
6
13
10
9
4
5
14
4
15
12
14
8
4
6
5
0
16
9
4
5
1
4
14
0
2
19
0
4
8
7
6
13
6
15
3
7
14
3
15
5
4
20
6
9
6
5
0
1
2
0
15
9
9
0
4
5
7
12
0
14
9
7
5
17
15
11
8
5
6
0
1
11
15
4
4
8
10
5
5
7
3
4
2
1
7
9
15
7
0
4
4
12
3
8
10
0
6
10
8
0
6
2
10
5
0
8
5
4
9
14
7
8
2
13
0
9
5
11
12
6
16
3
13
0
7
0
10
6
11
7
9
17
7
5
11
12
15
14
2
8
5
6
0
3
11
0
7
12
3
4
5
0
7
4
5
12
1
3
19
17
12
3
5
15
5
11
7
6
15
7
13
7
9
5
2
14
11
9
11
15
6
11
1
3
16
11
5
0
4
6
3
5
6
10
8
4
0
14
10
7
5
0
2
10
4
11
2
4
6
16
12
4
9
0
4
13
8
15
4
4
7
3
9
15
9
8
6
1
6
0
6
0
11
4
0
5
12
7
3
10
0
8
2
1
6
14
6
5
17
3
4
7
12
6
10
8
14
9
6
12
5
8
