2
5
0
8
6
0
10
5
6
0
7
12
1
14
1
6
9
3
16
0
12
1
18
0
2
20
7
10
3
8
5
9
12
8
2
5
9
0
0
9
1
3
11
6
8
6
2
6
8
9
11
11
7
11
7
8
15
7
13
12
8
4
11
1
0
5
13
4
4
6
13
9
16
2
5
5
9
9
10
8
7
6
3
3
14
1
1
4
1
2
3
5
3
3
2
16
6
10
3
4
10
3
9
5
7
17
1
11
10
3
10
2
8
2
3
10
4
5
5
10
7
4
2
0
10
4
3
0
6
6
16
7
5
12
1
5
17
0
17
12
5
6
7
13
0
8
4
4
11
7
13
10
6
9
6
6
10
13
11
12
4
1
10
4
1
6
6
17
6
12
15
6
10
16
7
8
16
18
7
7
7
4
6
9
10
5
2
4
2
11
0
12
6
12
8
4
2
14
14
5
7
9
3
10
8
6
9
4
11
0
0
9
11
11
10
1
3
4
6
3
6
0
5
5
9
7
0
11
7
10
11
6
12
11
7
1
2
8
7
15
13
0
5
11
10
8
4
18
4
5
13
6
9
3
4
3
9
9
11
12
3
8
11
14
7
17
1
15
11
6
4
12
7
5
0
13
8
7
8
8
4
9
2
16
13
10
16
4
10
