5
4
9
1
4
5
1
2
15
6
5
7
2
7
7
9
14
5
0
13
10
10
0
7
8
0
6
15
13
12
9
17
3
7
8
13
10
16
1
16
6
0
6
2
6
10
10
7
0
0
12
6
5
0
2
4
8
1
2
18
2
5
4
12
14
5
3
2
17
3
3
8
3
3
5
3
12
11
18
6
2
6
1
4
5
3
10
3
7
6
11
10
8
4
12
4
7
2
13
2
2
0
6
3
0
6
4
2
18
4
9
4
6
6
5
5
2
0
5
0
11
10
9
11
8
4
4
8
8
7
13
4
12
11
0
2
12
8
6
2
1
8
10
6
7
8
5
3
9
8
17
2
15
6
3
8
7
8
11
1
10
15
7
7
5
6
11
13
5
10
1
13
13
12
0
6
0
7
15
5
1
3
8
16
14
0
13
0
5
11
6
0
1
6
7
5
2
4
0
11
17
0
5
1
10
2
8
3
1
2
1
3
11
11
6
9
10
4
11
0
11
2
2
7
1
0
12
9
2
7
11
7
0
6
4
0
11
16
7
1
4
3
3
2
10
9
4
4
15
8
17
2
20
9
2
4
5
10
6
9
6
19
6
11
10
1
10
10
4
6
11
18
7
12
5
1
5
6
11
10
9
5
0
3
11
6
4
14
7
