3
13
8
0
2
0
6
9
4
16
6
11
3
4
7
0
1
3
0
0
4
11
6
8
12
12
12
0
5
12
2
13
8
8
7
3
7
13
4
9
8
4
11
7
0
4
4
1
9
13
3
14
0
4
7
16
4
1
6
5
5
11
1
6
5
8
6
11
2
17
12
4
5
9
8
8
12
9
7
1
2
9
4
0
2
5
6
11
9
10
8
4
8
6
2
13
9
2
0
3
1
11
3
6
3
6
14
2
4
3
7
4
0
18
6
11
5
6
7
8
9
0
12
5
8
10
9
2
11
11
11
3
14
11
10
10
11
9
10
0
10
9
2
4
5
4
1
6
12
1
10
5
2
5
10
3
9
10
12
12
12
1
11
8
7
4
16
1
10
17
5
12
5
1
4
8
6
8
10
5
8
4
7
10
6
4
1
9
5
9
11
12
8
16
1
3
1
9
6
11
1
20
11
5
9
8
4
4
7
0
12
5
2
6
7
3
9
1
11
0
15
6
0
11
8
4
12
7
4
9
4
0
5
12
0
0
15
10
1
14
2
3
7
9
8
8
13
0
4
4
8
14
7
13
4
5
1
3
7
8
0
10
7
5
6
8
8
8
9
5
13
6
19
4
11
7
11
3
11
8
7
3
5
8
4
15
4
8
16
