11
4
9
6
11
1
10
2
9
14
13
0
3
4
17
6
4
9
12
14
13
2
5
4
5
0
6
8
8
2
6
2
0
0
5
2
1
13
13
16
16
2
2
5
2
0
1
14
3
4
9
8
9
12
10
12
5
0
8
9
7
15
8
14
17
8
5
6
6
11
15
9
11
15
10
0
4
6
7
11
11
6
3
10
5
12
14
3
12
2
3
9
9
6
1
0
10
8
15
8
10
3
7
12
4
6
9
1
16
0
15
13
10
13
1
7
13
3
0
5
0
3
12
9
4
7
0
14
8
15
7
4
8
7
2
8
5
6
0
3
1
5
3
1
10
6
5
13
11
10
7
4
11
6
6
0
6
2
3
4
13
1
0
11
1
0
9
9
13
7
6
11
10
7
3
11
6
7
11
13
0
9
9
12
0
11
5
8
3
2
0
4
6
4
0
5
6
7
6
7
20
3
9
10
3
6
1
3
2
6
2
0
9
4
2
10
5
6
13
3
0
6
0
12
11
8
0
7
12
10
2
6
6
11
2
12
10
1
7
8
2
14
2
12
17
9
9
5
13
5
4
11
5
3
3
5
1
7
0
9
6
2
8
2
10
14
17
8
9
6
4
4
4
4
7
16
0
2
4
8
3
13
1
12
12
15
6
4
4
