19
7
7
5
0
9
8
3
5
9
0
1
7
7
12
5
3
6
14
7
0
4
13
6
7
12
10
8
0
6
4
10
0
8
10
9
7
4
0
5
5
10
2
3
9
4
10
1
0
1
20
4
4
5
6
3
10
9
5
1
14
3
9
3
2
1
9
0
11
8
9
7
6
9
1
2
9
0
16
2
5
0
14
10
0
4
2
15
7
3
8
0
2
10
4
4
9
9
12
10
0
8
0
5
8
5
6
8
4
1
8
5
6
9
5
9
12
6
8
0
7
0
8
4
8
12
2
7
7
7
4
2
0
7
2
5
6
1
3
0
6
1
6
9
7
3
9
3
2
1
0
9
7
5
6
8
7
12
4
4
4
1
10
6
5
3
6
8
13
1
6
8
9
11
3
6
7
3
10
4
4
0
1
7
3
6
11
0
7
0
6
0
1
12
0
11
7
6
8
12
0
1
10
2
5
7
15
3
1
0
14
7
11
1
0
1
1
6
6
3
8
9
3
9
8
5
5
10
11
2
4
10
2
3
10
6
3
12
10
12
3
5
3
13
6
0
8
0
5
10
8
11
7
2
9
11
8
1
0
9
1
12
8
0
2
14
9
4
6
6
3
13
4
12
7
6
0
8
8
4
5
0
4
2
9
7
8
6
0
