0
3
12
1
3
4
10
0
6
5
6
4
7
18
7
7
6
5
1
13
1
1
12
4
4
3
2
9
6
7
0
7
4
6
2
11
4
0
10
2
4
3
13
6
12
4
1
2
5
4
1
7
6
1
7
5
6
1
6
5
8
14
4
1
3
7
4
6
13
5
5
6
3
1
6
5
4
7
3
6
0
3
4
6
10
2
2
7
1
2
0
0
5
1
9
11
5
5
5
3
0
4
12
8
3
6
3
1
0
4
10
7
6
13
8
8
15
6
10
0
8
5
0
7
0
1
4
6
8
8
8
13
9
5
2
5
2
12
1
0
20
2
8
10
5
0
14
0
8
3
0
6
7
3
13
2
6
7
11
7
9
11
12
5
4
5
3
5
4
6
0
10
9
0
5
6
7
6
15
4
3
7
9
12
4
3
0
12
2
4
7
7
4
10
2
11
2
9
3
8
6
10
5
10
0
1
2
1
5
2
11
5
5
9
7
1
14
2
9
0
11
9
8
8
7
12
4
7
12
13
2
4
7
11
6
11
3
8
1
1
11
4
10
6
8
6
1
4
10
6
11
13
1
17
10
5
8
4
4
0
5
6
4
8
5
0
6
3
13
10
6
7
6
3
0
5
13
4
11
7
4
4
1
1
11
6
5
8
4
