7
4
4
10
2
10
12
18
12
7
11
0
3
2
1
13
10
2
5
6
11
6
0
13
12
8
2
5
4
5
6
10
5
9
9
20
1
0
2
4
2
9
10
6
10
15
4
6
1
7
0
9
5
7
4
12
3
9
5
6
11
8
15
2
7
4
12
3
5
2
7
3
3
5
3
0
9
7
0
6
0
0
11
6
11
13
8
3
8
4
14
3
4
0
8
3
8
12
6
14
3
12
3
0
0
10
2
6
17
0
5
11
6
9
1
2
10
6
6
9
14
17
6
8
13
2
7
8
5
14
4
2
8
6
6
5
13
5
0
5
11
5
11
7
7
16
3
14
1
14
3
5
14
7
16
0
2
5
5
8
4
10
4
3
11
8
7
0
6
9
10
10
3
8
12
11
13
13
5
4
14
0
3
3
12
10
3
10
12
6
4
8
5
6
8
7
6
10
6
12
4
6
3
6
3
4
13
9
1
4
5
1
0
3
11
14
13
17
6
15
6
3
10
3
6
6
2
9
9
3
19
8
5
9
2
11
12
7
9
5
0
11
4
0
6
7
8
7
10
15
2
7
5
7
1
3
0
13
3
7
10
4
5
1
12
2
3
1
4
3
5
11
5
0
12
15
8
0
5
0
8
2
0
13
15
1
8
4
2
