2
5
7
3
5
7
4
2
4
3
4
14
11
1
9
0
4
14
4
7
8
2
2
6
12
8
5
2
5
11
16
9
8
4
3
0
5
8
5
7
10
16
14
6
5
5
10
8
8
10
9
3
4
8
3
6
11
7
7
6
12
5
10
2
10
6
15
8
7
10
4
10
1
10
6
12
0
1
5
8
13
14
2
16
14
7
7
5
7
1
9
7
0
6
6
7
1
4
15
0
9
9
8
13
13
14
6
2
14
5
11
5
5
7
0
3
6
4
3
10
1
9
6
5
6
7
2
9
0
12
5
8
0
4
7
12
7
11
7
14
3
9
5
14
8
14
8
18
7
7
8
3
18
15
17
5
7
7
17
6
2
4
3
10
3
0
1
5
11
5
3
5
2
9
8
4
0
5
0
16
1
0
6
20
6
5
7
13
0
13
10
5
7
6
2
16
4
4
5
8
2
11
3
8
6
8
13
4
13
10
15
6
11
6
6
1
6
10
10
1
4
0
12
7
6
8
2
4
5
7
1
5
7
6
8
7
2
1
13
2
3
5
0
6
3
14
3
7
2
4
8
7
5
5
16
17
7
6
6
6
2
9
10
7
10
18
7
19
3
2
1
5
4
7
0
8
0
11
7
12
7
12
3
5
6
10
0
15
6
