8
0
10
5
12
9
2
6
10
6
7
5
12
5
12
0
7
10
12
6
1
7
7
12
1
8
7
9
5
3
13
8
8
8
8
2
12
11
4
15
2
2
6
1
7
3
7
4
7
4
12
4
7
7
7
11
4
11
3
7
7
3
6
0
3
10
0
2
0
7
10
2
6
7
12
13
0
2
7
3
4
9
6
6
5
5
2
3
4
13
10
6
8
10
4
9
3
10
12
3
6
12
8
4
7
10
0
5
8
8
2
3
5
6
9
0
3
1
10
5
0
0
2
2
8
7
5
5
7
6
1
9
7
7
10
6
10
5
2
11
11
8
13
6
0
9
0
4
0
10
7
0
7
11
4
1
12
4
6
6
6
4
4
1
9
8
11
4
7
5
5
0
4
10
16
0
13
4
10
9
9
4
8
6
4
2
4
3
12
2
11
15
6
2
10
10
9
2
5
6
12
10
6
8
20
16
8
8
2
6
4
1
4
0
4
2
4
8
11
9
3
6
3
3
3
12
7
14
13
12
9
4
8
10
11
9
11
10
0
15
6
5
13
10
4
6
0
6
12
12
5
4
3
4
4
9
12
4
10
0
3
3
1
6
11
8
9
14
5
11
8
3
7
11
2
3
7
4
8
10
4
1
9
13
2
14
5
11
10
