8
3
4
4
5
11
5
10
3
1
2
0
0
10
4
3
2
10
2
10
0
3
18
10
6
2
0
14
0
11
9
2
17
9
9
4
2
3
10
8
9
0
6
2
1
12
0
10
2
9
2
4
5
5
5
8
0
0
4
4
11
0
6
16
0
6
3
9
4
12
9
3
3
16
8
1
20
11
10
0
6
1
2
8
7
0
0
1
8
1
1
6
1
3
11
7
7
6
7
6
7
5
9
2
8
3
10
7
4
5
5
9
13
3
7
8
0
7
5
0
3
0
6
11
6
6
10
3
8
4
5
0
3
0
5
0
5
10
2
1
11
3
7
4
2
4
4
0
10
2
6
8
1
5
3
9
7
12
3
7
7
1
10
2
10
4
2
8
5
17
3
6
5
0
2
10
11
5
10
2
0
2
2
7
5
6
4
5
6
2
3
0
12
3
5
7
11
6
2
4
2
7
7
12
8
2
14
9
10
9
6
12
14
5
12
3
8
1
1
7
3
8
4
8
0
11
13
8
6
1
4
5
5
6
3
10
6
3
5
2
11
12
15
5
5
0
2
0
11
2
4
11
0
8
7
18
3
1
4
4
1
2
9
9
2
7
14
7
7
2
4
7
14
14
3
4
10
2
9
8
6
5
6
5
5
10
7
12
1
