5
5
1
5
5
9
11
4
4
9
2
20
10
6
4
5
1
11
3
9
9
4
0
10
9
4
3
3
8
8
4
9
1
2
5
2
5
4
5
1
6
7
7
5
7
6
3
4
0
7
8
11
6
5
5
0
5
4
12
6
10
5
2
0
7
14
4
10
0
4
4
0
3
18
5
10
9
4
0
3
15
2
0
3
7
3
0
8
11
12
1
15
4
2
13
11
7
5
6
7
10
6
4
5
6
8
4
0
8
6
5
5
1
3
2
4
1
5
4
2
5
13
14
7
0
2
8
3
0
1
5
3
9
3
7
11
13
2
1
7
3
10
5
2
3
1
6
4
4
3
6
6
2
2
7
15
5
7
3
8
9
5
7
1
14
8
3
7
0
3
4
6
0
6
3
5
9
2
1
0
10
0
8
7
5
8
3
9
5
7
0
4
3
7
0
3
8
6
7
9
6
7
6
4
1
5
2
6
10
8
4
5
10
4
1
4
8
0
2
6
1
6
0
1
6
0
3
14
6
14
2
6
7
1
1
9
4
3
3
4
10
14
3
5
3
1
2
4
1
4
7
13
4
5
7
15
6
0
1
5
4
6
15
3
10
12
9
10
1
5
6
2
2
3
2
5
5
15
7
4
10
7
6
5
0
6
4
2
1
