10
13
5
6
12
4
5
10
6
15
10
5
0
3
2
10
18
9
9
1
3
5
14
4
4
17
3
7
2
12
7
10
2
7
1
12
3
4
0
5
5
12
5
7
3
2
6
8
6
10
3
13
1
9
10
10
0
8
5
2
3
6
11
3
12
5
0
3
5
10
5
9
10
8
16
0
5
6
0
0
13
8
6
3
5
8
4
6
9
8
6
3
12
0
5
13
6
6
4
2
12
3
7
11
0
4
3
6
7
16
10
12
7
3
7
4
4
2
7
4
0
4
2
0
7
2
8
13
4
5
6
9
4
3
9
3
1
0
5
2
9
13
10
8
3
10
6
4
10
5
0
8
13
13
4
10
2
1
6
12
13
13
1
5
4
4
10
14
4
15
11
9
2
4
15
5
8
3
1
12
7
15
3
7
2
9
13
17
6
8
0
1
6
10
0
6
8
4
0
6
1
10
8
11
12
13
5
7
7
8
20
0
16
14
1
10
14
4
16
7
16
8
9
0
2
9
10
9
10
6
17
7
10
12
9
5
18
5
6
11
6
8
0
3
13
10
1
14
2
2
14
2
10
5
4
1
4
11
7
5
9
0
7
15
10
3
0
9
8
5
13
8
14
0
14
4
8
11
2
0
7
9
4
10
0
17
5
3
2
