6
3
0
8
2
2
4
8
8
0
10
13
10
7
4
6
4
3
2
9
13
5
5
3
2
3
8
5
0
4
7
9
4
0
4
4
7
9
5
0
0
4
12
5
13
8
4
0
14
2
5
16
7
12
9
5
8
2
14
5
7
2
9
2
5
7
13
13
12
1
6
7
5
7
0
9
2
7
0
10
10
8
1
6
13
0
17
9
12
6
1
7
1
13
5
7
7
0
9
3
5
4
1
0
4
9
7
7
4
6
9
16
1
0
11
9
4
5
2
5
9
4
10
0
5
4
6
12
1
14
5
3
13
11
0
0
9
5
8
11
14
1
0
0
2
9
2
2
0
1
11
0
16
3
2
7
9
6
9
10
4
4
8
2
13
0
4
5
4
3
13
2
6
11
9
10
6
4
6
17
6
16
7
6
6
10
4
8
11
11
5
9
8
9
3
1
10
0
12
4
5
7
5
0
0
12
5
10
4
0
8
12
9
0
4
5
1
8
3
0
3
15
3
6
15
2
2
9
1
8
3
0
9
0
12
6
1
3
2
1
9
4
9
0
2
7
5
2
7
7
2
13
0
3
0
3
0
13
3
1
5
17
0
0
9
14
7
15
5
11
13
0
8
8
2
7
11
5
9
2
7
10
4
1
20
7
6
5
10
