7
16
4
12
4
1
12
15
4
7
7
7
2
5
3
12
4
3
3
1
8
2
2
7
4
7
7
12
2
4
3
7
8
8
2
0
3
9
11
11
6
7
4
6
11
7
5
6
7
10
3
8
1
9
4
6
7
13
4
5
5
4
1
6
9
10
4
9
7
3
2
7
0
2
0
8
12
3
7
15
9
6
4
7
2
4
14
5
4
3
11
7
10
3
0
7
8
7
7
0
12
9
5
4
5
5
6
8
6
0
2
0
12
2
7
1
12
4
4
6
1
1
7
6
0
7
3
2
20
11
4
8
3
5
4
3
3
4
9
3
6
3
4
7
3
1
7
7
12
11
8
9
0
6
5
5
1
13
2
7
3
4
5
6
4
6
10
11
5
4
5
0
0
5
3
8
1
5
4
8
6
12
2
0
12
7
5
6
8
0
6
7
3
3
6
2
3
11
0
9
8
5
8
4
5
12
0
4
2
7
4
7
0
1
15
9
6
7
4
3
7
8
2
1
5
10
7
5
0
8
5
2
6
3
3
6
7
5
0
15
7
8
7
4
1
4
9
13
11
5
3
3
11
11
8
17
5
11
6
8
4
5
5
5
7
9
15
4
6
0
10
1
8
3
9
4
11
2
9
2
5
4
11
4
4
10
2
1
3
