7
4
1
10
0
9
0
0
8
15
0
7
15
7
13
8
0
3
3
1
12
11
8
3
14
6
5
9
4
10
0
13
4
13
3
4
2
8
1
4
5
7
7
9
4
14
1
8
8
8
9
16
11
7
13
8
1
4
6
0
8
4
6
4
2
11
5
9
13
8
1
0
9
7
2
6
14
10
4
7
8
12
2
0
7
9
5
2
11
0
3
5
4
1
0
6
2
2
5
13
12
13
0
2
0
7
6
1
7
3
5
11
8
2
20
10
11
7
6
11
7
8
8
0
3
4
7
6
7
5
0
2
11
6
11
5
8
13
6
1
1
5
2
9
5
10
9
0
11
6
6
0
8
5
5
2
4
0
5
0
7
13
11
2
10
1
9
10
1
8
6
0
5
7
6
0
7
2
0
4
0
5
0
6
8
8
7
5
10
14
1
9
8
0
1
2
19
9
7
5
6
11
6
4
9
4
0
3
8
9
4
2
4
10
6
4
0
6
2
5
5
6
8
9
3
13
14
7
1
0
11
4
5
1
12
12
0
5
9
2
7
4
3
8
14
12
4
5
11
1
9
7
0
7
14
4
11
9
0
11
2
0
0
8
3
8
9
6
4
4
2
0
6
3
3
11
0
3
13
1
3
2
6
4
8
1
2
2
8
