3
3
5
10
8
1
5
0
11
13
2
10
7
15
6
10
7
0
8
4
19
8
11
0
14
6
5
0
6
14
7
4
4
14
0
8
5
4
9
0
13
15
13
0
2
0
1
7
8
10
6
13
0
11
3
7
8
8
12
12
7
1
7
0
1
2
4
9
2
8
15
11
0
1
4
1
7
3
5
1
9
3
11
4
9
10
13
10
8
8
6
4
1
12
9
0
10
1
3
11
11
1
7
9
3
0
11
19
9
7
6
4
5
1
11
0
3
6
4
10
5
3
5
10
5
12
5
3
3
16
10
6
3
10
15
14
0
0
7
11
13
2
9
3
16
13
5
3
4
9
6
10
3
15
11
7
12
10
6
9
8
6
6
0
10
0
10
0
2
10
5
4
6
14
13
6
4
10
11
3
9
8
4
8
4
14
10
5
11
6
2
14
3
3
9
9
5
4
15
0
7
7
11
6
1
4
1
9
5
4
7
8
7
6
0
11
0
12
8
9
12
4
4
6
7
9
11
9
16
6
7
0
5
4
16
12
20
16
14
7
11
4
12
7
3
9
12
10
14
7
11
15
10
0
4
0
4
1
9
9
11
16
3
0
0
13
7
10
11
5
11
3
13
9
12
14
9
2
9
10
7
10
8
3
7
7
0
6
10
