10
0
7
4
7
7
1
10
8
4
2
4
1
0
10
4
2
0
12
7
1
9
5
1
2
2
10
10
7
0
7
14
4
6
9
2
0
4
5
11
6
0
1
9
2
4
2
5
7
1
1
4
0
6
2
4
0
9
5
6
8
4
5
5
10
3
7
7
12
1
1
17
9
9
3
2
20
11
3
5
8
5
9
11
3
6
11
1
3
6
16
11
8
10
11
7
0
1
8
2
10
6
2
9
4
11
5
5
5
6
6
4
0
7
14
1
6
8
5
5
3
8
9
8
8
4
12
4
6
3
8
13
4
4
6
9
10
5
7
10
9
3
4
3
3
6
0
7
9
0
3
11
1
0
3
1
3
2
7
18
11
9
0
0
11
6
3
8
6
2
1
6
4
0
1
5
5
4
4
4
10
3
14
14
4
2
9
2
5
0
4
3
0
4
2
5
6
10
2
8
6
6
13
11
3
6
13
1
3
2
2
9
9
4
3
3
4
2
4
0
8
6
5
8
4
7
4
14
11
7
3
6
1
5
10
6
6
6
9
10
2
9
3
8
4
8
8
9
9
6
2
4
0
1
4
4
5
10
5
10
6
15
0
16
1
0
4
4
5
0
15
4
3
3
7
2
5
3
7
3
6
3
10
4
4
11
2
0
8
