4
1
14
2
9
3
7
2
6
6
8
7
9
3
6
11
7
2
5
10
1
6
3
0
4
6
1
8
7
10
9
3
17
1
3
2
12
5
5
0
5
11
6
8
3
3
8
5
0
9
10
6
4
5
11
3
2
9
13
10
5
3
9
0
0
13
6
8
5
0
0
0
8
9
9
0
14
7
0
10
2
6
9
4
4
10
1
14
4
7
6
7
3
3
0
4
5
0
2
10
0
6
2
9
4
0
5
2
5
2
10
1
14
5
8
8
6
11
1
4
3
10
1
9
4
11
6
0
0
2
3
4
7
3
11
7
8
1
5
3
3
6
9
6
9
2
9
11
8
9
8
3
8
7
3
6
8
0
13
3
4
7
2
10
12
9
4
5
0
4
1
11
9
7
11
7
5
5
6
12
1
5
0
6
1
5
0
2
19
0
7
12
2
7
2
4
3
9
7
3
9
1
8
1
6
3
9
2
5
11
3
7
3
0
6
16
10
12
3
0
11
11
11
7
14
10
12
1
2
6
9
2
7
12
3
8
0
2
4
5
5
8
8
5
0
2
6
7
12
6
10
9
1
5
6
5
8
9
3
4
10
5
10
9
1
20
10
7
2
4
6
4
5
5
5
3
4
10
3
7
0
10
0
1
4
11
4
0
2
