6
14
4
9
8
9
5
12
8
10
5
7
15
8
4
17
2
1
1
3
15
8
2
7
4
10
9
7
3
3
9
5
12
8
6
8
12
4
14
15
8
6
6
6
3
8
10
13
7
1
9
11
2
14
2
5
7
7
8
6
5
15
9
10
1
5
1
9
7
7
2
5
2
16
7
7
4
4
11
2
9
0
6
2
1
8
8
5
5
10
5
6
5
0
14
10
4
1
10
5
0
18
9
4
7
1
10
6
6
2
10
12
0
1
13
8
7
5
4
6
6
8
2
9
15
3
1
13
1
12
14
7
14
1
10
8
4
19
2
2
5
5
5
4
11
10
3
7
9
2
9
11
9
7
1
8
16
9
4
6
11
0
6
2
0
18
3
11
2
11
9
7
5
0
8
12
3
9
13
15
17
0
2
11
11
7
11
4
10
4
10
7
5
8
2
6
0
0
0
6
11
5
4
9
14
9
3
6
5
9
11
7
0
0
3
11
7
3
0
6
2
5
14
17
2
1
2
7
4
12
9
17
4
6
7
20
3
9
7
10
13
8
3
0
0
11
7
8
6
3
8
3
1
8
8
7
7
4
5
6
6
10
11
18
0
8
4
3
6
7
3
17
6
7
7
8
0
7
7
5
2
9
0
9
2
5
2
11
0
