11
3
0
9
5
3
0
12
5
13
8
4
10
8
5
7
10
7
3
6
9
3
12
5
0
5
5
8
3
4
4
2
10
11
8
0
13
4
3
5
3
8
12
0
0
0
1
0
9
5
6
7
0
9
4
13
6
8
8
5
8
1
11
8
6
4
9
13
0
6
3
8
5
7
13
2
4
2
6
8
11
7
12
4
8
3
5
3
8
4
9
10
18
20
1
9
3
0
11
0
0
17
2
6
2
10
9
4
0
3
0
2
9
8
3
2
5
4
5
5
11
14
5
5
7
10
7
3
8
7
0
9
1
8
9
9
8
9
8
4
9
7
11
4
4
6
12
13
9
12
5
13
6
0
7
5
7
5
3
10
4
5
7
5
8
5
10
12
4
12
8
0
3
4
10
1
7
9
3
11
4
10
2
4
3
8
8
15
9
10
11
8
13
0
5
12
1
12
12
2
7
0
14
10
4
9
6
9
8
1
5
9
1
7
6
15
8
7
4
6
1
13
13
0
1
7
3
8
8
0
4
3
4
7
10
4
3
0
5
1
9
5
2
4
2
6
8
4
12
8
7
6
4
9
10
0
2
11
2
7
3
0
9
15
3
7
0
16
1
7
3
7
6
5
5
3
0
7
3
2
16
9
17
1
3
11
3
8
13
