11
4
6
2
4
1
0
8
3
3
10
3
0
1
3
18
9
3
6
9
10
5
5
16
7
6
0
1
10
11
5
6
1
7
8
5
3
1
0
11
6
10
8
4
3
0
7
7
4
9
0
6
2
7
7
12
0
8
4
6
15
7
12
16
9
0
0
0
11
4
7
6
3
10
9
2
2
5
10
6
1
1
4
1
1
2
2
15
13
7
0
10
2
6
9
3
7
6
1
14
5
12
0
12
2
10
0
3
2
0
13
14
0
9
3
7
1
12
6
4
6
1
10
0
10
1
9
13
13
6
1
2
11
3
15
8
4
4
4
8
5
9
0
8
7
8
2
4
2
7
2
0
18
5
4
0
9
6
0
2
7
9
13
3
6
4
5
13
10
2
0
8
8
5
2
15
5
0
3
12
5
15
9
6
7
1
5
3
7
12
4
5
16
2
5
0
8
8
9
3
3
9
3
8
4
0
3
11
7
8
5
10
6
11
4
8
7
8
1
6
9
5
13
1
10
0
3
8
1
8
1
6
0
1
0
11
6
5
4
12
2
3
2
4
10
6
0
0
3
2
13
1
3
6
7
3
3
3
8
11
5
4
6
20
4
2
15
6
17
6
10
14
13
13
11
7
4
4
14
4
3
4
5
6
2
8
15
8
1
