0
4
0
10
12
8
12
4
9
20
10
1
7
13
10
14
3
6
5
5
9
7
1
5
9
5
1
2
4
9
1
8
5
11
9
9
4
9
1
2
12
8
1
8
2
8
5
1
11
7
6
3
0
7
9
12
10
7
9
4
0
6
2
5
5
8
14
0
3
3
3
3
0
4
9
4
6
2
6
10
2
7
8
2
9
6
2
2
14
7
2
5
5
6
15
5
6
5
4
0
2
11
13
2
13
13
7
7
6
5
8
6
8
4
13
6
14
12
5
0
4
9
3
2
8
4
8
11
3
4
8
1
5
0
2
0
5
4
5
6
3
11
2
10
4
8
2
7
3
13
13
7
3
11
0
10
7
12
2
4
7
0
4
12
5
1
2
6
10
2
4
12
11
10
8
2
1
6
12
8
10
13
7
0
0
7
2
6
15
2
2
8
12
4
6
5
4
14
0
8
8
9
8
9
7
7
1
4
4
4
6
2
7
11
3
10
9
8
3
3
13
13
1
8
0
8
15
9
7
5
4
13
4
0
0
2
5
0
4
8
11
10
7
9
4
8
5
5
0
3
5
0
1
5
7
6
5
5
3
10
14
2
5
1
3
2
0
6
10
11
1
2
0
5
9
10
8
11
5
15
0
8
5
2
17
8
4
3
6
