7
10
10
12
2
8
5
7
6
3
7
5
9
10
8
3
6
6
0
9
1
12
4
2
1
7
7
9
1
0
4
7
2
8
11
3
4
10
6
6
11
11
12
8
10
12
11
6
5
8
10
1
1
4
12
0
4
7
9
9
9
12
2
6
0
9
8
9
7
10
7
4
2
12
6
11
6
9
7
7
12
1
4
0
12
14
2
13
0
5
0
0
3
11
6
4
0
7
1
3
8
6
5
5
5
13
7
3
9
7
1
4
10
7
7
11
13
9
8
2
10
4
6
10
3
13
9
12
6
13
7
2
2
3
4
7
1
0
0
12
1
11
2
7
15
6
2
2
1
0
0
5
6
0
4
8
1
0
11
2
8
8
0
3
10
8
5
0
8
0
5
12
1
8
10
5
5
5
11
15
6
3
3
2
2
10
7
11
11
7
5
3
9
2
16
7
4
6
8
16
2
4
2
20
4
13
11
12
8
5
0
3
0
1
10
8
10
7
3
0
11
1
9
4
8
4
6
10
1
6
3
0
10
5
11
8
8
12
9
12
11
11
7
6
4
11
3
8
3
2
1
4
5
6
4
17
7
13
10
10
5
4
9
8
6
5
3
8
0
10
5
2
3
4
9
6
8
13
1
13
3
0
7
3
3
6
0
8
5
