5
5
8
12
4
7
0
13
12
0
14
7
11
6
0
13
8
8
8
3
3
6
9
3
4
3
6
8
12
8
7
13
17
11
5
6
6
3
11
16
4
15
4
6
5
13
13
6
10
7
4
6
7
6
3
0
5
4
12
4
3
10
4
3
1
2
7
2
2
1
6
4
10
3
8
7
7
0
9
7
0
9
9
2
3
6
7
13
4
5
6
0
10
6
4
3
12
6
8
1
9
5
11
6
4
6
7
4
4
15
8
1
0
6
1
3
8
5
5
5
9
10
10
5
5
1
7
9
7
12
4
2
13
11
4
3
6
4
9
13
0
0
3
11
13
11
1
5
5
10
3
1
11
0
1
3
3
0
0
7
4
0
9
10
2
13
5
10
9
7
8
10
3
4
1
6
9
6
0
6
3
0
5
10
9
3
1
9
3
10
0
0
0
13
12
3
7
1
11
9
3
2
5
10
5
5
9
4
5
14
12
5
0
5
20
6
7
0
5
2
14
11
14
1
7
8
0
6
10
11
5
0
4
10
14
6
16
3
6
5
11
0
3
6
14
18
6
19
10
6
0
6
12
7
4
9
8
8
4
0
9
6
8
2
9
5
0
8
2
4
15
2
2
12
5
1
9
0
17
13
6
10
1
1
11
1
8
8
10
