9
9
8
4
11
9
7
5
15
12
7
9
12
3
0
6
2
16
8
12
4
5
0
3
5
6
7
4
8
2
2
0
4
3
3
15
20
12
13
7
4
11
9
7
5
10
7
1
1
6
0
8
1
2
13
9
1
5
0
12
3
8
10
9
0
6
4
5
5
1
6
1
7
7
14
4
7
12
2
13
3
5
15
11
2
7
2
5
7
7
8
1
9
6
7
12
8
10
6
10
5
3
6
8
8
11
14
9
0
19
5
6
2
4
2
16
4
4
9
5
19
10
14
7
5
8
2
2
3
8
0
9
7
0
13
10
9
0
6
11
9
8
5
7
2
8
4
0
8
13
7
5
0
4
12
2
5
7
19
2
8
19
8
2
1
6
8
9
6
2
14
3
3
5
6
11
5
4
11
2
4
6
10
3
5
6
5
15
7
8
6
7
7
2
12
10
3
9
8
7
3
11
0
1
6
8
5
12
17
5
2
11
5
6
7
2
17
11
3
12
1
3
10
4
12
12
14
5
6
0
12
6
4
7
12
11
3
16
8
1
18
11
4
16
4
6
9
3
9
5
3
15
6
11
9
13
18
7
0
3
6
7
6
7
5
10
13
0
9
0
9
8
5
11
7
11
8
10
3
11
0
7
3
1
2
11
6
0
3
