4
8
11
14
7
0
6
2
5
3
6
1
2
10
12
11
8
10
2
8
14
13
3
4
11
4
9
2
0
5
7
12
4
4
7
9
4
8
4
10
8
9
11
20
0
0
6
10
7
7
5
6
8
3
7
5
4
9
7
2
0
7
10
1
7
11
4
2
1
7
6
11
4
15
0
13
8
2
5
6
5
2
3
8
3
8
5
3
2
0
5
9
9
7
1
7
8
4
4
13
7
10
0
6
3
7
7
8
10
4
9
9
2
7
5
10
2
11
9
11
1
13
4
0
3
1
6
11
6
7
5
8
6
4
3
11
5
11
3
7
1
9
3
11
6
4
2
11
1
13
2
15
7
12
7
7
2
2
7
2
3
2
5
0
9
1
11
10
15
9
1
5
0
11
0
6
10
1
7
10
3
2
1
14
6
0
3
7
9
1
5
6
11
0
9
14
7
6
13
8
8
7
10
7
10
3
12
12
8
11
13
1
0
10
1
8
0
14
5
8
4
11
5
12
7
0
2
10
4
9
5
7
0
9
12
9
0
3
2
5
8
8
0
0
12
13
5
3
5
4
3
3
5
3
14
10
6
5
11
2
8
5
7
3
13
2
8
1
10
4
5
10
2
9
11
11
7
11
1
6
3
15
14
4
7
8
4
9
11
