3
7
6
5
18
4
9
6
4
8
4
10
10
12
19
11
2
4
6
2
1
7
0
3
8
9
2
8
10
10
8
6
5
3
8
7
8
2
9
5
4
4
3
0
11
5
5
8
8
2
4
1
7
3
5
2
3
20
8
6
17
0
1
5
8
2
3
11
2
4
4
6
7
3
5
6
5
8
4
4
9
12
7
4
4
11
8
0
8
6
6
4
2
12
6
0
6
3
4
13
2
4
13
6
6
7
3
4
10
2
3
11
6
6
5
0
2
4
9
4
4
3
4
10
10
5
16
4
0
4
2
5
4
7
6
2
4
8
2
5
3
0
5
0
11
9
3
8
6
9
4
1
15
3
4
13
0
3
1
4
5
2
0
0
1
13
1
8
4
3
5
8
3
2
2
1
0
3
15
8
3
8
10
15
4
1
0
10
19
0
5
8
11
0
7
4
7
5
1
1
8
8
11
1
3
6
3
3
5
8
10
2
5
7
6
13
11
5
8
6
10
9
7
7
11
7
0
5
3
4
5
9
4
3
5
8
9
11
4
4
10
3
5
3
2
8
7
9
17
8
5
9
6
1
3
6
3
3
5
1
0
13
7
8
9
1
5
8
1
13
6
6
7
5
2
8
9
6
5
6
0
10
6
0
5
4
0
2
0
