5
2
2
3
4
4
6
3
10
3
0
3
0
6
3
1
5
1
3
1
6
7
8
13
4
4
7
4
8
20
10
5
5
9
1
3
8
5
5
11
5
4
5
7
5
6
0
10
2
9
5
6
9
10
4
14
1
7
8
8
2
5
11
13
5
1
10
2
6
3
0
2
7
4
7
9
6
8
4
3
10
2
3
5
3
2
3
3
7
5
4
9
8
1
2
9
1
5
4
4
10
2
8
3
3
2
0
2
7
9
3
5
2
9
0
6
1
3
6
4
2
7
4
2
4
0
4
0
0
16
1
4
0
6
7
11
3
4
13
0
4
4
6
1
3
1
6
4
5
5
1
15
9
4
4
0
8
8
6
5
7
1
5
3
3
4
7
4
1
8
10
2
9
4
5
2
6
6
8
9
10
7
2
5
10
4
10
3
4
2
1
8
0
3
3
4
7
2
2
8
10
9
5
3
0
3
4
10
4
2
5
2
1
3
4
5
3
2
3
10
3
1
3
4
0
1
4
2
7
3
7
8
7
11
6
15
3
14
2
0
6
2
3
1
9
1
0
9
9
4
3
6
13
4
4
4
7
2
0
1
7
5
0
5
5
0
3
3
10
6
6
7
4
1
10
5
4
4
0
4
5
11
6
2
4
0
9
9
5
