12
6
5
8
9
2
7
6
2
12
0
2
4
9
6
2
2
7
11
7
10
2
2
9
11
9
2
0
4
10
2
0
18
10
8
5
0
4
8
3
8
7
9
8
4
6
1
7
10
10
4
10
11
5
6
1
9
6
20
8
1
5
0
4
11
3
0
7
0
2
7
5
7
8
2
6
2
4
7
5
9
8
5
0
5
4
17
5
7
10
7
10
2
1
7
9
0
4
0
8
3
10
5
2
0
5
10
4
4
3
1
1
7
0
8
4
9
10
4
5
4
3
8
1
14
8
6
6
0
8
6
2
9
0
1
5
9
10
0
6
8
3
0
2
12
0
10
2
2
4
3
8
13
4
1
9
7
7
6
0
10
6
4
7
0
10
6
2
6
9
1
0
8
3
4
4
5
6
6
3
5
6
11
12
1
3
12
8
10
2
9
6
5
1
10
0
5
4
0
7
10
1
5
6
2
7
3
3
9
4
8
5
4
2
3
6
0
8
4
0
13
2
5
8
10
7
14
4
5
3
5
3
3
7
5
2
2
0
6
5
4
6
1
8
7
10
9
3
4
7
13
0
3
11
1
4
1
0
7
4
3
4
3
5
3
11
5
5
6
8
8
6
8
11
10
5
5
12
7
5
4
6
0
5
13
0
11
1
3
