11
3
5
5
8
10
5
13
12
7
9
13
0
7
4
1
10
5
5
6
10
2
4
7
7
3
9
9
7
9
7
3
0
15
9
8
7
3
1
4
5
16
12
5
13
15
4
18
10
4
17
12
3
3
5
0
5
4
0
0
1
6
8
6
2
15
11
15
9
7
1
12
5
7
7
0
10
4
13
2
8
10
7
3
4
3
6
1
10
3
8
12
6
5
2
9
7
4
6
10
2
17
7
9
3
2
10
1
7
8
6
17
4
5
9
3
1
9
7
10
0
3
3
3
2
13
4
2
12
14
5
2
10
11
8
7
14
17
11
10
4
7
11
11
11
5
3
15
7
9
5
2
3
7
8
1
0
3
9
2
11
3
0
4
5
3
7
5
9
5
0
7
7
2
0
8
20
6
12
12
14
9
8
7
3
10
6
2
1
11
3
12
1
0
2
8
3
5
6
5
5
10
2
3
8
6
6
8
0
0
6
11
6
8
6
0
5
13
4
0
3
10
1
1
16
8
11
12
3
16
16
7
10
2
2
12
6
8
5
3
9
4
13
16
6
11
5
6
10
3
6
0
3
5
10
3
6
9
0
4
3
4
8
4
7
4
0
5
15
4
3
0
9
6
4
6
4
8
0
3
7
9
0
3
1
2
3
0
10
