14
7
4
12
8
15
2
0
11
4
0
14
5
11
9
8
7
0
5
7
6
4
1
5
10
5
0
9
5
12
5
0
15
6
5
15
1
6
0
6
11
3
0
5
8
6
0
10
14
4
16
9
3
0
10
5
7
16
7
1
3
5
3
2
11
3
4
8
10
6
10
4
8
2
11
11
14
12
6
5
14
6
6
14
5
4
9
7
4
5
8
3
8
5
0
9
2
8
1
6
0
3
8
10
7
8
4
0
11
4
6
8
14
0
8
5
10
11
1
6
8
5
5
6
5
12
8
8
7
3
7
0
4
1
8
6
4
12
1
3
16
12
7
2
2
5
7
14
8
3
9
8
2
2
17
1
4
3
8
7
9
1
10
8
9
9
1
8
8
3
7
6
9
10
6
17
4
4
15
6
5
7
4
6
2
14
15
14
20
1
5
11
3
17
12
11
0
8
6
4
0
0
1
3
1
7
14
12
10
0
7
13
3
4
11
11
12
10
1
1
15
8
6
6
8
5
3
5
0
16
12
2
5
4
8
7
6
0
2
5
1
1
3
5
8
5
3
4
4
8
6
2
8
13
4
12
11
14
17
1
9
5
5
1
2
10
3
13
9
1
4
8
9
8
10
0
0
8
1
2
4
1
9
4
2
3
0
13
5
