2
11
9
1
3
2
7
0
8
5
8
5
2
0
6
9
3
8
7
17
12
2
6
5
5
7
2
1
10
13
11
8
12
5
10
2
14
15
1
10
1
13
11
6
18
0
1
7
0
0
1
4
3
10
10
9
6
2
1
3
5
4
11
3
6
7
6
5
4
1
4
7
1
4
4
3
18
7
11
7
4
6
7
5
8
3
6
0
13
7
2
10
2
0
8
12
6
7
0
12
2
11
5
4
3
12
0
7
1
9
6
8
2
9
3
3
3
7
2
2
4
7
5
1
5
4
10
2
15
8
4
6
7
7
6
7
14
3
7
5
3
3
3
2
0
5
6
3
8
0
7
0
12
11
1
3
20
0
10
9
11
10
2
5
7
8
6
6
1
4
1
7
10
5
0
4
6
7
7
7
6
8
4
11
5
1
4
8
9
2
9
0
3
5
3
2
2
8
11
4
6
3
7
14
3
6
9
5
6
4
6
6
9
0
18
0
1
4
0
11
2
10
10
5
1
3
6
15
11
4
3
1
11
0
3
13
2
16
4
0
4
4
13
2
8
2
4
3
12
0
13
13
3
3
9
0
5
5
5
10
5
9
7
5
5
9
4
12
6
3
5
9
3
3
8
4
5
10
5
5
6
1
0
14
2
2
3
12
5
