2
9
3
5
2
4
3
4
1
9
2
10
11
3
3
1
6
6
16
4
0
9
4
5
11
8
13
5
10
5
1
4
4
1
11
17
8
8
4
4
4
9
0
0
5
2
20
0
6
8
2
6
9
3
5
4
8
4
7
4
5
7
13
3
0
1
8
11
11
3
4
0
11
11
1
6
4
6
4
4
0
8
12
15
7
3
5
2
5
6
7
4
8
0
5
6
4
3
6
8
11
9
10
3
9
0
13
0
7
4
8
1
2
2
6
11
3
10
3
7
10
6
3
5
3
5
2
11
6
9
7
2
12
6
0
0
9
3
3
2
0
5
15
4
0
8
6
3
0
2
4
2
0
0
9
7
2
9
0
4
6
8
7
9
0
3
9
11
4
15
7
3
3
3
2
8
0
3
7
0
14
9
0
4
5
0
6
10
2
0
10
9
16
0
5
6
7
3
3
8
8
0
4
4
8
8
6
3
0
6
9
6
8
10
6
1
0
10
11
8
7
14
13
10
5
1
5
8
6
12
12
8
8
6
9
5
8
8
6
6
13
5
2
4
1
0
8
0
4
9
16
3
13
5
8
5
4
2
4
2
3
2
1
6
1
4
3
4
11
1
5
7
0
16
7
7
1
7
4
0
3
1
4
10
15
9
10
4
9
