4
11
6
1
0
6
3
12
4
9
1
3
7
2
0
2
2
0
2
15
8
9
5
0
0
10
8
1
9
3
1
5
1
1
8
6
2
4
4
3
2
1
8
9
1
2
0
14
4
9
5
13
6
8
1
5
9
2
0
4
3
4
5
4
4
12
3
5
2
5
6
4
5
10
0
6
9
8
4
8
8
2
4
14
3
1
6
12
6
0
4
7
4
8
1
2
2
11
0
7
10
6
5
3
5
3
3
4
10
4
10
2
6
4
3
8
1
7
1
1
0
4
4
5
4
2
10
8
4
4
0
1
8
9
11
1
9
9
0
1
2
6
10
3
10
4
4
5
1
2
6
8
10
7
4
5
8
3
6
0
0
4
7
0
7
7
2
2
12
16
9
2
5
8
4
8
4
0
12
0
9
3
4
8
0
5
2
4
5
7
17
6
6
6
0
2
0
9
7
4
3
6
9
7
0
0
8
4
8
0
16
0
5
9
1
7
9
0
2
6
8
0
4
14
11
10
2
5
2
8
9
9
7
15
7
5
7
12
12
0
10
10
9
2
5
3
6
2
2
4
4
8
7
8
5
20
5
8
7
4
7
2
11
10
2
7
8
0
0
6
11
8
0
7
3
7
1
5
2
3
1
0
8
8
4
5
7
2
7
