14
0
0
4
3
0
4
3
0
8
9
5
0
1
5
8
9
11
5
9
4
1
11
7
4
7
8
1
7
9
2
9
6
1
11
7
7
9
6
12
8
4
3
11
4
1
11
11
9
20
8
7
7
7
11
15
5
6
0
0
5
7
6
4
6
7
8
2
4
11
2
10
13
9
7
7
15
7
0
5
0
1
3
12
4
0
6
4
4
2
10
7
9
2
13
7
7
13
8
4
12
10
5
6
11
1
2
3
0
9
7
6
7
3
2
16
2
12
10
4
3
2
2
4
5
7
5
6
4
0
17
2
2
5
6
6
4
6
2
9
11
1
18
10
16
5
7
7
4
6
12
5
5
4
4
11
0
4
6
10
4
3
6
6
7
0
3
3
5
0
5
4
8
5
7
6
1
2
8
5
4
10
0
13
3
11
12
5
7
9
9
5
7
12
9
1
2
2
13
0
5
8
8
4
3
10
10
9
13
13
7
10
4
9
8
0
13
0
5
4
2
14
10
10
7
8
6
3
2
6
8
2
13
3
4
5
5
9
11
8
9
2
2
14
8
5
8
2
1
10
9
1
9
4
8
7
11
2
1
5
2
8
6
3
7
10
0
3
6
2
4
8
4
5
2
1
8
3
2
6
1
12
0
2
0
7
7
0
5
