3
14
8
5
5
1
1
10
5
8
8
10
8
8
6
7
4
0
3
12
6
11
8
0
14
6
12
19
11
2
0
9
2
8
1
2
6
3
14
5
13
6
13
11
13
3
2
3
7
8
4
15
7
10
0
6
5
11
3
8
2
2
0
2
9
3
12
8
5
8
1
4
8
10
16
8
12
1
1
5
2
7
3
0
9
6
1
4
2
16
2
13
14
5
5
0
8
6
10
11
5
10
1
18
1
6
0
6
6
11
9
3
3
12
4
13
10
8
3
3
10
6
0
13
5
16
3
3
10
4
1
10
12
6
0
0
14
12
8
6
0
7
3
9
4
7
8
4
1
20
5
3
5
2
14
13
12
7
12
1
6
8
10
9
9
2
17
8
6
11
3
14
10
2
4
7
7
9
10
0
11
8
11
4
9
3
6
2
13
9
15
3
5
2
10
8
0
7
8
4
2
2
6
0
4
0
3
7
7
7
7
6
0
9
5
0
6
7
2
2
17
0
15
8
0
7
2
5
7
6
4
12
9
11
10
8
0
0
11
9
2
3
3
8
6
4
15
3
11
12
3
9
1
4
7
16
7
8
11
3
6
3
7
1
1
8
0
7
1
9
8
4
12
4
17
11
6
17
1
0
2
13
6
2
8
2
7
4
9
