7
1
1
8
8
7
5
5
5
5
6
4
2
3
2
1
6
11
6
7
3
7
7
7
3
0
0
12
3
0
8
18
2
2
7
3
10
19
4
4
15
5
5
9
11
6
13
2
4
4
3
5
8
1
17
15
5
8
4
5
0
16
0
15
8
6
7
4
1
14
7
4
6
0
6
2
2
7
5
2
13
2
2
17
3
0
3
14
6
8
12
5
7
8
7
0
12
0
17
9
4
7
2
6
2
11
7
10
11
8
11
4
7
17
6
2
5
9
8
16
10
12
2
7
5
13
5
13
5
5
3
9
3
10
1
11
8
17
3
12
0
7
15
3
13
3
2
5
4
7
2
6
14
0
4
11
6
7
8
5
4
6
0
4
12
1
10
3
6
13
11
4
3
2
1
2
10
3
0
3
4
9
4
6
0
11
5
2
3
13
12
6
6
7
0
10
9
0
9
3
7
6
6
7
15
10
0
10
3
5
11
3
8
14
5
18
4
3
1
9
10
12
6
5
7
8
10
3
9
9
5
5
2
4
3
12
11
3
3
7
3
13
0
7
12
14
0
9
0
3
4
0
5
11
3
6
0
4
5
0
8
9
6
2
3
8
1
9
4
9
8
8
7
6
5
5
20
0
1
10
8
7
0
9
3
11
0
8
6
