10
3
8
1
10
4
2
5
4
3
5
10
6
4
2
5
19
0
4
4
6
5
3
6
2
3
2
6
15
0
2
4
5
1
7
0
8
6
13
4
2
16
2
6
5
12
3
6
11
2
17
2
13
6
8
8
3
1
10
5
9
2
1
4
5
7
7
11
2
9
1
0
0
5
4
5
0
9
1
4
4
15
1
9
5
15
6
5
0
3
2
12
6
2
6
8
2
6
1
3
9
8
7
3
8
1
6
8
5
3
1
1
9
2
4
6
8
5
6
4
4
8
3
6
13
5
0
4
8
11
3
15
8
8
7
1
4
2
10
12
5
13
0
9
1
12
7
3
5
11
4
3
4
8
9
6
6
7
5
4
6
5
9
7
4
8
0
18
0
7
6
9
6
4
10
5
9
1
8
14
14
7
0
11
5
15
11
4
8
5
9
17
8
0
7
5
9
13
2
0
3
2
20
4
0
10
12
9
0
10
1
12
5
4
5
1
7
2
2
6
10
8
5
11
8
3
3
5
6
7
11
1
0
12
4
5
3
5
6
7
9
6
13
15
6
13
10
9
13
2
5
2
3
5
6
3
6
0
4
2
2
7
7
9
1
0
2
6
4
1
3
6
13
0
3
8
0
15
1
11
10
11
2
0
6
4
11
6
14
