8
7
4
4
6
6
5
2
5
4
7
7
3
9
5
8
14
14
14
8
4
6
5
3
2
9
14
2
0
11
1
0
12
6
8
3
8
8
1
5
19
9
11
9
2
12
1
9
20
8
0
1
6
1
4
0
13
10
0
0
1
6
7
7
2
8
7
12
7
4
0
4
8
8
3
6
7
5
7
0
3
5
8
0
15
8
7
5
11
0
4
8
7
8
9
7
4
3
7
7
17
13
1
4
0
1
6
1
13
9
3
5
9
3
6
5
15
9
9
0
3
5
14
4
2
6
7
9
3
5
13
6
10
4
6
3
4
0
14
1
4
4
3
10
7
1
7
7
10
13
0
5
14
4
6
7
3
0
7
6
7
2
15
11
5
5
10
9
2
5
5
1
3
4
8
3
3
4
13
6
5
6
9
5
3
3
15
12
3
6
5
6
8
2
10
8
10
10
9
14
0
7
2
3
9
8
5
1
1
4
9
1
7
6
5
2
19
6
5
10
1
15
7
10
6
5
7
0
3
13
14
0
4
8
9
4
3
5
8
5
6
3
5
5
4
0
8
11
10
10
10
7
9
6
2
7
13
4
6
6
15
11
1
4
10
17
19
4
1
6
0
5
5
12
2
0
2
10
3
5
0
0
3
0
5
1
9
9
13
