5
8
2
1
3
9
2
2
5
0
5
4
0
4
3
1
4
7
2
1
5
1
2
3
0
3
2
2
5
1
2
2
6
6
5
3
5
6
6
1
7
4
5
6
2
10
5
0
6
6
10
0
5
7
4
17
4
4
1
4
7
0
2
2
6
2
6
3
5
0
6
3
6
4
8
8
4
4
6
11
8
13
2
11
0
6
2
6
3
7
5
4
12
2
12
2
5
10
5
0
6
9
1
0
6
3
0
6
11
12
5
4
3
2
4
4
3
5
8
6
2
5
5
8
4
6
12
10
5
3
5
8
0
7
8
10
0
9
7
2
4
9
7
4
6
4
0
8
6
3
7
1
5
6
10
0
2
0
5
4
0
0
4
8
5
11
5
1
3
5
8
5
3
2
3
1
0
1
8
5
8
5
9
9
5
2
1
0
9
8
5
1
0
15
4
4
7
3
1
8
2
3
3
13
7
0
1
0
12
6
12
2
4
8
7
6
1
7
4
2
5
5
12
11
1
8
1
9
1
10
0
3
3
3
1
11
1
2
5
5
11
6
4
4
5
5
7
4
4
12
5
8
0
9
11
4
0
4
4
20
4
3
0
3
0
8
1
12
3
12
3
4
2
4
4
5
0
10
4
9
9
4
3
5
1
0
0
6
8
