3
6
3
1
2
13
12
4
7
7
10
9
7
7
7
0
7
1
4
14
1
2
6
6
1
0
4
6
5
12
5
8
8
10
13
11
4
8
12
2
1
5
11
7
7
8
9
1
0
2
8
6
0
3
0
9
5
3
4
7
7
0
10
0
7
8
9
9
4
4
12
8
10
13
5
0
6
14
9
4
4
7
7
9
8
3
4
6
1
3
6
8
12
4
8
9
4
10
2
5
12
5
2
6
16
2
2
2
10
13
7
9
11
6
2
2
1
20
5
9
6
11
2
3
4
5
7
2
8
8
14
8
6
2
8
1
3
3
4
7
7
6
5
3
4
3
4
0
0
6
4
4
5
9
13
3
3
14
9
4
2
16
2
4
3
4
6
5
0
6
1
6
2
9
5
0
3
10
6
9
4
4
4
0
4
2
0
4
7
2
1
6
3
10
1
1
10
1
0
2
1
6
5
7
2
5
11
8
3
0
4
12
4
1
5
6
1
2
2
10
11
3
1
10
4
5
8
6
2
4
8
0
5
1
7
6
4
1
5
6
5
9
2
10
4
7
6
5
1
5
7
4
8
2
8
3
3
5
2
7
4
8
3
0
10
5
0
8
1
7
7
2
1
2
12
9
8
3
5
10
10
4
13
2
1
4
6
11
8
