1
5
0
10
1
2
6
5
3
6
12
4
1
4
6
3
2
6
2
2
5
6
1
3
0
4
4
0
0
4
2
15
5
5
4
12
9
12
1
0
5
6
14
3
7
9
16
1
6
4
3
4
6
0
5
7
15
5
0
2
8
12
6
6
11
6
11
0
5
9
14
11
0
6
5
0
3
4
3
4
5
2
7
6
4
3
13
15
6
0
3
13
7
3
4
2
5
7
8
6
4
10
1
11
5
7
9
1
6
5
2
1
6
8
0
10
6
2
1
10
8
4
8
3
8
8
5
4
2
3
6
5
3
4
3
11
4
8
11
13
4
6
9
8
6
7
4
2
6
7
2
1
4
0
2
8
12
6
8
1
9
10
6
4
2
5
0
14
12
7
2
2
3
5
1
9
7
1
3
0
12
6
4
3
4
1
1
5
6
1
0
4
7
7
8
9
6
4
3
8
4
0
7
7
10
3
3
3
3
3
8
14
7
3
0
3
5
3
5
20
3
14
1
2
11
10
8
3
11
4
3
9
7
0
11
8
6
7
6
7
5
4
8
2
7
8
0
9
5
3
1
10
10
2
6
0
0
0
4
9
1
2
3
0
5
2
9
12
7
7
9
3
7
8
6
7
9
0
0
3
0
3
5
0
1
4
0
3
8
