6
2
7
6
11
3
2
7
10
5
8
0
17
2
9
8
9
0
18
0
9
5
1
2
10
3
15
9
2
8
6
12
1
7
10
0
0
9
0
3
1
5
13
6
6
10
6
6
9
9
0
2
8
6
14
0
2
2
6
9
15
0
9
8
6
5
7
14
13
3
8
8
8
2
8
5
8
15
1
9
11
13
4
1
12
7
6
5
5
11
10
1
4
2
13
10
6
9
2
13
1
2
7
3
4
15
9
9
10
0
12
0
9
11
14
0
0
4
8
0
13
7
14
11
4
9
8
10
12
18
5
5
8
19
8
0
8
7
10
8
3
5
4
13
15
5
16
3
18
3
12
1
13
4
6
3
5
4
10
7
8
10
0
4
4
19
8
11
12
20
0
1
6
2
5
8
9
6
11
1
10
9
0
2
17
7
7
9
4
6
11
16
6
4
2
9
4
7
13
4
4
10
4
3
6
0
0
5
11
9
7
9
10
9
9
2
1
0
10
1
1
16
15
9
5
9
9
5
5
8
0
8
3
4
9
2
8
4
2
11
4
0
4
6
6
1
17
0
1
7
5
5
7
4
13
0
2
5
3
16
5
11
15
4
2
0
11
6
15
2
14
3
3
0
0
13
12
7
8
12
7
8
8
12
3
12
8
3
4
