9
0
6
6
0
4
8
2
2
5
8
0
6
10
3
0
5
6
2
9
15
6
6
3
19
3
6
6
19
7
3
14
12
6
6
5
14
6
11
11
14
0
6
9
2
9
9
5
13
2
7
5
1
7
18
2
6
1
7
7
1
6
19
11
4
13
6
6
7
13
2
0
9
11
5
6
1
15
15
1
6
10
9
4
2
3
0
2
9
0
12
14
3
14
7
14
0
10
12
8
3
8
4
10
0
11
3
2
3
0
15
6
6
7
2
10
1
8
5
14
13
4
9
2
2
9
3
11
2
1
6
12
7
0
6
9
7
4
0
3
16
3
4
8
3
4
4
2
8
9
11
0
7
5
12
7
14
0
5
2
16
14
6
0
2
5
15
5
7
8
12
12
2
12
8
8
1
9
0
0
15
8
5
10
1
12
8
7
1
12
6
11
7
10
19
9
4
6
9
6
3
3
8
0
8
0
2
5
13
11
8
0
7
0
9
6
5
3
0
4
4
9
1
3
16
16
9
4
0
4
7
4
7
6
0
14
1
5
5
8
3
19
14
5
10
9
0
0
0
1
4
3
0
5
3
7
6
4
9
6
8
5
0
6
3
7
11
7
20
10
3
8
18
2
6
2
3
4
5
19
9
6
4
6
3
8
8
16
7
