1
6
0
13
7
0
3
10
9
7
4
7
3
5
12
4
5
10
6
6
0
1
5
0
4
18
20
2
6
7
5
3
14
13
5
4
10
2
1
6
3
3
3
2
6
4
6
0
5
6
3
4
5
0
10
7
0
9
6
7
4
3
7
15
11
6
4
8
17
6
9
4
11
7
5
7
5
5
6
3
7
4
10
0
11
8
12
13
2
1
10
6
2
11
2
3
9
14
8
3
3
8
4
0
10
1
8
11
12
3
16
8
5
5
5
2
12
5
6
8
1
6
11
0
4
4
7
8
2
2
6
0
13
7
13
7
4
8
1
8
8
1
3
6
4
0
6
1
7
4
6
1
2
1
15
13
3
11
7
1
9
8
6
0
4
4
1
3
6
3
1
7
14
11
5
2
9
7
10
6
11
8
0
5
1
9
1
1
15
2
8
7
0
10
5
8
0
7
2
3
2
6
6
2
8
4
4
3
3
7
10
7
2
10
2
8
8
8
5
5
12
8
2
2
6
8
6
10
8
8
4
10
9
10
0
5
10
8
1
4
3
7
10
9
8
9
5
1
3
9
3
8
3
9
7
12
1
1
3
0
9
4
4
7
4
5
13
3
10
4
1
5
6
6
1
4
5
0
7
2
6
9
2
12
0
7
12
0
4
