2
9
6
7
1
5
14
9
2
5
6
2
20
2
8
2
10
1
15
4
1
2
17
6
14
8
16
3
4
9
5
9
8
11
9
3
13
3
1
0
4
8
0
0
11
7
4
10
3
0
6
12
4
15
11
1
11
9
0
1
8
8
4
0
5
2
8
6
4
3
7
11
9
13
7
9
0
7
3
10
0
4
2
11
5
11
10
2
9
10
1
3
4
0
6
5
9
3
10
11
16
4
7
11
10
0
11
0
12
15
4
7
0
14
3
7
5
5
10
7
10
0
4
9
4
4
7
1
8
12
8
3
12
2
8
8
15
4
8
5
11
9
4
11
1
5
5
12
4
12
7
11
4
10
7
7
8
8
1
6
13
3
9
2
11
11
9
7
4
5
15
11
14
1
2
9
4
3
10
3
11
4
9
2
3
8
11
3
2
9
3
8
6
6
13
6
0
12
3
11
18
5
7
5
3
4
5
3
10
6
7
10
0
14
7
11
17
4
10
8
7
10
8
12
1
5
3
1
4
8
15
9
15
9
0
5
6
9
10
17
7
7
6
7
1
7
16
10
17
11
4
5
2
7
0
10
3
3
5
2
9
12
1
0
8
4
9
7
10
18
6
5
0
5
6
0
7
1
5
1
7
7
3
8
15
2
6
7
4
