8
6
16
5
9
3
12
6
12
3
0
6
7
7
3
13
6
1
6
8
8
0
4
4
6
6
8
3
6
3
8
0
4
7
6
3
13
2
11
10
7
1
8
4
6
1
4
3
2
0
6
17
8
4
3
0
9
7
3
0
8
8
1
4
16
5
4
7
6
8
12
7
8
20
4
10
10
7
8
9
15
2
5
5
9
1
11
6
9
15
2
1
1
1
11
3
3
0
14
9
7
11
13
13
4
6
11
1
5
5
8
7
8
14
0
9
6
2
4
16
7
5
16
11
9
2
11
15
1
0
4
4
8
10
8
4
0
5
7
4
7
2
4
5
10
14
5
7
13
11
6
11
10
9
3
2
7
0
0
8
0
10
11
6
10
10
5
3
3
6
7
9
0
7
7
6
10
18
5
14
0
2
6
10
13
1
16
5
7
8
10
9
4
8
4
4
8
10
7
4
0
0
1
9
5
5
12
3
4
2
3
12
0
3
10
4
3
7
11
13
5
8
4
0
9
6
0
10
17
4
8
6
9
0
6
10
4
5
0
3
11
5
11
10
3
1
1
12
4
9
13
1
5
5
13
3
15
4
1
7
4
2
14
9
3
1
1
15
13
12
0
3
18
4
5
7
8
4
15
4
4
3
8
8
7
6
16
14
4
