9
7
9
5
6
2
12
14
6
3
4
9
4
10
9
8
2
2
14
6
9
7
9
7
4
7
6
6
7
10
7
1
13
3
10
4
2
4
4
11
2
4
7
5
0
7
10
6
6
3
9
1
7
4
3
9
8
1
5
0
10
8
3
14
7
9
9
5
6
1
4
8
4
8
2
2
8
4
4
2
11
2
7
7
3
0
1
6
5
6
4
10
1
4
5
6
5
7
0
1
8
2
8
3
6
6
6
3
10
2
9
0
6
5
3
0
3
3
10
7
7
3
2
10
1
7
5
9
3
4
6
0
9
2
3
2
9
1
3
1
7
4
1
8
5
7
5
8
4
1
3
12
3
5
5
2
2
1
11
4
0
12
10
3
3
0
11
2
9
3
8
2
14
11
13
3
0
3
1
7
8
18
3
7
5
7
2
1
9
3
10
1
4
4
1
5
20
1
1
6
14
9
9
5
4
7
3
6
6
9
4
6
4
2
0
2
3
3
2
6
2
9
2
2
6
12
6
2
4
11
8
0
2
3
11
13
11
8
1
11
9
1
11
0
5
3
2
5
3
1
5
2
9
10
9
10
7
2
3
8
1
8
5
8
14
4
13
2
2
6
1
5
2
14
4
7
9
10
9
6
8
8
1
15
6
9
2
7
2
