5
12
5
8
12
1
11
13
3
14
5
7
5
11
13
0
3
5
2
9
13
13
7
0
12
0
6
6
9
0
6
10
3
3
8
1
0
16
2
0
12
8
0
0
6
15
0
15
8
11
0
12
11
9
6
2
8
16
1
4
1
2
4
6
11
18
7
17
12
4
4
5
8
10
18
4
1
17
1
12
7
6
13
3
13
9
3
5
7
7
7
8
6
4
10
5
11
6
7
10
4
2
6
6
0
1
3
11
7
6
7
3
2
0
3
6
6
0
8
2
9
0
2
6
11
7
15
10
4
11
6
7
11
5
5
3
9
9
7
3
9
5
5
8
1
11
8
10
5
12
13
8
0
3
2
11
3
9
5
0
0
7
2
15
12
8
13
5
11
6
9
9
6
6
5
3
20
18
7
12
7
9
2
10
0
5
2
12
5
5
3
4
8
7
4
5
12
15
6
7
12
5
6
18
8
1
4
12
4
3
12
6
7
4
4
6
3
4
14
12
8
4
9
18
13
12
6
0
4
8
3
13
3
4
3
6
2
2
14
10
0
0
12
15
0
11
10
1
6
5
17
9
3
0
7
16
5
18
4
5
7
18
3
3
12
7
8
3
2
7
11
1
1
4
18
0
4
5
5
6
4
13
3
14
10
7
6
0
6
