2
11
8
5
4
1
7
9
3
4
6
4
7
3
3
5
18
11
4
2
0
1
2
6
3
3
5
4
4
7
8
9
1
7
8
2
1
6
6
9
8
5
0
0
11
8
7
0
3
12
8
4
3
2
0
2
8
7
8
3
2
3
0
8
2
7
4
5
5
3
5
3
1
12
5
8
7
7
3
9
4
11
14
6
7
2
8
1
8
12
1
0
3
1
3
4
1
10
6
4
6
0
8
5
8
3
4
0
4
0
10
5
2
7
6
4
7
6
8
3
6
10
8
10
9
0
2
7
6
10
5
15
4
2
10
5
1
2
0
15
5
4
0
11
13
10
2
12
1
10
2
8
4
9
9
2
4
5
3
6
2
4
0
3
0
15
4
6
2
8
6
15
7
6
0
7
13
4
9
11
9
9
2
0
2
6
6
10
2
12
7
1
3
5
8
4
7
4
1
5
8
3
3
4
20
1
7
6
5
7
5
7
9
0
10
5
0
5
10
7
2
3
5
5
0
12
8
7
3
7
6
11
3
11
7
5
0
2
8
5
1
8
8
10
5
5
7
5
10
6
1
2
2
6
8
11
9
5
1
4
8
11
0
5
7
4
5
2
6
9
6
2
11
4
0
1
3
6
0
6
7
6
4
0
0
6
6
5
12
