5
5
6
0
5
5
14
7
3
0
7
6
3
11
2
8
1
7
7
8
0
4
0
7
11
9
7
1
6
0
6
4
4
3
5
2
7
1
1
2
3
8
0
0
13
6
5
7
10
4
2
7
3
0
5
2
7
11
4
1
4
6
9
12
3
12
10
3
0
1
5
1
16
1
2
1
8
0
3
0
1
11
1
4
2
12
7
15
14
6
4
5
1
3
8
8
11
1
5
8
1
0
2
20
9
5
8
1
13
0
9
14
3
5
6
8
6
1
4
5
5
1
1
8
4
4
5
0
8
10
2
5
2
0
6
12
8
2
7
2
5
10
6
1
18
10
3
4
15
1
16
5
7
6
8
2
16
7
7
1
8
8
4
8
6
11
1
3
8
7
5
7
7
6
1
2
5
8
9
16
13
2
0
5
0
6
4
4
3
4
3
2
6
3
6
5
2
10
7
14
5
3
8
8
9
13
15
3
9
5
5
4
1
9
6
8
7
7
10
4
11
8
2
7
4
5
9
9
3
4
12
3
3
2
3
5
17
6
12
0
5
0
7
0
9
7
6
3
10
1
6
3
7
2
9
4
4
1
6
7
12
8
1
3
9
7
0
7
9
2
5
11
6
11
2
3
12
2
6
5
7
3
8
10
6
10
1
8
10
