9
3
7
4
7
2
1
5
11
2
15
3
4
14
5
11
8
6
6
8
16
3
13
11
3
9
16
7
7
7
8
7
9
4
1
18
8
11
5
1
6
9
3
15
4
6
13
1
16
10
0
12
15
14
0
1
13
12
4
6
5
8
5
2
11
7
9
5
4
13
2
13
7
9
4
6
0
10
14
13
10
12
2
4
15
6
2
9
11
1
7
10
8
2
11
14
4
12
15
8
7
3
6
0
9
12
12
16
10
2
5
14
13
3
8
15
6
8
1
19
0
1
9
20
2
2
5
8
6
5
4
13
5
3
10
9
6
3
8
1
4
0
3
15
7
2
13
4
0
9
8
1
5
10
2
7
12
5
0
11
9
1
16
2
2
2
0
5
7
0
13
10
5
10
5
1
3
10
16
6
2
0
10
5
2
2
11
1
17
9
14
1
4
7
1
0
7
3
3
10
1
12
2
4
6
4
3
3
1
12
3
6
4
0
3
18
9
0
8
11
12
0
10
1
4
0
2
3
10
2
9
2
7
4
3
9
0
9
4
11
11
2
16
1
6
0
11
0
19
9
11
8
11
12
7
0
5
7
5
11
9
3
5
9
3
0
10
5
8
0
9
17
2
9
7
6
11
8
10
11
1
2
7
8
7
13
4
3
8
