10
9
4
3
6
16
0
5
9
1
7
10
10
6
1
6
7
11
3
10
6
6
10
19
1
1
4
8
0
4
12
8
0
11
2
11
8
7
3
1
7
9
0
10
11
11
5
5
6
3
7
5
13
14
3
7
10
8
6
0
0
5
0
1
5
13
7
14
0
4
2
8
0
5
0
2
4
6
11
10
11
14
10
5
8
6
8
7
4
9
4
10
0
0
0
0
10
8
7
4
8
12
14
2
7
12
6
17
6
7
11
3
15
7
14
7
9
1
16
12
6
6
0
15
6
0
10
0
0
9
5
18
8
17
2
3
9
5
5
3
9
1
10
4
15
9
4
10
7
6
12
3
2
19
14
7
7
5
0
1
4
2
3
13
11
11
5
7
7
10
3
10
2
3
2
3
13
10
0
0
4
10
8
5
6
2
9
8
6
14
8
4
3
6
12
8
14
3
1
7
10
11
6
8
0
1
2
10
8
16
2
11
14
19
8
3
2
18
4
6
13
11
2
5
8
13
19
6
4
9
15
6
6
0
0
0
14
3
12
13
6
8
11
5
7
5
9
6
4
7
13
0
12
15
6
0
13
8
8
2
8
13
19
12
5
7
5
6
5
14
2
5
9
20
0
8
8
5
5
1
13
10
11
6
7
15
8
8
7
