15
7
13
3
8
13
8
13
5
1
5
5
2
5
10
10
3
1
12
6
5
11
5
4
10
4
5
8
16
9
10
10
9
0
10
9
4
6
7
8
20
12
7
5
13
2
10
6
1
0
0
6
4
9
7
7
7
4
2
5
2
0
7
16
7
11
0
2
3
5
4
9
12
6
3
0
14
14
4
10
0
0
8
6
3
9
5
10
0
7
9
4
4
6
13
12
16
15
6
4
4
0
3
0
5
6
2
3
0
6
6
9
9
7
8
6
3
14
8
7
4
3
2
6
0
1
3
8
4
11
1
12
12
6
6
2
4
7
0
5
0
5
9
5
9
2
3
6
10
7
15
3
9
3
1
3
8
7
0
13
7
3
5
6
11
9
7
8
1
17
7
8
6
6
12
3
3
17
6
4
10
6
1
0
6
1
5
2
7
2
13
8
4
10
4
6
3
4
1
0
3
3
10
7
18
4
6
7
4
8
8
1
9
8
9
0
12
4
7
11
11
0
8
0
6
3
7
3
4
7
9
6
10
4
12
13
8
11
7
9
13
7
13
3
0
9
3
6
3
3
15
9
4
8
0
16
7
6
15
6
6
14
9
9
0
2
9
0
2
6
4
9
6
7
3
8
7
6
7
9
9
1
10
6
7
0
6
5
10
