2
10
7
3
10
12
0
2
6
10
7
6
6
2
4
6
1
0
3
0
0
4
1
6
7
0
7
0
1
15
7
5
8
2
2
8
7
9
9
3
4
3
11
3
13
4
4
2
9
6
3
3
3
4
8
0
5
5
9
1
12
2
0
2
10
6
9
3
0
0
9
6
1
7
8
10
4
2
7
4
20
12
9
0
8
5
3
5
0
8
7
2
12
9
9
12
14
5
0
0
11
5
4
6
0
9
6
4
0
4
10
12
6
10
6
4
8
7
3
4
8
9
2
9
7
8
0
11
4
3
3
1
8
0
2
6
3
1
9
2
2
3
9
3
0
1
6
9
4
10
10
9
3
8
10
3
7
4
13
5
8
5
5
1
3
8
4
2
2
10
8
7
0
8
0
1
3
1
4
8
5
0
1
5
7
17
8
9
9
1
6
5
2
5
3
4
6
2
9
9
7
5
8
5
5
14
3
3
0
3
2
8
11
11
2
5
1
18
2
0
11
4
5
2
6
9
0
2
8
2
8
8
9
12
5
4
5
11
7
4
6
5
12
0
3
3
5
2
18
6
9
4
13
2
13
3
6
10
3
7
7
12
6
1
2
4
2
0
4
4
5
0
1
2
1
8
5
2
10
3
9
7
5
2
6
13
5
12
7
