4
7
5
5
5
9
7
4
7
1
11
7
6
5
7
8
8
13
4
5
2
4
7
17
8
4
11
3
6
9
8
13
7
5
0
0
5
8
0
6
3
10
2
14
11
8
5
4
10
4
4
3
10
0
10
7
7
6
7
11
14
9
14
0
3
3
6
3
4
14
10
11
3
0
6
13
2
12
13
0
3
3
2
6
10
7
4
3
5
8
4
4
5
8
6
9
13
6
5
6
6
5
6
5
9
15
2
0
5
14
5
1
16
3
2
4
6
13
11
7
14
1
5
3
0
2
5
0
0
3
3
3
4
6
2
2
4
14
3
3
13
9
8
4
7
9
6
3
8
7
2
6
7
3
7
2
2
0
9
4
5
6
5
13
2
11
1
2
5
3
10
3
7
5
4
2
4
10
7
11
3
7
4
8
5
8
7
0
1
5
6
5
14
11
7
2
5
2
3
2
20
6
9
9
8
13
14
5
14
6
0
13
6
4
5
15
7
1
9
6
12
9
0
17
1
12
3
8
5
10
9
8
3
0
15
6
2
9
2
2
6
0
0
9
13
15
6
7
1
8
9
3
10
3
4
2
10
0
4
16
6
5
11
2
13
4
11
3
9
6
6
1
2
3
1
6
11
15
14
9
13
6
5
1
0
6
6
3
2
