11
14
7
4
2
9
8
9
7
1
12
4
5
14
0
3
10
7
7
9
7
8
10
7
3
3
6
0
3
5
0
4
4
3
5
4
6
5
5
12
6
8
11
0
9
4
2
7
9
13
4
10
2
10
5
2
0
8
7
12
3
5
8
4
2
4
0
6
11
7
0
4
2
6
0
2
7
0
10
4
4
5
2
4
3
12
3
2
2
1
3
5
5
4
7
2
4
14
8
4
8
8
1
6
3
8
4
4
12
11
3
8
11
0
6
6
3
2
2
9
0
12
13
8
1
0
8
5
6
9
5
2
3
7
9
10
1
3
0
5
12
4
10
4
9
4
0
7
2
19
2
9
3
15
15
4
0
6
7
5
3
7
3
1
7
1
3
6
3
6
9
2
11
7
7
7
5
4
4
11
1
4
9
0
11
3
14
1
8
0
2
10
1
11
9
6
5
0
3
4
5
2
3
0
7
7
6
12
3
1
2
7
1
0
5
3
15
3
2
13
9
3
10
2
6
2
3
8
4
5
3
2
6
8
0
2
2
10
8
7
5
9
9
3
8
9
4
2
9
6
8
6
7
11
3
0
9
0
6
2
9
0
0
1
8
5
9
7
8
20
0
5
9
2
6
6
0
7
6
7
8
5
5
10
2
2
1
7
3
