11
8
6
4
10
4
0
2
5
3
1
6
3
11
2
7
2
0
9
5
5
3
3
10
0
13
12
6
2
10
4
6
14
8
5
1
13
10
6
4
2
10
20
13
10
2
11
7
7
5
7
7
18
2
4
9
11
9
9
0
4
0
3
6
8
9
11
1
7
4
0
7
3
7
4
2
7
17
5
3
6
6
4
0
1
3
12
7
2
5
10
8
4
6
4
6
7
9
6
8
13
7
5
6
3
8
14
7
17
12
5
11
7
4
4
15
3
2
9
10
1
9
10
11
19
5
9
12
13
4
2
11
2
2
11
7
4
2
9
9
3
4
0
0
6
5
0
2
4
7
6
11
0
13
3
11
14
2
10
7
1
4
10
0
0
1
1
6
5
7
6
2
10
7
1
6
14
14
2
13
6
10
2
6
7
7
3
9
7
16
3
2
5
4
14
2
9
1
5
1
2
0
10
8
7
6
6
9
5
8
10
3
3
12
6
3
8
7
10
13
1
2
5
8
2
11
14
7
0
3
4
0
13
0
2
4
0
3
5
11
6
0
8
5
6
2
11
5
2
1
9
0
2
3
6
2
2
0
9
5
13
5
4
5
1
0
8
9
5
7
11
0
4
8
1
0
4
13
12
5
1
11
0
2
0
8
7
7
14
