7
10
4
4
5
11
1
20
4
0
5
2
0
12
1
4
8
0
2
5
0
0
2
0
6
4
11
10
10
10
6
1
0
7
4
13
5
3
8
0
4
14
11
4
6
0
6
6
3
0
8
5
5
8
8
6
13
5
12
12
12
9
17
9
16
12
14
3
3
11
2
13
2
3
0
1
8
2
2
13
7
6
2
0
11
13
12
8
13
5
0
7
4
0
10
13
6
11
2
8
16
3
4
4
2
12
3
3
3
7
5
7
0
5
7
11
1
11
12
8
12
8
4
16
8
6
6
15
10
7
7
14
4
6
7
1
8
14
3
1
9
10
9
8
6
1
9
9
5
5
6
2
1
7
13
3
2
5
0
4
2
2
4
3
12
0
6
10
18
3
15
1
8
4
0
5
7
2
8
13
7
2
10
11
10
2
9
6
4
4
1
2
15
2
4
2
5
10
11
9
2
8
11
2
5
5
6
8
4
6
11
11
4
8
18
4
9
13
1
1
7
0
6
11
6
1
5
9
11
10
8
10
0
6
4
8
10
7
14
9
2
2
9
6
3
0
10
8
9
1
2
1
0
8
7
9
3
7
0
5
6
11
2
5
4
12
2
0
8
10
5
2
5
10
0
4
9
6
10
8
3
7
12
9
0
11
9
10
2
