2
11
0
5
12
7
3
9
6
6
4
5
9
2
9
6
11
5
4
1
6
6
1
5
7
15
10
5
6
10
5
0
5
2
2
6
0
0
3
3
14
3
3
14
7
8
3
2
8
3
4
6
5
12
0
3
1
0
7
5
7
5
7
5
10
9
6
12
6
0
7
7
0
10
11
8
5
5
4
5
6
12
9
0
1
9
1
5
0
4
1
4
12
10
6
4
3
10
0
8
4
8
8
6
7
3
8
6
2
9
4
6
4
8
5
8
2
7
4
3
6
6
1
7
11
11
2
8
7
2
6
3
8
6
1
8
5
2
10
8
2
0
20
0
0
7
3
2
4
6
5
2
7
6
2
4
9
7
11
1
3
15
3
16
9
7
5
6
5
5
3
12
0
4
13
6
1
6
1
1
5
0
6
7
3
1
3
5
5
7
11
1
9
9
5
5
7
8
9
1
6
0
1
4
9
5
10
1
1
14
11
4
0
3
3
0
6
4
3
2
3
5
8
2
8
4
9
4
5
7
8
3
1
7
3
0
9
1
4
8
8
5
2
8
14
1
6
11
2
4
11
0
2
11
7
9
7
1
1
0
0
9
5
2
3
4
1
4
3
3
7
0
4
6
4
1
2
8
9
3
0
8
6
8
2
2
5
1
3
