14
8
5
7
12
6
6
6
4
6
4
2
9
5
8
8
11
6
7
15
8
12
2
11
5
5
3
11
8
4
8
4
9
15
12
3
9
14
8
6
4
5
1
0
2
1
8
12
7
0
6
14
6
14
10
5
4
7
4
8
1
1
5
7
8
8
8
11
8
4
13
8
7
5
9
8
17
7
15
14
0
6
10
8
11
1
4
3
5
6
7
4
6
9
13
3
5
0
2
3
3
15
4
4
10
1
8
1
9
15
11
0
9
4
3
3
5
8
7
5
5
5
7
3
1
13
0
9
3
9
7
2
5
2
6
8
9
3
4
10
7
4
9
0
6
7
1
9
0
4
6
8
12
5
0
0
2
7
0
0
6
4
4
8
2
4
9
4
14
9
5
5
13
20
10
1
6
9
7
6
4
12
10
3
9
13
2
7
5
1
5
4
4
0
5
6
10
7
13
7
2
8
8
1
9
1
4
1
1
13
0
10
13
3
9
8
2
2
9
2
13
8
5
3
13
2
2
10
3
4
4
7
2
13
3
3
10
7
3
3
0
14
7
4
0
8
8
13
0
7
3
6
8
9
0
9
4
8
1
1
5
1
0
9
11
0
15
7
0
0
0
0
5
1
8
0
8
6
6
8
10
9
12
9
8
2
8
12
7
