3
9
5
2
0
6
2
10
4
11
3
5
5
9
4
11
7
7
8
13
6
20
0
8
6
7
5
0
2
3
2
7
0
4
2
7
1
9
2
9
2
10
13
2
9
4
11
1
5
6
11
8
4
10
4
6
15
7
1
10
4
4
6
1
18
0
9
7
7
2
6
7
1
8
4
0
15
3
8
14
1
0
6
4
6
15
7
2
7
6
5
5
3
15
0
2
6
2
8
7
7
0
2
8
4
19
12
6
4
8
9
9
2
9
10
8
0
9
10
4
6
8
9
14
5
0
10
1
10
4
0
9
4
16
7
14
8
2
4
4
10
7
5
12
4
7
7
10
7
7
5
5
4
7
6
9
1
4
0
12
0
7
5
7
7
4
9
9
5
11
0
5
5
11
6
16
13
4
3
1
4
7
7
2
6
7
6
4
4
6
6
6
1
4
3
6
3
4
6
14
3
2
1
5
1
4
6
13
2
5
0
8
4
6
9
5
14
11
2
4
7
2
5
9
6
0
8
3
6
0
8
11
0
0
2
7
6
12
6
12
14
6
10
7
3
7
9
8
5
2
14
9
2
4
1
0
0
12
6
5
9
5
6
6
3
5
6
1
6
3
1
4
8
6
0
2
19
3
6
6
8
1
9
0
4
5
3
7
15
