9
0
15
12
0
6
5
14
1
1
3
0
6
9
11
4
5
13
5
9
5
6
12
12
5
3
12
3
1
1
8
12
8
12
0
12
7
8
12
8
0
6
12
6
10
1
8
2
9
3
9
0
2
1
3
2
8
11
13
9
5
12
1
5
10
8
4
1
12
8
4
4
3
9
6
11
7
0
7
7
5
13
5
6
2
3
8
7
9
9
2
3
19
0
10
12
5
4
7
19
0
11
2
6
7
4
4
20
6
3
3
16
13
6
6
4
4
7
2
5
14
4
1
4
6
6
2
1
18
1
1
7
8
11
4
5
14
3
0
18
2
11
3
3
12
0
9
7
0
2
5
4
15
15
8
9
6
12
2
12
7
8
7
11
5
2
7
2
5
13
2
13
11
5
10
6
3
6
9
10
5
11
6
11
7
4
10
9
7
10
4
14
11
5
13
5
12
6
4
7
0
8
10
7
9
13
18
6
5
12
4
1
3
4
11
11
4
4
8
5
10
11
10
8
5
0
8
13
4
9
14
5
0
5
3
7
4
12
11
12
2
6
10
7
13
7
12
10
9
1
4
15
2
10
5
12
1
10
1
5
9
6
9
7
8
0
12
7
6
8
11
4
0
3
14
0
11
0
3
8
11
4
7
6
6
5
3
6
9
