4
5
11
0
5
3
7
1
1
0
4
8
9
12
10
8
11
5
2
0
0
1
1
5
12
0
5
1
15
4
2
0
7
9
6
4
6
10
1
1
5
10
6
0
0
3
1
1
9
10
8
6
11
13
0
2
2
5
4
12
8
8
10
1
4
3
5
8
10
3
9
0
17
9
5
0
7
11
6
14
2
1
9
6
4
5
1
4
11
3
6
3
4
7
5
5
4
10
0
7
1
4
4
7
0
1
5
7
1
7
7
5
2
3
3
11
8
0
0
9
0
6
0
3
1
6
0
3
5
1
0
4
5
5
11
0
7
0
12
8
0
7
7
1
4
4
6
3
8
9
20
4
4
8
2
4
7
3
4
12
2
8
4
4
4
9
8
5
4
8
10
7
1
4
7
10
1
5
5
8
5
0
6
0
10
5
1
0
3
4
0
3
0
7
5
2
9
11
3
11
9
14
4
4
4
14
4
7
1
10
7
3
5
3
4
1
3
4
6
3
5
0
4
5
6
5
7
11
7
4
4
2
18
11
3
4
15
3
6
15
6
8
4
7
0
11
8
2
6
7
9
5
4
6
0
4
10
7
1
2
6
8
3
0
3
14
5
4
3
7
4
12
0
11
7
5
3
1
5
5
3
3
3
2
8
7
10
4
7
