2
5
6
6
6
3
2
13
18
6
3
14
7
6
6
3
5
4
0
9
0
3
12
3
9
5
10
2
8
1
4
15
7
3
4
10
9
4
8
1
8
17
2
10
0
3
13
13
6
9
10
9
11
2
14
13
5
2
9
1
3
4
5
6
7
11
11
4
6
7
10
0
15
8
4
0
17
12
1
7
11
10
15
12
6
4
5
0
7
12
13
8
0
4
0
7
5
8
6
8
4
0
5
7
17
5
2
10
2
12
5
3
6
10
9
12
9
11
10
5
10
11
12
9
14
3
0
6
1
2
3
9
3
10
1
1
17
16
9
11
12
5
11
6
18
10
7
6
3
13
1
5
2
5
0
8
10
7
8
9
13
7
8
2
4
4
6
4
4
6
7
18
5
2
6
0
7
9
12
13
2
12
5
2
2
11
0
4
5
5
0
9
6
14
3
9
7
0
3
19
10
6
1
10
0
2
5
9
1
4
6
12
6
2
9
0
7
12
5
0
5
5
11
9
5
14
5
8
4
5
6
7
10
6
4
7
6
3
3
5
7
6
9
0
13
1
2
10
5
13
5
11
3
6
7
5
4
8
20
8
1
5
13
2
9
0
6
12
11
1
0
4
4
18
3
9
4
11
8
5
17
2
6
6
4
17
6
15
1
