3
7
8
7
3
0
5
2
7
14
6
7
6
2
2
12
0
2
11
8
4
5
1
8
6
7
2
5
2
5
9
5
0
8
8
2
14
11
9
0
5
6
15
11
13
13
3
3
10
7
5
6
5
8
0
8
10
9
3
1
1
14
4
5
2
0
7
2
0
6
0
4
5
8
2
10
5
12
5
7
13
0
2
8
5
8
8
17
3
5
12
7
10
1
8
6
2
7
5
3
3
11
4
0
2
5
4
4
6
12
3
3
1
7
1
3
1
10
1
7
17
8
7
7
6
6
4
0
2
8
12
6
9
8
2
12
9
1
0
9
0
2
5
3
2
7
10
5
4
5
6
5
7
5
10
15
17
4
7
9
8
1
0
3
8
13
5
6
0
11
2
2
1
10
7
5
5
2
5
6
6
5
11
3
0
6
8
8
6
9
1
2
0
7
7
9
0
14
3
11
2
5
9
1
6
9
4
9
7
9
2
4
15
6
8
15
5
8
6
5
6
3
9
20
5
3
6
8
3
0
11
9
7
11
6
2
5
5
4
11
10
8
11
6
7
5
3
12
8
11
7
7
13
11
5
4
0
14
12
0
0
8
16
4
2
0
1
3
3
8
4
3
14
18
7
2
0
3
0
3
2
2
1
2
3
0
4
9
4
