17
8
1
13
0
5
7
0
10
9
3
19
10
2
8
8
7
5
10
12
2
0
15
2
9
10
4
5
10
19
2
10
4
12
6
9
0
7
5
8
7
5
6
0
2
10
8
13
10
9
4
8
1
4
4
20
9
1
6
7
12
5
17
1
5
7
8
13
11
7
7
8
6
2
3
2
9
0
8
8
12
8
0
1
0
4
3
4
3
11
5
6
7
3
0
1
9
4
0
12
0
3
5
11
6
7
2
8
6
5
8
3
10
2
4
0
1
3
13
5
9
5
0
7
8
7
11
1
8
13
1
9
11
6
6
1
15
4
15
0
2
13
12
3
1
7
4
2
7
1
10
5
5
11
4
11
4
12
6
0
4
12
4
10
8
4
7
3
4
9
4
7
5
8
3
14
7
9
3
9
16
6
12
1
10
14
9
2
6
7
4
9
4
4
5
4
3
3
8
5
0
6
4
16
4
4
3
14
6
3
7
12
2
12
2
4
3
7
3
2
0
14
10
3
10
7
3
14
6
8
9
17
5
9
4
1
4
7
12
7
2
13
3
4
4
6
8
7
3
4
8
5
4
7
19
0
10
8
5
11
18
1
13
6
6
1
15
11
10
7
13
8
4
3
4
9
6
4
13
8
5
6
6
4
0
4
5
8
2
