12
7
0
7
6
16
1
7
8
6
10
9
5
5
8
5
11
6
12
3
16
3
16
0
2
11
0
1
0
11
3
15
7
0
16
7
0
9
6
10
7
2
8
10
3
8
8
5
1
16
18
7
7
0
5
5
12
5
12
0
6
2
11
10
4
7
10
14
5
1
0
10
6
3
11
5
2
16
9
6
8
15
12
9
5
1
2
6
4
4
11
0
6
2
2
12
7
4
8
6
7
8
8
14
11
4
7
12
2
7
2
18
15
0
7
0
7
13
10
10
7
4
4
16
9
12
8
8
4
1
20
0
13
2
8
10
7
11
15
9
7
3
0
5
4
13
2
8
6
9
4
12
11
0
13
1
4
5
3
9
5
8
8
3
5
11
5
0
4
8
1
15
6
3
6
6
13
13
7
11
10
11
7
4
4
6
4
11
3
5
11
9
4
7
2
4
8
10
0
6
0
11
6
4
2
2
6
6
4
0
13
14
4
9
12
4
6
0
0
8
2
9
4
7
2
5
14
0
11
4
1
0
15
3
7
4
8
1
6
11
3
4
10
0
6
4
7
2
10
3
0
2
13
9
7
3
9
7
0
4
17
0
5
4
10
3
5
2
9
11
11
4
14
2
9
4
7
6
8
14
10
0
16
2
0
12
3
0
6
