4
0
12
5
3
4
2
7
6
3
10
1
6
7
7
6
6
5
1
6
6
7
5
10
1
8
5
0
2
0
8
0
0
7
7
1
4
4
1
13
5
3
12
5
9
8
0
6
5
6
4
1
11
11
5
5
11
6
8
5
7
5
0
4
10
1
4
4
2
1
5
10
7
8
3
0
5
6
6
9
6
8
8
1
1
3
6
7
0
3
8
4
2
2
5
4
4
3
13
5
4
4
7
9
2
6
12
13
11
6
1
4
5
5
14
7
2
0
3
7
0
2
11
1
1
2
4
5
4
5
3
2
4
1
5
5
4
10
1
5
2
5
6
7
11
2
4
9
11
0
6
6
5
5
3
11
3
5
7
13
4
0
6
3
2
3
9
10
9
0
4
8
10
8
9
5
5
3
8
8
6
2
3
7
4
3
7
12
0
7
8
3
11
8
4
7
10
5
0
5
3
11
0
8
10
0
4
2
7
4
0
7
0
6
1
6
6
4
1
9
2
5
0
12
8
8
7
10
7
4
5
7
5
4
8
1
4
9
6
10
20
2
4
6
9
9
7
6
0
3
7
4
2
3
1
10
10
7
3
6
3
2
2
2
2
10
2
2
7
2
5
10
4
2
4
8
0
2
4
5
1
1
4
3
5
11
3
2
5
