2
9
10
1
8
1
9
2
7
3
8
15
5
2
4
3
2
0
0
14
4
4
5
6
10
4
3
0
9
0
0
20
0
8
14
7
7
7
6
7
2
0
0
0
5
1
7
0
3
7
8
1
10
3
3
0
5
2
1
8
17
7
12
0
10
4
5
11
3
5
11
9
2
4
5
13
3
14
0
8
9
10
9
5
13
0
13
0
0
1
10
11
5
11
5
2
8
8
3
6
8
1
4
4
5
4
3
6
5
2
3
8
3
9
9
6
1
0
5
9
5
9
6
7
16
1
5
7
6
6
0
5
0
16
7
6
1
8
14
5
6
9
2
6
3
1
4
7
6
8
6
6
12
10
8
7
8
1
0
6
9
2
13
4
12
6
6
2
7
7
6
12
7
17
11
4
4
9
5
12
11
11
2
9
7
6
6
2
8
4
4
5
1
4
5
4
10
4
4
2
6
5
2
8
2
4
6
9
6
7
10
10
11
2
8
2
2
3
5
0
4
1
14
1
6
2
5
6
0
0
6
11
2
12
3
7
9
9
6
10
3
4
6
7
1
2
7
2
10
11
4
2
1
3
1
5
3
2
0
8
10
0
7
0
14
5
2
8
7
0
7
3
1
5
7
4
9
4
4
9
4
6
1
4
6
6
5
0
3
