12
7
12
4
6
9
6
2
15
0
14
10
0
18
1
6
10
0
9
13
8
10
13
7
7
8
9
0
6
13
2
8
9
14
16
3
3
9
8
6
3
9
4
4
0
9
1
8
3
11
9
11
6
18
12
5
17
5
8
5
0
11
1
3
7
3
0
10
12
8
8
9
2
1
4
9
8
1
5
10
18
11
5
12
14
5
14
6
2
2
0
4
0
4
9
6
6
7
6
3
2
0
2
1
15
0
12
8
4
7
5
4
10
7
6
3
11
2
5
0
11
14
0
9
0
0
3
11
9
9
1
17
7
7
3
13
9
12
17
3
0
2
9
9
11
0
10
3
9
4
15
6
15
6
11
4
6
0
2
8
2
5
0
8
0
8
10
3
7
5
5
5
0
8
6
0
10
10
17
9
8
5
2
6
9
20
9
8
4
2
5
12
9
9
0
2
7
11
8
11
3
1
9
8
3
4
13
5
3
13
4
14
9
7
6
12
8
12
5
2
5
9
1
0
15
12
8
5
10
2
2
1
11
9
7
2
6
6
1
9
7
11
0
11
7
7
0
12
6
7
7
9
8
7
3
12
8
5
8
2
2
11
5
10
2
7
7
0
16
0
3
11
9
1
5
7
9
4
3
13
15
10
3
9
3
18
0
4
0
