5
3
8
14
3
8
7
1
10
2
15
6
2
1
2
5
6
4
13
6
0
5
7
8
4
1
9
1
0
9
5
4
5
2
10
4
11
6
5
5
13
13
5
6
1
15
4
7
1
7
3
12
11
5
14
8
4
6
18
3
9
5
0
3
10
11
9
7
8
5
4
6
9
9
11
6
12
6
10
4
1
4
12
5
3
9
9
6
8
3
1
6
4
2
0
5
4
7
6
14
6
13
9
5
6
2
12
6
0
3
7
0
3
7
12
13
6
3
0
8
5
7
2
5
13
6
0
10
1
7
2
12
0
0
13
4
1
3
9
5
1
6
6
0
2
5
3
3
8
10
0
0
0
3
6
2
10
0
6
6
5
7
9
4
10
0
10
11
9
5
9
0
7
10
3
2
17
10
3
11
5
0
9
7
9
6
7
4
6
10
10
9
9
4
12
2
1
4
0
13
3
0
1
5
4
5
11
5
7
2
11
4
9
1
4
2
6
6
13
4
12
0
16
2
1
18
8
10
19
5
11
12
4
12
20
2
11
0
4
3
3
5
11
7
6
0
5
0
9
15
4
4
16
8
0
11
2
3
10
19
0
13
7
7
2
5
5
9
6
4
12
4
5
13
8
3
5
2
3
10
8
10
3
3
13
2
3
6
3
