2
6
0
4
15
3
10
9
8
12
3
9
1
11
5
4
4
3
0
0
0
2
0
4
2
0
9
14
10
9
14
18
5
2
0
0
0
5
5
3
10
0
12
7
7
2
3
5
3
3
12
1
7
5
5
0
0
9
3
7
7
5
5
10
0
1
11
2
9
1
3
3
0
11
6
1
6
9
5
4
7
6
0
8
9
3
0
11
8
4
16
4
2
15
6
5
5
11
9
7
5
5
7
2
2
6
6
1
0
2
4
5
0
11
4
0
1
3
3
2
9
0
8
8
2
0
9
6
0
5
2
3
7
5
6
2
4
10
9
4
12
9
1
2
6
6
10
8
11
4
11
8
0
7
7
2
10
0
7
9
7
10
0
1
3
6
13
0
3
20
0
8
0
2
14
6
2
7
1
0
9
10
5
2
15
3
3
1
5
3
8
0
5
1
0
10
9
4
1
15
13
8
8
1
6
10
1
11
13
2
7
0
5
9
4
6
9
12
6
3
11
11
6
4
6
11
5
7
3
6
3
4
11
2
9
0
0
4
5
12
4
9
3
7
3
5
6
1
6
4
0
5
5
12
13
1
3
11
0
3
5
7
4
9
1
3
5
5
0
7
4
9
8
11
10
2
8
1
9
14
1
7
3
5
13
6
5
11
0
