6
3
1
6
15
8
5
0
10
6
10
8
7
3
9
8
7
3
2
3
0
20
9
2
8
15
11
5
3
2
6
7
6
0
10
17
12
7
0
9
10
5
3
11
7
0
3
0
6
9
5
4
13
1
6
7
3
3
5
7
9
2
3
4
6
7
4
5
2
15
6
10
1
7
0
4
9
10
12
8
15
4
3
8
8
2
5
2
2
2
8
5
0
10
12
5
4
0
3
4
0
12
8
12
4
9
12
10
3
6
3
7
3
6
4
7
5
6
9
7
8
12
0
7
9
5
3
1
5
9
4
6
8
1
9
7
6
5
5
14
3
4
5
7
0
8
11
6
3
6
12
10
2
9
11
6
8
5
15
11
5
1
2
9
8
5
1
2
0
7
11
1
4
1
10
5
4
0
6
0
0
2
8
0
3
4
5
7
3
3
1
7
5
6
12
3
11
13
7
5
0
12
11
3
10
0
0
10
12
7
10
4
10
17
8
5
0
5
7
4
8
16
16
11
11
6
3
14
12
2
4
4
2
7
1
2
9
5
8
3
15
6
9
8
12
0
10
8
14
5
10
10
7
2
4
8
1
6
6
3
1
8
10
6
0
4
9
3
8
8
5
4
9
10
1
5
8
11
6
8
5
5
6
3
11
4
11
8
13
