6
3
6
3
2
5
0
6
4
8
4
1
3
5
4
5
6
9
8
1
6
15
5
0
8
8
4
1
3
4
3
5
8
13
0
4
4
2
7
1
0
8
1
8
6
0
0
5
3
3
2
1
6
4
8
7
9
7
4
0
1
6
0
1
5
4
0
6
2
7
4
2
0
20
2
5
5
5
5
6
8
5
4
5
4
2
1
1
0
5
3
10
4
4
8
0
1
7
4
3
2
2
3
8
10
6
2
7
1
5
8
2
0
3
4
0
5
8
1
7
2
1
5
4
4
9
7
5
0
0
3
4
6
7
2
1
0
5
0
9
3
3
1
3
3
3
1
3
6
8
2
6
5
5
0
1
6
4
4
2
0
6
5
4
4
4
0
8
6
7
0
4
0
9
2
5
2
4
1
3
6
6
7
5
7
9
9
6
8
5
5
6
4
7
8
2
3
2
1
0
6
7
3
8
4
8
0
5
2
9
1
8
11
2
0
3
7
3
9
1
2
7
0
8
2
5
6
6
1
0
10
12
1
3
3
6
2
3
2
5
2
3
13
2
5
5
2
6
2
3
4
0
6
1
0
0
1
5
6
1
1
4
8
2
7
6
7
5
7
5
2
8
11
8
4
0
11
1
1
2
4
1
6
0
6
0
5
3
7
