6
12
7
0
9
8
10
3
0
6
4
13
4
11
4
2
1
10
0
8
0
2
20
0
0
5
4
4
3
3
3
6
3
5
6
8
4
7
2
8
5
11
8
4
7
9
3
7
6
2
6
9
5
11
3
0
8
2
11
10
10
5
10
7
6
3
4
0
8
0
5
2
10
8
12
3
7
4
12
2
6
1
0
5
11
6
6
4
10
5
1
5
7
13
7
1
9
0
3
5
3
10
1
12
0
6
1
3
0
6
13
5
4
1
7
0
2
5
4
9
6
8
9
10
0
4
5
14
2
8
7
3
3
4
3
4
9
7
0
8
0
3
3
6
10
5
0
5
12
3
6
7
7
10
0
8
7
9
7
5
9
4
4
4
7
6
11
0
10
8
2
5
6
9
2
9
0
6
7
8
6
3
5
3
18
4
4
0
1
8
10
9
1
4
11
18
8
0
2
0
4
8
7
8
14
5
5
7
7
6
3
5
2
4
3
7
1
6
0
0
4
0
12
0
9
2
7
2
13
2
4
3
1
12
19
9
9
7
14
4
6
5
1
4
11
8
8
7
3
4
7
8
11
0
6
3
4
0
7
5
2
5
11
8
3
5
10
9
12
10
1
8
9
5
7
0
7
0
6
1
7
7
6
5
3
5
7
14
4
