0
6
13
8
3
10
7
8
9
2
3
8
2
5
7
7
9
3
9
10
0
15
0
19
8
6
7
4
4
5
4
0
6
6
6
4
15
13
14
0
6
6
1
5
3
0
12
9
11
11
4
9
3
9
16
8
8
6
4
5
6
14
4
0
0
12
2
7
10
16
0
13
5
15
0
9
0
3
4
9
3
5
8
2
1
7
5
0
14
5
7
4
10
8
6
6
9
15
6
3
12
10
7
7
6
1
16
2
6
8
6
1
0
13
7
8
10
0
17
1
2
8
7
4
4
2
5
1
4
7
3
17
3
0
0
3
10
9
8
12
12
10
3
5
5
7
10
12
9
14
7
8
1
1
12
2
9
9
9
12
2
10
7
13
4
12
13
6
13
2
0
6
7
6
11
1
15
3
9
9
0
5
8
5
5
8
0
8
5
8
10
5
12
2
9
8
10
6
6
8
7
13
10
6
3
1
4
8
0
3
0
3
11
5
4
8
3
3
8
2
1
7
5
14
10
7
13
5
10
11
4
6
1
5
6
11
3
4
0
4
0
0
6
6
8
12
8
3
6
4
0
0
7
5
9
5
0
11
10
6
7
14
7
14
11
3
4
6
3
9
5
20
8
7
8
4
4
10
12
6
5
7
2
6
7
0
7
9
16
