2
7
7
9
5
3
5
8
1
8
5
12
4
6
4
0
6
9
9
11
10
2
2
7
0
6
7
10
5
15
0
11
1
7
5
1
1
5
15
0
7
10
3
11
11
1
9
0
7
4
5
7
6
3
7
6
6
7
2
4
10
3
14
7
4
12
0
3
6
8
10
12
0
10
6
1
3
5
6
4
5
4
1
0
3
3
7
17
4
10
5
14
13
4
0
6
5
10
9
5
8
4
18
12
10
18
13
5
0
20
9
3
5
2
5
7
17
11
2
1
7
1
5
12
4
14
4
8
7
9
15
7
10
0
7
0
6
1
4
11
5
3
4
11
7
9
1
12
9
11
2
7
4
0
6
9
9
13
4
7
5
10
7
5
5
4
6
8
7
4
0
3
12
15
7
13
1
0
8
8
0
11
3
1
2
0
13
11
4
6
9
6
5
0
3
6
5
9
7
4
0
0
0
6
5
9
1
4
7
4
8
10
16
8
7
13
2
4
0
8
4
3
1
11
5
5
12
2
0
6
4
6
2
8
5
0
12
8
8
9
0
9
10
4
0
6
3
16
3
0
8
11
10
5
4
4
6
7
2
7
8
1
13
6
0
14
11
9
3
8
0
6
3
4
1
4
7
3
3
15
2
7
1
13
4
2
4
11
11
