4
8
10
7
13
7
3
7
7
6
3
5
4
8
6
9
8
4
9
6
15
15
11
7
7
4
6
9
15
9
7
10
2
7
0
6
0
17
9
14
9
6
0
8
12
6
3
9
6
11
3
1
2
2
8
1
0
2
14
3
15
0
8
18
7
10
7
9
11
11
6
13
12
9
7
0
6
10
7
9
1
5
2
1
11
6
2
10
14
1
6
10
8
3
6
10
2
6
0
6
10
11
11
2
5
8
8
9
5
14
13
13
12
7
3
8
5
6
5
12
3
0
6
0
14
9
8
7
10
14
1
9
7
2
8
12
3
0
16
2
20
8
0
4
0
11
12
7
7
3
3
10
5
5
8
3
2
7
3
12
4
12
0
4
2
4
6
3
2
8
6
4
6
11
4
4
5
5
7
18
12
11
2
4
15
7
13
4
9
7
17
7
9
6
7
9
10
4
1
3
6
9
18
13
6
3
0
4
2
4
16
9
13
6
6
0
6
16
5
13
1
12
5
0
8
0
8
2
6
4
3
6
6
10
2
9
4
6
9
5
3
4
3
4
10
2
2
4
5
6
9
10
6
4
3
5
5
2
5
12
12
2
16
7
0
1
0
0
3
9
10
6
0
9
8
9
4
7
10
5
12
15
15
13
8
7
15
12
5
