2
4
1
4
8
3
13
5
5
7
5
15
13
1
1
7
2
8
9
5
6
0
6
8
4
2
0
6
9
12
7
4
4
2
6
20
1
2
5
9
7
3
1
6
9
9
3
9
0
9
2
7
0
10
2
14
0
10
7
9
6
10
10
11
7
4
8
11
6
0
1
10
4
5
8
16
1
9
6
7
12
10
10
4
10
10
9
3
11
0
9
8
8
6
8
7
0
4
7
3
3
0
7
0
4
6
0
9
0
4
9
0
7
6
10
6
6
4
5
1
4
8
12
8
9
7
8
10
9
1
5
8
6
7
7
0
3
3
2
0
5
4
6
6
7
0
11
15
2
1
9
5
0
7
13
9
9
1
0
1
10
0
6
4
12
0
13
3
1
3
4
10
3
3
2
8
3
2
5
5
3
6
5
0
1
4
4
1
7
5
4
8
2
9
3
7
2
5
2
7
8
7
6
11
3
6
1
3
9
8
10
10
0
9
4
2
3
11
6
8
5
9
6
5
12
2
4
13
10
7
3
0
1
1
1
5
9
1
7
3
9
8
8
0
5
10
8
7
2
9
6
4
2
12
1
5
4
15
8
0
0
5
7
5
7
0
4
9
3
1
6
11
10
11
2
9
8
10
2
2
5
2
0
1
10
9
7
2
14
