8
13
7
3
7
7
8
8
0
7
3
5
4
6
2
1
8
6
3
0
2
6
3
9
8
9
3
2
0
2
8
13
0
4
8
9
6
2
2
6
12
0
6
6
3
4
3
6
12
2
3
5
6
8
6
7
2
7
0
5
7
2
4
10
1
4
6
1
4
7
4
1
7
2
4
3
3
14
10
15
9
6
6
7
9
3
10
8
14
6
3
3
8
8
4
3
0
4
6
15
4
1
6
2
11
4
3
3
1
4
2
5
5
6
14
2
10
10
3
7
9
11
8
0
7
4
8
4
8
1
0
9
4
2
8
4
6
0
1
10
5
2
9
9
7
6
7
6
4
4
3
0
10
4
3
15
0
2
4
4
8
11
5
4
6
10
13
4
3
1
12
8
2
1
1
13
3
18
6
4
6
8
3
6
0
6
2
2
2
3
13
15
4
3
5
1
8
3
8
13
13
3
1
6
1
11
10
9
0
5
4
7
2
6
0
2
9
7
1
6
6
4
0
8
5
8
7
7
7
9
2
11
9
15
0
3
8
8
1
11
13
9
2
3
1
7
3
3
6
7
8
5
0
9
7
11
6
8
2
1
4
1
2
1
2
10
6
3
5
11
6
5
11
3
8
5
9
5
6
20
2
1
15
2
6
8
4
7
8
