2
10
0
9
10
4
11
16
7
17
7
4
7
13
9
5
10
6
0
11
17
9
10
2
6
13
7
8
6
10
2
16
6
7
5
11
9
11
2
9
0
12
4
4
1
9
6
9
2
12
12
9
0
2
1
7
11
10
6
7
7
3
6
8
7
10
9
4
0
2
5
8
10
6
9
5
14
5
4
11
1
3
6
7
2
9
6
4
5
5
8
2
14
6
11
12
3
1
8
6
4
9
3
13
11
4
9
6
7
3
9
1
15
0
7
6
0
17
8
8
5
8
8
5
13
0
1
0
13
13
11
4
5
7
6
14
8
3
8
16
5
11
0
11
2
6
8
13
10
7
6
1
13
4
3
4
6
4
9
1
17
0
17
1
5
10
2
20
5
1
10
1
3
4
4
8
0
7
6
1
1
10
13
6
8
3
7
3
6
5
11
3
12
6
2
0
4
6
0
5
1
7
4
3
11
10
5
18
7
7
1
5
10
0
8
7
3
1
10
18
7
2
1
5
7
3
7
9
4
3
4
8
8
14
3
3
7
10
6
10
6
3
1
9
13
4
16
4
17
8
6
1
11
14
7
0
6
0
2
9
2
9
10
7
4
2
4
6
5
0
8
5
3
1
8
0
5
0
6
0
8
8
0
10
4
4
9
4
4
