9
8
0
0
14
2
0
11
6
8
3
13
12
8
2
12
7
5
1
8
5
2
5
2
10
5
7
9
3
8
0
6
10
15
13
2
1
4
7
8
4
7
1
4
12
6
6
12
16
13
9
0
8
10
10
7
8
3
14
15
9
8
1
4
15
11
7
7
11
5
2
9
2
10
11
9
3
6
9
2
0
3
10
10
13
6
6
12
11
9
11
13
9
5
10
8
0
8
9
10
3
7
14
2
11
7
4
15
6
7
8
2
0
7
0
5
5
5
0
5
0
10
1
3
10
7
1
9
6
5
11
10
6
7
0
2
4
2
1
8
3
3
0
7
8
4
14
11
5
15
6
3
2
10
11
8
9
3
6
12
1
11
4
4
3
0
5
0
4
7
2
7
0
12
12
7
2
8
10
12
6
6
0
8
4
5
6
13
9
7
4
8
5
14
10
3
3
1
14
13
4
9
3
6
3
8
5
1
8
2
5
5
7
5
18
11
10
3
0
7
0
1
5
2
12
20
6
5
5
0
9
5
0
12
8
8
10
3
5
9
13
0
6
9
3
12
7
8
3
4
5
9
11
3
9
17
10
5
1
0
9
9
6
0
4
3
0
10
0
10
5
9
10
0
3
8
7
2
7
9
10
8
5
8
5
1
6
11
5
