1
2
7
17
14
9
17
1
8
6
8
1
15
5
9
13
4
1
3
13
3
15
6
5
9
5
5
12
10
6
4
9
4
12
11
4
13
0
10
3
5
7
1
6
8
2
10
4
0
3
3
19
9
14
0
0
3
10
0
13
7
2
4
7
11
1
4
7
6
13
3
8
8
12
9
7
0
7
5
3
10
15
11
15
11
2
5
1
11
3
6
9
9
11
8
8
11
13
5
10
15
8
15
9
9
3
2
8
4
12
18
8
12
1
0
6
8
11
8
1
3
6
4
0
6
8
16
9
11
2
8
1
6
6
4
6
5
19
0
12
9
5
1
0
1
0
13
3
13
5
9
8
9
6
9
12
4
6
13
6
7
1
0
2
16
9
0
3
3
6
7
8
10
0
5
10
4
7
2
6
8
1
14
13
5
13
9
2
2
4
0
11
8
16
13
11
6
13
4
6
4
3
8
5
3
6
0
6
10
9
11
6
0
7
13
0
0
5
0
8
8
9
3
6
2
1
10
19
1
12
10
4
10
6
5
17
13
8
17
1
4
6
8
6
2
1
13
12
6
2
5
5
0
14
4
6
1
12
5
7
7
0
8
3
9
20
5
8
5
12
3
11
3
11
14
8
0
7
5
9
4
6
1
10
13
11
2
8
2
