8
2
9
3
4
1
1
6
11
11
0
11
4
5
3
5
15
12
2
4
7
6
5
7
3
16
4
9
9
2
9
0
8
4
5
5
0
1
0
0
10
13
7
13
6
15
0
9
5
7
3
4
0
0
6
7
8
13
4
5
3
6
11
10
13
1
10
13
7
10
7
7
7
7
10
2
3
0
5
3
0
4
8
0
1
15
1
2
15
3
0
7
6
4
5
13
7
9
11
5
6
4
8
8
2
3
4
7
7
3
1
1
3
0
13
12
13
13
8
1
4
3
6
7
7
6
7
3
11
0
7
10
4
2
3
6
4
12
11
6
2
5
3
14
3
4
5
3
3
6
11
9
10
3
13
1
11
0
4
4
12
3
0
3
11
0
10
0
17
6
1
7
5
3
3
2
8
5
6
8
9
8
13
1
6
3
16
5
4
2
6
9
5
6
7
8
1
9
0
7
4
11
13
7
13
5
12
3
18
5
5
9
5
5
11
11
11
3
10
2
12
0
5
8
6
1
4
4
14
6
6
0
2
3
8
4
3
11
0
4
8
1
4
5
9
11
2
0
3
8
4
9
0
0
4
6
3
5
1
13
7
5
20
11
6
3
4
16
9
11
5
9
12
2
10
8
5
4
5
9
8
0
5
2
8
7
6
10
7
