12
4
7
4
9
8
8
0
5
8
5
2
14
0
4
7
7
2
6
5
1
8
13
10
2
8
7
4
7
7
2
1
5
9
6
14
4
5
2
3
19
14
3
3
0
5
12
8
2
3
1
9
3
0
12
5
4
6
12
0
1
4
11
0
18
8
10
4
4
5
10
0
7
6
6
17
9
2
6
11
4
3
9
14
7
4
9
9
2
9
16
1
7
3
6
5
5
7
12
4
10
10
5
6
2
6
10
3
6
6
15
6
0
7
8
10
0
4
0
9
2
20
15
6
7
7
11
3
11
0
10
15
2
14
4
17
15
8
12
2
14
7
2
2
6
11
0
11
10
1
2
8
6
12
0
12
3
16
18
3
2
5
13
1
10
9
1
12
1
2
0
9
8
3
0
0
8
5
2
9
4
0
10
4
9
0
0
6
0
5
8
12
10
10
2
0
5
8
0
3
11
10
9
7
6
15
5
9
2
0
0
6
3
3
0
5
7
0
3
8
9
11
4
4
15
4
6
8
8
8
0
7
8
6
11
5
0
6
4
5
6
4
9
7
3
2
5
8
19
1
4
10
19
8
11
6
0
7
7
0
7
13
9
8
1
10
3
4
2
5
2
0
6
3
8
4
6
4
6
0
3
14
1
3
6
4
7
0
11
