1
8
5
8
3
16
2
14
7
5
2
9
3
4
4
1
3
5
5
5
0
4
1
0
3
5
9
5
13
7
8
6
13
8
8
2
0
1
8
10
0
2
2
6
1
7
2
3
5
3
10
8
0
5
11
4
3
7
5
20
7
7
14
2
7
1
10
6
10
8
7
5
9
3
7
7
5
2
0
2
5
6
7
10
5
0
3
0
5
13
16
3
12
10
6
10
3
14
0
0
13
0
8
6
0
3
6
8
6
0
6
0
4
0
7
2
5
7
12
12
6
7
5
5
3
8
0
13
0
11
8
5
7
7
8
1
2
14
8
7
16
1
1
6
7
12
0
5
3
10
1
8
7
5
0
9
8
5
5
5
2
5
7
0
5
4
7
11
7
3
8
0
2
3
6
13
0
0
1
11
7
5
5
4
1
8
10
9
3
3
2
5
8
4
7
14
7
5
7
0
7
4
11
7
7
10
17
5
13
13
6
6
8
6
8
8
2
10
4
2
4
3
2
9
2
6
0
15
7
2
11
0
3
6
4
2
1
8
3
1
4
10
9
11
14
2
14
7
0
9
3
14
1
7
3
9
0
10
8
4
9
2
3
5
11
4
3
11
7
14
7
0
5
1
5
4
4
9
4
7
6
2
4
11
8
2
0
2
2
