0
9
8
3
2
16
1
9
13
5
7
7
17
4
13
0
7
6
11
11
6
3
2
13
9
3
7
3
10
5
2
3
10
5
6
3
5
6
6
9
13
5
7
5
19
2
6
10
4
8
11
4
10
4
3
6
3
6
3
5
9
9
14
7
10
7
5
4
7
8
7
8
3
7
10
6
6
4
14
3
8
14
6
5
3
10
15
5
6
7
0
5
8
4
4
13
10
9
3
6
3
6
0
5
7
1
11
4
12
1
5
13
11
7
10
3
9
7
2
14
9
6
5
0
7
4
7
10
9
7
13
0
9
5
4
8
3
9
6
4
11
3
4
1
0
1
5
4
14
8
0
7
7
4
7
2
1
14
0
6
4
10
6
1
6
3
6
4
8
4
8
0
0
0
7
1
4
1
5
14
3
5
13
8
15
9
1
4
5
3
15
4
3
12
4
8
4
4
9
8
1
15
3
12
4
11
2
0
5
1
4
8
6
6
2
19
6
0
11
16
20
8
7
2
4
8
15
9
0
0
6
9
2
6
4
6
9
13
2
1
2
7
3
0
13
6
0
8
0
6
12
7
13
13
9
6
17
3
0
7
5
9
4
12
1
7
3
3
4
9
14
5
3
3
6
5
5
2
12
0
3
10
4
2
2
7
0
0
0
