4
9
4
8
14
11
11
8
8
4
6
11
11
0
0
12
4
7
0
6
8
10
6
15
10
10
2
8
4
5
2
5
5
5
0
7
4
10
4
6
1
4
3
5
8
10
10
20
10
12
5
6
4
6
12
17
9
0
6
0
1
11
6
9
0
7
12
12
6
6
8
3
7
1
1
9
8
0
7
8
4
7
7
5
5
10
6
15
7
6
7
4
7
19
3
10
5
8
13
13
3
3
4
1
4
10
8
7
8
0
12
11
1
8
3
8
7
8
10
2
9
4
0
9
8
14
5
3
4
4
3
5
11
8
13
7
9
2
14
8
7
4
3
14
17
18
4
0
9
4
2
8
7
2
8
3
1
1
11
2
2
1
0
0
8
2
3
8
10
7
0
4
4
7
13
7
13
7
7
13
12
2
5
7
6
7
4
10
0
7
8
10
11
4
15
5
3
4
16
8
7
5
4
7
14
11
2
2
4
8
5
2
6
2
5
6
4
4
10
5
16
7
3
12
10
17
0
1
5
11
0
3
10
6
3
7
5
14
5
6
2
0
3
3
10
9
0
0
11
3
8
2
2
1
6
14
5
14
7
4
14
2
2
7
9
1
7
11
1
2
0
7
6
2
9
10
1
6
11
9
6
7
7
6
0
0
5
6
13
