1
2
5
9
0
2
5
10
4
15
1
8
2
11
6
2
2
9
5
12
12
0
7
4
7
4
7
8
3
9
11
7
8
8
4
8
2
3
7
6
7
7
0
7
8
0
2
5
15
10
4
6
3
8
5
8
10
11
0
0
9
0
2
1
6
6
5
6
1
7
11
9
11
13
1
4
9
0
7
4
0
5
8
7
0
0
2
9
8
4
5
8
4
8
6
9
8
2
4
3
5
2
2
14
0
5
4
10
12
6
4
9
8
3
6
5
6
4
10
4
2
7
17
0
17
7
3
3
8
0
5
20
0
6
12
9
6
8
8
5
4
15
15
10
8
8
6
6
3
11
0
4
4
6
1
12
12
12
2
7
12
2
7
10
4
8
5
5
12
10
7
4
15
6
3
13
6
6
6
0
13
6
9
0
7
12
5
6
10
4
0
16
8
2
7
3
4
7
14
4
0
7
1
6
10
13
1
7
7
2
4
3
8
4
0
7
11
3
10
3
5
2
10
14
1
8
2
4
6
12
4
6
3
5
2
1
7
5
6
11
17
0
2
7
2
12
3
11
0
8
14
11
17
8
8
8
8
0
2
2
6
3
6
2
5
8
7
12
11
7
9
12
8
11
0
7
4
8
2
16
1
4
14
5
5
5
3
7
2
