0
6
11
4
10
7
8
7
9
8
10
10
6
4
11
3
8
12
8
10
10
8
8
5
3
8
0
6
8
5
2
11
7
19
10
5
8
6
13
6
14
1
10
0
2
5
6
7
9
5
1
6
7
4
8
2
4
0
1
8
3
5
10
7
8
3
10
8
2
4
9
1
11
0
7
0
0
6
8
12
11
3
4
2
13
7
4
11
7
1
14
11
9
14
1
15
0
12
10
12
12
0
5
4
0
6
9
6
9
6
13
9
18
8
10
6
6
8
13
15
7
7
8
10
9
14
9
4
7
5
5
0
4
5
3
12
8
2
2
2
7
6
6
9
3
5
9
3
6
9
8
4
9
5
7
9
5
3
6
1
9
18
9
0
9
3
18
0
1
3
3
7
8
10
5
3
11
1
7
5
10
9
7
6
5
13
5
14
11
4
0
4
1
1
16
13
2
3
7
11
2
3
12
0
5
12
2
5
1
10
2
4
8
3
9
3
11
6
8
8
4
8
1
3
7
7
1
1
3
0
6
3
2
3
6
2
5
7
6
16
5
7
11
8
2
7
8
13
9
4
1
3
0
3
3
9
14
8
15
5
2
7
4
7
6
6
6
7
6
14
0
8
1
10
5
2
4
7
14
16
2
6
12
20
14
0
13
7
2
