8
5
8
5
4
9
3
14
9
1
14
3
8
10
4
5
8
3
4
4
5
17
12
0
9
1
8
10
2
6
6
11
6
9
10
14
5
5
8
1
2
8
3
1
3
0
1
5
8
10
4
2
6
1
8
2
5
4
2
8
10
12
0
4
5
10
7
4
5
8
2
4
5
4
15
13
15
5
8
2
11
14
4
7
3
6
4
14
1
8
5
4
4
8
2
6
6
3
4
6
9
4
11
4
11
2
10
4
5
0
3
3
0
0
0
2
6
5
6
7
10
11
0
6
2
9
0
1
4
2
9
5
7
6
3
2
13
12
5
8
14
2
4
6
11
14
7
12
6
5
2
1
4
4
6
7
3
6
0
1
4
8
2
14
2
7
7
7
2
3
6
11
20
9
1
14
0
3
6
4
12
3
5
10
12
5
4
6
16
4
12
7
15
5
9
12
5
10
2
8
0
8
1
8
18
2
1
15
3
6
15
8
10
13
12
11
11
3
0
14
5
0
8
10
6
2
0
2
7
7
0
0
2
3
4
9
3
6
3
12
2
5
0
11
8
2
4
2
8
0
13
6
0
2
3
10
5
0
6
10
5
4
6
8
18
4
16
7
3
7
8
0
0
8
0
13
8
6
6
0
14
4
7
4
0
6
7
1
2
