18
12
4
3
9
6
1
1
4
0
6
7
1
2
3
10
8
11
1
6
2
5
9
4
9
3
6
1
15
3
2
6
4
12
7
4
8
4
5
0
2
16
8
5
0
1
8
1
8
8
5
12
14
11
11
9
7
11
11
3
0
3
11
8
1
5
0
5
0
6
8
5
9
0
9
9
10
8
9
4
4
3
7
4
0
1
13
3
1
6
3
2
2
5
1
8
13
11
7
2
12
16
0
19
7
15
5
3
16
16
0
4
7
10
12
7
6
10
4
7
7
14
2
2
14
4
14
11
2
2
8
12
13
9
6
15
17
2
9
5
5
11
7
0
1
9
9
5
3
5
12
19
3
5
10
12
6
1
3
9
0
0
5
16
5
1
0
3
15
12
6
0
4
2
9
6
5
9
1
6
8
1
6
13
2
12
3
13
12
2
3
4
11
8
0
5
18
5
1
2
4
0
7
7
2
1
15
13
1
6
9
15
5
5
10
1
12
4
20
0
10
5
3
9
7
8
3
12
6
14
2
5
10
5
9
10
12
0
9
2
8
8
7
12
3
7
4
0
3
5
1
11
6
6
6
3
13
14
5
4
11
11
11
2
8
0
1
4
5
16
12
0
5
9
6
11
9
10
4
8
6
14
7
9
0
10
4
3
11
