3
3
13
7
10
5
5
6
7
0
6
8
10
5
3
2
5
6
6
13
3
0
8
5
13
14
7
1
12
3
6
5
13
10
5
3
5
10
14
20
0
13
5
10
16
7
6
6
1
11
10
6
0
2
0
10
15
2
9
14
8
5
2
7
11
10
11
6
14
14
0
9
5
1
15
2
6
0
6
13
8
16
9
11
7
16
1
7
9
3
11
6
7
11
8
18
5
1
11
12
7
7
0
6
3
5
0
7
7
4
10
9
2
9
14
11
7
10
8
8
2
5
11
13
4
0
15
10
1
11
1
14
3
5
2
2
2
10
11
5
4
10
0
11
12
5
0
17
10
5
14
14
15
6
8
2
7
8
5
10
2
8
4
1
7
7
12
12
4
1
7
7
4
3
8
8
12
5
11
18
5
9
11
13
5
4
7
13
0
12
7
10
10
9
17
10
14
3
3
0
2
4
7
7
5
9
12
7
12
9
0
0
7
1
12
4
3
4
2
7
3
4
11
7
14
0
0
0
2
7
10
9
5
10
3
6
0
6
13
0
10
4
10
5
10
4
7
2
0
6
8
7
9
11
9
2
0
2
3
3
4
13
7
8
5
9
6
4
4
10
1
11
7
6
3
17
10
6
4
0
11
16
0
6
8
9
10
3
6
