0
0
14
4
2
5
10
11
7
2
9
17
16
13
0
5
5
8
9
0
8
12
2
4
14
8
4
17
0
1
15
0
7
13
4
9
3
4
6
8
9
9
7
9
5
9
6
5
4
9
8
9
8
10
4
0
3
5
8
4
15
5
10
11
7
6
0
12
0
7
18
0
2
17
10
6
11
12
8
13
6
11
7
0
4
6
10
15
0
4
3
6
13
10
3
8
14
4
6
3
14
9
0
6
0
9
11
5
12
8
0
15
1
4
18
4
13
8
2
17
6
0
10
11
3
8
9
8
5
2
6
11
0
1
4
9
12
20
2
2
12
5
0
4
0
12
6
2
10
14
13
8
8
10
1
13
7
7
10
6
1
16
2
10
8
4
10
3
7
2
9
1
9
5
11
10
6
6
9
6
11
10
3
0
12
7
3
6
10
9
0
8
4
7
12
8
15
13
9
11
3
11
8
3
9
3
9
4
7
4
10
10
8
3
15
8
8
13
16
9
3
2
0
8
10
7
15
0
11
14
13
10
8
9
9
7
3
1
0
5
5
12
3
14
7
5
3
0
10
5
4
15
2
0
5
12
3
7
12
3
8
13
0
2
14
7
0
1
5
3
3
1
7
3
6
7
7
6
8
10
8
14
12
4
12
1
9
5
5
