8
0
2
6
0
4
1
7
8
11
9
4
4
4
11
6
1
0
2
4
3
2
3
0
7
7
4
0
4
7
10
0
7
8
9
7
6
6
5
2
0
7
2
0
7
3
5
12
7
9
5
7
2
3
9
8
11
3
5
3
2
3
4
5
5
9
2
2
13
4
11
3
7
3
1
4
1
13
8
13
3
5
5
3
7
2
8
6
5
1
8
9
5
2
10
3
1
2
1
12
3
9
7
4
0
0
5
0
2
7
5
10
3
7
4
2
1
1
7
6
1
8
8
2
2
6
9
9
0
9
0
2
3
4
4
5
6
0
0
2
4
7
8
10
2
0
0
1
6
6
8
6
10
0
0
5
1
6
2
2
3
11
9
5
10
1
5
2
4
5
4
0
3
5
2
0
7
4
4
3
5
0
6
2
5
4
0
1
9
9
4
11
0
4
0
7
3
1
1
7
10
6
1
0
5
3
0
1
3
1
3
6
8
11
0
3
9
12
2
8
1
10
20
1
2
15
1
6
1
6
0
0
0
8
7
1
0
0
4
5
4
4
1
3
1
5
8
5
2
5
11
7
4
11
2
5
3
7
6
3
0
1
0
0
3
5
6
1
2
4
8
6
8
3
1
11
5
7
3
10
1
12
9
4
6
5
7
6
5
