5
10
1
5
8
3
6
0
7
6
6
3
1
8
8
14
7
6
7
2
7
4
10
6
3
4
7
9
2
4
5
3
12
2
7
8
0
3
9
4
5
10
7
9
5
8
9
6
6
1
5
1
2
0
1
14
6
2
5
2
7
5
9
11
6
1
2
4
2
10
9
6
5
6
0
0
4
7
14
8
5
5
7
3
1
0
7
4
9
4
3
4
5
6
5
2
12
11
5
3
9
10
1
8
4
0
17
11
6
8
1
7
5
4
15
4
8
8
9
15
7
10
10
0
4
5
8
6
0
7
3
6
3
7
7
5
1
14
7
2
6
10
6
8
6
5
5
0
8
0
11
5
8
0
9
4
1
15
9
2
0
9
4
5
5
15
1
1
6
2
9
8
2
5
4
8
7
8
5
0
5
0
1
1
4
2
9
10
3
13
7
3
4
5
4
8
0
1
0
11
0
2
4
9
9
0
4
0
2
2
5
5
5
8
0
11
9
5
4
3
1
4
4
6
0
0
1
3
2
1
7
6
5
8
6
16
6
7
6
20
5
16
3
8
7
1
8
3
7
5
6
1
6
1
2
5
5
5
3
5
11
4
6
10
5
12
7
7
4
5
0
8
9
8
0
4
0
5
7
15
6
13
6
9
6
4
2
11
8
