4
1
1
0
12
10
5
11
7
5
7
0
3
12
5
11
9
5
6
10
5
11
5
2
1
13
14
5
1
0
3
6
2
5
11
4
12
14
2
3
2
5
9
2
5
3
9
0
15
1
7
4
9
2
3
3
4
3
3
1
13
4
5
10
6
12
1
0
1
10
2
10
2
6
1
8
5
8
6
4
12
3
0
7
3
8
0
1
17
9
2
3
4
2
13
11
1
9
5
6
1
2
12
5
8
4
2
10
5
11
4
15
8
5
11
9
4
3
3
10
14
0
13
6
9
7
6
12
5
3
9
4
1
8
2
6
2
9
13
14
9
10
15
8
3
5
11
12
4
1
19
0
9
7
6
8
11
7
3
4
17
12
9
9
3
4
12
5
3
2
6
2
13
0
8
4
8
9
1
2
10
8
5
13
15
3
0
13
10
5
5
9
10
12
3
7
2
5
12
3
10
0
7
4
0
2
1
2
8
6
13
12
14
12
2
3
9
0
5
11
8
8
14
3
7
12
6
3
1
15
5
12
2
8
5
3
9
9
5
7
9
10
1
4
6
7
10
3
1
6
7
0
3
20
13
1
7
11
3
1
10
3
3
3
4
5
10
0
3
4
5
3
13
12
10
4
10
8
17
9
5
0
1
6
2
2
2
10
0
