6
9
12
9
7
4
2
8
1
10
9
10
6
9
7
2
6
5
5
10
8
5
5
3
20
8
10
6
0
8
2
13
4
7
3
8
5
1
9
5
4
5
7
12
9
2
6
7
0
4
7
18
5
3
10
3
12
0
5
9
12
7
1
5
12
10
13
3
2
5
12
13
6
7
13
12
7
10
6
1
4
7
11
1
1
0
6
18
0
8
7
12
8
8
0
0
5
13
7
4
6
12
16
7
12
13
5
8
4
8
7
3
5
19
0
0
12
8
0
5
3
0
10
8
3
0
0
19
11
0
9
11
8
9
13
6
2
4
6
7
0
9
5
0
0
11
1
3
5
15
2
2
4
9
7
11
12
7
0
5
3
8
9
0
6
13
8
10
9
7
15
8
10
3
0
6
15
7
6
0
2
4
7
0
9
4
11
9
12
7
6
10
0
0
3
0
8
6
0
2
3
10
5
1
0
7
3
6
3
3
6
14
14
2
5
7
0
3
0
5
8
1
5
7
5
9
6
9
0
5
4
6
2
3
5
0
14
9
8
3
11
4
14
9
5
7
7
9
6
4
0
8
1
4
7
14
5
17
13
4
14
14
13
10
3
1
4
17
10
0
10
5
4
8
9
4
7
9
0
2
11
5
9
1
3
7
6
12
7
