10
14
1
10
6
3
0
9
1
3
0
14
15
4
4
0
2
5
16
4
2
4
3
15
13
10
12
3
5
5
5
8
15
14
8
6
13
4
5
5
9
4
4
2
7
1
3
9
3
10
0
1
6
11
0
5
4
2
10
2
17
8
7
18
5
14
0
1
10
8
0
17
0
12
8
8
7
7
3
0
6
11
7
7
3
14
1
9
5
5
2
9
16
8
0
0
11
4
15
0
0
7
0
0
6
4
4
3
5
14
3
10
11
0
4
5
5
7
15
5
0
4
9
11
9
5
0
6
0
13
2
2
13
7
6
5
8
0
13
2
7
0
7
5
9
6
7
12
2
8
1
10
6
1
8
6
9
0
7
7
6
10
0
7
1
4
10
2
0
1
16
6
4
9
0
1
1
10
10
8
6
7
15
1
6
7
1
7
2
13
20
17
4
9
7
5
2
9
2
16
8
6
0
4
8
3
9
8
14
5
4
10
3
8
3
3
11
11
5
11
10
4
3
0
13
2
3
18
0
4
1
12
13
3
10
8
6
2
16
10
12
0
7
12
0
5
5
4
7
6
5
6
3
1
3
11
10
3
8
13
3
2
0
15
1
1
4
1
3
6
4
7
5
2
3
13
9
4
6
5
10
10
10
10
13
0
10
14
2
