4
3
1
13
0
7
6
14
0
7
0
14
18
11
11
0
9
6
1
6
0
14
5
12
17
1
5
7
1
5
6
2
10
5
19
12
3
9
15
13
5
4
4
6
1
16
7
10
11
3
6
3
5
15
3
4
3
5
5
11
6
7
2
0
6
7
6
0
9
1
11
10
2
4
3
8
9
9
1
14
6
7
15
2
7
0
12
5
4
6
9
0
0
3
4
9
7
14
7
5
9
7
7
8
14
5
12
7
17
7
8
0
13
13
7
9
5
7
4
4
1
5
10
15
10
3
5
10
5
7
2
3
0
1
11
9
6
11
6
6
1
7
11
3
0
2
5
11
1
0
8
6
8
5
6
10
9
6
3
2
6
9
6
6
9
2
7
3
0
0
9
7
6
12
12
9
15
14
10
7
7
2
6
18
10
5
9
13
11
0
5
9
5
4
7
0
5
5
1
5
8
8
7
4
12
16
6
11
14
0
7
9
1
0
10
9
6
12
9
10
0
4
6
11
4
1
20
15
9
5
0
3
4
0
14
13
5
4
12
10
3
8
2
6
1
10
1
7
6
13
1
5
6
0
2
4
12
10
15
12
12
11
1
0
3
0
5
15
8
0
4
11
6
1
2
7
6
10
10
11
9
12
7
10
4
2
5
2
8
