8
9
4
1
0
0
8
4
3
0
9
9
1
8
5
9
2
1
5
13
7
16
3
5
16
15
1
9
0
7
8
0
0
5
8
6
3
4
7
0
7
11
5
3
14
13
8
11
2
9
0
6
7
5
7
8
2
14
3
8
11
7
3
8
5
14
7
0
5
4
6
2
15
9
5
11
7
1
14
7
2
10
1
13
3
5
13
0
2
4
3
5
8
5
4
6
14
11
9
4
12
10
6
8
3
14
2
6
11
5
2
8
4
2
1
15
5
8
1
3
14
5
8
0
6
3
8
16
8
0
3
8
1
4
0
3
2
4
14
6
14
10
11
10
5
7
2
1
3
6
2
10
4
10
13
5
6
12
5
5
5
0
5
8
20
4
12
11
0
7
16
2
5
10
3
5
6
3
0
16
4
10
6
2
16
17
8
11
14
13
4
4
10
8
10
4
6
5
7
2
7
16
9
0
6
15
3
0
5
6
9
3
0
7
3
2
5
5
3
0
9
7
0
12
0
6
2
7
2
9
4
7
5
4
7
1
3
7
6
11
2
4
7
6
7
4
4
10
12
10
3
6
0
6
3
7
1
2
4
9
9
1
7
5
1
0
10
3
12
9
3
15
4
9
6
6
3
9
2
5
6
9
11
8
4
6
4
3
5
