5
1
0
4
1
5
1
0
5
2
0
5
4
0
9
1
4
10
2
3
2
1
2
9
8
5
2
9
8
0
9
8
3
2
14
1
3
7
0
3
2
9
5
4
1
8
3
5
2
5
0
6
2
6
6
9
8
10
4
0
9
4
4
5
1
7
0
6
2
7
6
4
5
11
5
7
7
5
3
3
4
11
2
2
7
13
3
12
7
2
2
12
0
4
7
3
0
7
5
10
2
6
6
2
0
0
3
8
9
11
11
1
8
4
6
9
4
7
5
10
2
4
1
7
5
1
6
3
6
6
5
4
12
14
8
9
0
2
6
4
1
4
1
6
9
3
9
5
5
11
6
0
5
4
2
6
12
3
20
9
11
8
6
5
0
3
9
5
2
2
16
2
0
13
7
7
5
11
4
6
0
0
4
0
5
9
7
2
10
2
0
0
2
2
9
0
5
1
2
5
6
8
4
12
0
15
6
5
7
5
5
2
0
4
5
3
3
16
4
1
3
5
5
6
5
7
4
2
5
11
0
7
15
9
6
1
5
7
4
9
3
4
12
6
3
2
0
4
4
0
4
3
3
6
7
5
4
4
7
4
9
2
3
8
7
12
1
13
7
3
5
1
2
1
1
8
2
3
1
6
2
0
6
0
4
3
4
8
8
