6
2
6
5
6
4
13
1
5
6
7
5
5
15
3
9
7
0
14
7
3
9
2
11
9
2
8
4
5
4
3
11
1
16
10
12
11
5
9
4
4
3
15
1
4
7
11
6
4
4
7
10
14
14
0
3
11
0
6
8
11
16
0
0
0
3
9
7
5
5
10
3
9
15
5
4
16
5
3
6
1
7
0
15
4
9
11
5
0
3
16
8
4
1
7
10
2
5
4
6
4
3
8
4
14
10
5
10
4
3
4
4
10
0
1
3
8
8
4
18
0
15
8
6
0
8
12
0
13
7
4
1
5
6
1
8
1
10
0
1
5
2
11
10
12
4
0
0
8
8
5
9
8
4
14
12
6
3
2
14
9
6
7
11
9
11
1
15
9
12
11
8
0
7
4
1
5
3
2
14
12
1
3
4
14
2
6
14
6
1
7
6
3
10
1
4
7
9
15
4
5
7
11
17
13
6
2
6
3
9
5
12
13
10
10
14
10
8
2
8
7
9
16
11
5
10
11
0
8
4
5
5
9
4
3
1
7
15
4
0
5
6
3
7
11
11
0
11
7
0
10
4
5
3
7
11
15
8
1
3
10
9
6
0
5
12
1
14
8
5
14
6
3
0
4
2
11
0
13
12
1
16
20
2
5
6
8
5
3
