10
3
0
0
11
7
5
1
3
8
5
7
9
0
9
3
16
4
10
10
6
6
7
8
9
1
2
9
14
10
0
11
0
12
7
6
7
7
12
5
7
4
8
6
3
7
4
5
6
3
7
5
5
13
10
3
12
5
3
9
8
12
5
1
0
13
9
7
1
7
3
1
20
9
9
7
1
8
4
2
7
10
0
3
14
13
5
10
1
3
3
6
1
3
4
1
12
12
7
7
0
13
3
8
6
2
7
5
11
0
11
0
5
4
2
0
2
0
1
4
5
10
10
3
7
9
4
4
12
1
7
16
7
7
0
5
9
2
12
3
5
14
5
5
8
11
10
6
0
4
3
0
0
3
11
8
6
4
11
5
3
0
4
16
6
8
9
2
0
1
4
4
0
2
11
11
0
9
9
4
0
5
1
18
11
0
0
5
11
13
6
6
0
0
4
11
3
11
6
5
6
0
11
4
6
2
8
9
10
2
2
8
10
0
2
9
6
9
3
2
8
0
3
5
4
5
8
7
10
6
2
10
5
8
6
4
10
19
15
8
1
4
10
13
10
3
9
7
4
9
11
4
7
6
14
0
3
12
6
14
2
14
16
9
11
3
17
3
8
8
12
6
3
11
8
10
5
6
17
18
9
3
5
9
1
6
3
5
7
