6
7
17
1
0
15
12
8
0
5
3
7
15
10
5
12
17
0
10
0
0
0
15
0
20
4
14
8
12
2
7
0
0
10
16
3
6
4
12
8
4
12
4
14
7
0
15
0
6
4
3
0
15
10
1
3
11
14
2
10
2
7
6
0
1
12
5
3
9
9
8
4
5
7
0
2
2
0
1
5
3
3
3
6
0
2
5
1
1
8
5
2
1
7
4
4
2
9
7
2
3
8
1
6
7
12
0
7
10
14
7
9
6
4
6
5
3
13
5
0
7
10
0
5
7
5
10
1
0
8
6
7
8
5
7
9
6
15
2
4
5
9
12
5
1
5
9
9
6
0
10
7
7
3
1
4
3
13
11
10
15
7
7
10
1
7
0
5
7
11
4
8
10
8
0
3
2
14
5
5
4
7
5
12
5
8
12
7
0
1
3
3
6
4
10
9
3
7
0
4
12
12
7
2
10
15
13
11
3
6
2
8
2
10
10
6
6
15
12
10
4
1
4
8
4
5
0
9
11
0
13
11
0
5
4
6
6
1
2
14
12
8
0
6
7
6
3
2
6
3
7
8
13
15
11
6
5
6
7
6
1
0
10
8
6
9
10
4
2
8
9
5
0
3
2
3
0
11
9
8
6
10
3
8
2
8
8
7
3
