9
3
2
5
10
6
8
1
0
10
10
6
2
2
11
15
0
4
6
2
6
8
3
1
10
12
7
5
3
10
6
4
0
2
1
1
7
3
2
2
8
4
1
7
15
7
5
3
3
7
4
4
7
0
8
6
7
2
12
6
3
13
20
4
0
1
12
0
3
8
4
2
7
4
1
0
9
7
9
6
10
3
1
5
3
3
9
5
0
9
1
6
8
10
5
4
9
2
11
2
0
0
8
9
11
4
7
9
8
2
7
11
5
3
9
0
6
7
4
3
4
16
2
3
6
1
2
6
0
5
0
5
3
0
0
6
9
6
6
5
11
9
2
8
3
4
0
0
0
2
11
13
3
1
9
3
2
0
8
7
2
7
4
6
0
10
3
5
4
1
1
8
1
1
8
6
9
12
11
8
3
10
8
7
11
10
1
0
0
4
7
8
5
5
14
2
5
10
3
2
5
2
8
3
0
2
1
3
8
3
10
9
7
9
6
6
7
4
0
0
6
3
2
0
5
5
2
0
0
7
2
4
11
8
0
5
11
3
8
4
2
7
9
4
5
2
0
9
7
5
8
0
9
5
2
0
4
12
3
0
12
3
7
10
9
3
2
5
6
0
9
3
9
2
6
5
3
7
8
2
9
3
9
4
6
10
2
5
9
