4
8
3
0
6
0
5
7
3
0
5
14
1
6
4
9
12
0
7
9
5
19
9
11
13
12
1
1
8
4
5
8
13
6
2
13
0
15
7
6
6
5
10
11
12
0
9
6
18
2
6
7
0
8
11
6
7
6
20
13
4
11
10
2
1
8
0
4
8
14
10
7
3
6
4
7
0
4
5
5
11
12
7
3
8
8
17
12
4
10
0
7
7
12
8
5
3
3
4
15
4
9
5
10
1
4
12
9
6
5
10
7
12
5
9
6
2
9
5
4
5
7
5
5
1
6
5
11
16
10
9
9
9
14
11
8
12
15
3
3
6
7
9
1
3
4
0
6
0
1
4
13
0
11
9
11
4
4
0
5
10
10
10
12
19
15
1
0
6
3
11
15
11
12
8
11
4
8
3
7
5
8
0
6
3
7
5
6
2
3
3
13
6
2
0
3
10
5
11
2
7
11
0
0
9
11
7
1
3
9
3
6
10
7
10
11
6
9
6
8
12
3
11
8
1
3
1
7
3
5
9
7
3
0
6
6
13
5
4
3
8
0
0
4
8
8
6
5
0
5
16
4
4
2
10
3
8
10
17
7
6
0
8
10
10
0
0
5
16
11
8
16
10
12
14
3
4
13
2
10
9
12
14
7
2
17
14
10
1
