9
5
6
5
14
0
6
2
9
4
7
5
7
0
4
9
0
11
3
5
8
5
5
12
3
6
4
8
6
6
4
6
3
11
6
4
8
12
6
6
11
7
11
10
8
7
14
8
7
3
6
6
0
11
3
2
3
10
10
7
8
2
0
5
5
0
3
18
1
5
4
0
11
6
8
6
6
10
14
10
11
7
3
1
3
6
5
10
8
11
5
11
7
8
6
0
0
3
10
9
13
5
4
13
10
9
11
7
5
0
5
7
6
6
4
2
5
5
4
3
12
6
0
12
3
2
8
3
1
11
0
5
4
6
5
9
6
7
11
14
7
7
8
3
10
2
11
6
3
2
5
7
13
5
1
5
5
2
11
6
3
10
0
13
4
5
3
6
2
3
2
18
7
2
0
1
4
8
3
3
0
10
1
9
4
4
15
9
12
3
20
7
9
11
15
16
3
8
12
5
7
12
2
7
12
8
3
6
4
4
1
12
4
11
14
4
1
1
17
0
0
1
10
7
11
12
6
7
6
10
2
11
3
15
9
4
6
7
7
3
3
10
6
8
5
11
1
6
3
3
1
14
8
8
6
12
12
8
1
5
6
0
1
7
6
4
9
5
4
2
4
6
0
0
3
3
7
3
9
4
3
6
12
2
9
13
10
3
13
