4
0
6
2
5
2
2
6
4
13
2
8
7
5
16
3
11
5
9
3
14
10
2
7
2
12
0
1
9
2
0
3
3
3
4
3
6
0
4
8
12
12
8
9
10
0
0
5
7
8
8
9
5
1
12
7
12
2
2
5
3
6
8
0
0
8
13
9
7
3
0
8
0
9
1
1
0
13
5
4
12
3
2
4
3
2
9
9
4
5
5
4
13
7
2
10
12
9
9
8
6
6
4
6
9
8
8
8
6
6
2
7
6
8
17
1
9
3
7
6
3
6
11
2
4
4
17
8
3
1
2
8
10
11
2
1
1
3
0
7
12
8
2
7
3
3
7
1
2
8
3
9
7
6
2
9
8
4
2
5
9
2
7
5
6
4
7
2
3
4
9
3
4
6
4
9
8
2
3
6
3
3
9
4
9
4
0
4
2
2
2
4
4
0
3
1
9
0
7
3
12
1
9
2
7
4
4
0
6
4
12
5
7
0
5
3
6
4
9
3
3
3
2
10
7
8
8
8
9
9
17
6
10
9
4
10
5
0
4
9
9
5
4
6
0
7
12
5
6
5
4
4
9
3
10
4
7
12
6
7
5
4
3
13
4
20
6
8
3
7
3
3
8
9
1
3
13
8
6
8
4
2
4
9
6
6
8
3
6
