7
11
11
10
4
8
5
5
16
9
2
8
1
0
20
7
4
4
4
4
8
12
6
2
6
4
3
1
10
6
5
2
1
0
6
5
3
3
8
6
3
10
10
9
5
2
3
10
10
7
8
8
7
7
6
2
0
4
4
5
8
8
5
8
2
9
4
0
1
2
7
7
4
7
5
0
4
12
5
10
0
9
1
7
8
10
7
12
5
11
13
15
18
0
8
2
2
5
5
10
5
0
9
0
7
5
6
3
9
10
1
5
12
14
6
11
1
1
9
2
14
1
9
4
5
7
6
5
6
5
9
8
8
2
2
12
0
7
5
13
9
0
8
2
3
13
6
6
4
2
0
3
3
8
15
8
2
4
3
7
6
5
4
6
12
9
5
8
11
6
6
3
10
11
5
7
8
5
6
1
1
8
12
5
0
0
4
4
6
6
9
8
7
10
5
1
9
5
6
14
12
9
7
3
10
8
5
3
10
1
9
5
10
5
2
7
3
0
6
0
8
9
11
6
7
6
2
1
3
0
4
0
6
2
9
9
0
5
8
4
1
5
10
1
4
3
11
10
5
2
14
4
6
6
10
4
5
0
7
14
4
6
4
10
10
4
7
5
0
7
5
0
8
3
6
6
4
3
3
11
10
10
3
4
7
9
3
7
10
