11
0
3
9
7
0
10
4
12
0
5
5
7
4
0
5
5
4
11
5
9
7
2
3
3
3
3
6
4
8
1
9
2
6
9
4
0
0
2
8
11
5
3
0
0
0
2
6
2
4
3
7
7
7
13
5
10
11
3
4
8
6
5
9
1
7
2
11
3
14
13
13
9
3
0
3
9
4
6
7
4
4
4
5
6
7
0
1
10
2
0
0
7
1
3
8
8
7
6
10
11
5
0
3
2
1
6
15
2
6
9
5
8
10
0
1
3
12
10
0
5
8
1
7
3
9
0
5
11
1
6
5
5
5
6
0
5
2
6
2
0
9
0
7
12
1
6
5
4
6
11
3
9
6
1
1
3
6
17
4
9
6
7
2
6
0
16
13
8
3
6
4
5
6
5
4
2
3
9
1
13
1
3
7
3
12
3
0
10
9
5
3
6
3
11
13
1
11
13
9
20
5
3
4
11
8
3
8
4
5
0
5
5
7
7
7
0
1
5
0
11
0
5
1
7
9
5
9
10
7
17
1
1
0
6
8
10
5
3
8
13
1
5
3
3
4
9
6
1
6
0
1
4
9
8
6
1
1
11
7
10
2
10
10
5
5
4
1
12
8
8
2
3
16
9
4
19
5
8
5
0
11
3
5
10
8
3
8
2
