8
0
0
6
4
4
2
16
5
10
1
2
3
1
6
8
9
4
11
9
8
10
11
9
10
14
16
3
0
3
2
7
0
17
7
0
11
10
8
3
1
1
9
8
10
5
9
11
3
3
0
1
11
17
0
5
8
12
7
4
6
6
5
1
6
3
1
6
15
9
15
6
7
4
7
6
8
7
14
0
3
8
7
7
7
8
1
8
0
3
5
0
3
2
5
10
2
8
7
7
7
9
11
11
5
11
11
0
1
2
0
4
5
0
15
1
2
7
1
9
5
2
3
11
8
0
7
7
3
13
12
5
6
3
9
0
9
11
0
16
4
4
6
3
11
5
0
5
15
6
9
8
1
0
8
3
8
1
4
7
0
7
6
6
8
13
1
2
12
6
9
10
9
10
2
2
0
4
9
4
8
0
6
15
2
0
14
3
0
5
5
6
10
16
5
15
8
2
0
14
6
9
2
4
7
5
9
5
3
8
5
13
0
12
8
0
7
1
8
10
1
0
4
11
3
6
10
3
6
9
0
8
1
10
7
3
4
1
13
9
8
10
6
6
13
0
10
12
5
8
8
6
5
10
9
7
0
20
3
1
2
8
13
4
6
4
7
12
4
0
9
2
9
1
6
5
6
6
2
15
9
8
3
9
11
9
2
10
6
