5
13
12
0
10
7
0
2
1
5
3
6
6
12
4
10
8
10
4
0
6
3
1
16
12
2
7
11
5
0
2
10
4
9
7
13
8
1
2
3
5
12
10
9
11
4
10
10
10
5
9
14
4
10
1
7
2
5
1
7
7
0
2
7
6
5
4
14
7
5
9
19
2
0
1
0
6
11
6
0
12
5
7
9
4
16
5
6
9
7
11
9
5
4
4
0
0
8
0
0
6
7
2
5
5
7
7
7
3
0
8
3
5
8
1
2
11
20
8
1
10
0
2
14
4
5
10
1
0
8
8
5
9
0
14
11
4
8
3
9
8
12
4
10
8
8
0
0
16
11
2
12
7
0
6
18
8
3
9
15
4
10
5
6
8
2
9
9
3
1
7
6
2
13
4
0
0
14
0
1
1
6
6
1
3
4
8
3
9
3
2
0
9
8
15
3
6
7
1
4
3
11
8
5
6
7
3
5
7
8
0
1
10
5
6
2
10
3
3
1
6
0
8
8
11
10
5
13
7
4
4
13
4
5
7
12
3
7
2
4
18
8
4
7
1
3
2
6
10
8
4
1
17
6
4
8
9
12
0
0
1
8
7
2
0
7
12
12
8
0
4
0
2
5
2
12
8
5
4
1
2
7
3
11
11
2
1
0
2
