2
10
7
4
0
1
3
5
7
9
8
2
12
13
18
0
9
7
18
2
3
8
1
10
5
7
16
18
1
4
0
1
3
5
3
3
9
2
6
1
6
12
5
7
2
10
5
7
6
6
11
4
5
4
0
8
5
6
13
0
5
12
9
16
7
7
3
9
6
8
9
0
13
1
4
2
0
6
2
5
5
14
2
12
5
12
12
1
4
8
1
6
16
2
9
7
16
2
0
2
7
2
5
0
2
5
6
6
3
8
12
8
5
0
7
5
7
11
14
7
1
9
17
1
6
5
12
7
6
6
1
3
6
7
6
1
2
5
0
7
14
6
14
2
4
9
7
14
10
6
2
8
1
5
9
5
5
11
14
12
7
16
9
7
10
12
9
11
6
5
6
11
2
15
11
7
12
3
9
9
5
1
6
5
9
0
11
12
0
20
13
12
5
2
6
10
11
4
14
7
0
0
0
5
14
4
6
15
7
3
3
8
0
8
8
3
7
10
6
7
9
12
8
4
4
1
8
13
4
9
3
8
0
1
10
5
2
0
9
13
11
3
4
9
5
1
1
10
0
9
0
4
10
3
11
6
7
4
9
1
4
13
9
2
5
9
3
17
3
10
0
11
0
11
2
10
4
5
5
4
16
18
12
9
4
5
10
3
6
