8
2
3
4
1
4
6
2
3
15
5
5
7
12
3
9
9
5
3
4
5
2
20
13
14
3
6
5
6
3
7
9
5
5
4
6
2
5
4
6
2
11
7
7
5
0
7
0
8
4
3
2
11
11
0
5
5
4
0
0
4
6
2
13
5
10
1
2
1
5
10
11
4
5
4
2
10
9
2
0
7
0
4
3
3
3
3
1
1
8
7
1
5
8
0
0
12
5
0
6
4
2
6
12
7
3
5
8
0
1
2
9
12
6
0
5
12
8
1
0
7
4
5
1
10
4
2
6
11
5
12
4
8
5
2
4
2
1
18
1
9
11
9
2
10
1
1
0
10
8
6
0
8
7
1
7
9
9
2
5
9
7
7
3
7
13
5
3
0
5
4
7
3
1
0
5
10
1
1
9
1
9
9
12
5
13
6
9
7
9
5
8
5
6
4
2
12
6
13
8
5
7
5
5
13
9
4
3
7
0
0
5
7
1
0
5
6
5
9
0
2
8
11
5
17
2
19
5
4
1
5
5
5
6
12
10
1
9
8
6
7
5
0
5
9
0
0
10
5
5
10
9
3
6
0
11
12
5
8
2
5
5
3
2
7
2
4
6
3
6
11
10
8
16
1
2
0
2
13
11
10
3
2
4
4
2
3
11
1
