11
15
7
2
8
6
7
19
8
12
4
9
5
9
11
12
10
8
4
0
4
0
6
8
18
12
11
5
10
1
8
10
3
6
3
19
16
8
3
0
4
8
11
1
0
7
9
12
3
5
1
14
11
5
7
10
5
8
13
2
8
0
5
3
7
4
16
12
7
4
14
15
14
5
5
1
5
7
6
5
6
5
1
3
2
10
6
8
2
2
8
0
13
20
5
0
6
5
12
3
3
3
5
5
2
4
7
12
4
8
1
13
1
8
2
10
10
9
11
8
4
6
0
10
5
10
4
7
6
9
10
13
4
9
3
6
4
6
11
5
17
6
2
7
8
1
0
0
8
9
7
8
13
9
0
9
0
9
15
9
10
13
19
13
11
14
1
15
0
14
14
5
7
3
4
14
12
12
3
8
4
2
7
16
10
14
9
5
14
3
15
1
7
9
8
8
12
14
19
9
6
5
12
6
4
8
12
0
0
5
10
15
7
4
4
0
0
8
0
11
5
7
2
8
5
7
5
11
8
11
16
16
17
3
0
6
13
9
3
2
11
3
13
4
6
2
2
12
17
4
1
9
4
5
10
4
4
7
1
3
10
7
3
8
5
1
14
12
16
3
0
3
5
7
11
12
4
3
0
6
1
10
10
13
10
11
7
10
6
