2
7
17
7
0
13
3
7
3
12
7
6
1
4
4
5
1
7
20
4
2
4
6
4
5
3
3
8
7
2
4
8
9
7
4
9
1
10
6
6
11
8
7
10
8
12
0
2
7
4
2
8
14
10
10
5
5
4
13
10
2
6
0
9
1
5
4
4
8
0
10
0
6
11
0
10
6
10
0
2
3
4
3
8
2
4
9
5
6
2
8
6
8
9
4
12
0
1
4
5
8
1
0
4
0
2
4
11
9
8
4
5
10
0
13
0
3
7
3
5
1
1
8
7
2
3
2
1
7
16
2
4
11
8
6
10
5
9
12
6
7
10
12
4
2
0
4
5
1
11
3
1
9
5
4
4
6
11
3
1
11
16
3
6
3
2
12
4
7
4
3
4
10
6
16
3
5
0
11
5
5
8
2
14
4
6
6
2
8
4
5
4
1
9
5
8
0
1
6
8
8
7
12
3
12
2
2
2
7
4
5
10
0
5
4
4
2
7
5
12
5
10
7
11
12
3
0
5
8
7
9
0
6
2
2
11
11
6
9
11
0
8
15
3
0
4
0
3
0
4
2
3
0
2
8
13
2
15
12
3
2
3
4
2
11
8
8
5
6
0
5
0
14
4
6
3
4
4
7
6
3
5
10
3
1
11
7
18
4
