9
12
3
1
7
5
6
0
6
3
5
7
17
4
12
2
0
0
9
6
11
5
4
4
5
6
16
9
7
5
0
8
7
0
9
9
8
11
11
12
3
18
9
7
11
8
5
0
7
8
4
16
11
9
0
9
10
14
4
9
1
7
13
7
9
6
12
0
6
5
0
6
6
9
11
16
8
14
8
12
4
4
12
0
1
0
9
9
13
0
1
2
0
2
5
7
4
6
9
11
1
3
11
8
3
2
3
2
13
0
2
0
0
12
7
0
11
3
1
8
3
11
11
17
11
1
10
9
9
5
12
5
3
11
2
3
15
8
3
3
5
0
8
5
4
1
2
7
8
6
3
5
3
4
9
0
8
2
4
13
4
16
2
12
5
0
8
5
9
9
5
16
7
9
7
3
8
5
7
5
16
7
10
6
8
14
8
15
3
4
1
9
7
4
15
0
8
9
5
8
0
9
3
5
6
3
10
4
0
4
1
8
12
4
20
5
10
13
11
9
14
16
8
5
11
6
13
7
8
8
5
11
6
5
12
17
16
8
4
0
7
7
7
5
5
11
0
0
4
4
4
12
1
0
4
8
6
9
5
5
17
3
0
10
0
8
13
15
8
0
0
14
10
10
10
9
17
7
9
8
10
7
15
11
9
5
4
13
7
