11
3
11
9
13
5
14
6
2
0
11
8
9
2
12
5
20
3
12
3
4
9
3
4
1
3
0
10
7
7
10
4
1
8
10
5
12
5
5
9
3
9
8
6
1
10
17
6
10
8
12
9
6
1
2
9
0
10
14
5
3
1
0
14
12
12
7
5
0
0
14
3
9
7
7
5
1
8
8
6
9
1
3
1
10
7
1
4
5
8
7
8
7
1
0
5
9
9
4
0
0
15
5
6
14
4
5
7
4
0
0
6
7
6
6
10
4
1
6
9
8
0
7
0
9
3
0
13
4
5
5
8
15
0
13
6
9
3
5
10
5
2
2
0
0
10
6
5
0
2
12
10
11
0
11
7
5
11
3
10
0
11
13
5
1
4
0
5
6
1
3
6
2
7
10
5
1
3
13
6
0
9
6
17
5
14
13
1
7
4
0
6
5
2
3
4
8
10
0
4
5
4
4
5
3
9
5
2
3
5
16
10
8
4
8
3
5
1
8
7
2
5
7
0
4
4
7
7
6
4
0
4
8
6
7
9
13
3
12
3
13
0
7
1
10
7
15
5
6
2
7
3
7
11
8
7
7
12
8
11
0
6
7
0
8
6
5
2
0
12
2
0
4
10
9
7
0
0
9
5
10
14
3
8
0
2
9
1
4
