11
11
5
7
10
5
2
15
0
6
2
3
9
2
7
8
4
4
1
4
6
5
0
6
5
1
13
10
3
17
5
0
0
5
3
3
3
4
4
11
7
1
10
4
8
10
4
3
7
0
4
6
3
2
7
10
9
2
5
2
3
3
9
7
0
8
4
0
1
0
11
4
3
3
3
7
5
4
15
2
2
8
4
5
8
8
3
7
0
7
7
0
8
0
5
5
5
4
1
0
0
6
0
7
3
8
2
3
6
1
0
4
5
0
2
10
4
8
8
3
2
4
6
6
0
11
12
2
11
15
4
1
0
1
7
0
4
0
4
17
15
6
5
1
14
2
2
9
4
5
2
9
5
3
6
5
0
7
9
3
11
2
1
12
7
1
17
9
7
16
0
5
16
7
4
8
0
5
4
1
6
3
6
5
7
14
6
0
5
4
0
1
10
1
15
9
6
5
0
6
10
5
0
6
0
4
4
6
0
1
20
6
10
0
6
6
9
4
8
11
2
4
11
4
7
4
5
7
5
9
0
3
4
3
3
3
1
7
4
11
0
6
10
1
2
4
9
8
4
3
5
1
7
5
7
5
11
2
6
8
3
7
0
3
6
11
9
2
2
11
9
2
7
6
10
3
8
9
7
10
2
11
2
13
5
1
0
4
0
