6
1
4
4
7
5
9
7
8
14
9
10
1
0
16
11
1
1
8
8
0
11
5
4
5
9
2
4
1
7
3
9
11
7
11
6
2
13
14
9
10
2
6
7
5
2
7
7
9
11
3
11
9
8
3
0
7
5
8
9
1
6
2
13
6
10
3
7
0
7
0
9
9
4
12
6
7
10
9
0
13
0
7
8
1
11
2
4
10
3
12
6
15
10
9
7
1
3
15
7
6
4
1
9
12
9
2
0
11
6
14
2
4
11
10
7
11
5
5
10
3
6
6
1
8
5
4
5
3
9
0
9
6
7
4
8
18
14
11
11
6
5
12
9
11
4
8
8
1
8
1
4
2
10
8
6
10
5
2
4
8
0
17
1
8
2
6
5
9
4
12
5
8
5
3
6
5
1
2
3
9
6
2
4
16
0
12
0
3
5
8
3
6
7
10
4
0
2
8
3
13
11
2
13
1
2
10
1
8
12
12
12
3
0
10
14
5
10
6
3
6
12
8
20
4
3
4
1
3
3
4
1
14
5
6
11
6
1
1
1
11
9
4
3
5
0
9
8
4
0
11
12
6
9
3
7
10
0
0
8
11
0
0
11
0
9
7
10
8
0
5
3
1
15
6
3
6
13
5
8
0
18
11
6
7
2
8
9
6
