2
2
1
7
1
8
0
4
9
8
7
2
13
0
8
7
11
6
0
13
7
10
9
4
7
7
10
5
3
4
2
3
2
4
8
0
9
3
5
15
2
10
7
7
8
11
10
4
0
4
8
16
6
9
1
11
12
0
14
11
14
11
0
12
13
11
11
3
10
2
9
10
13
4
4
3
3
9
6
4
4
2
15
13
3
0
8
4
16
2
10
13
2
12
6
4
15
4
7
5
2
8
8
6
16
6
11
9
10
11
1
8
0
11
9
5
4
9
0
5
6
2
9
17
4
11
0
12
16
5
13
7
0
8
5
9
6
0
11
2
8
13
1
8
7
9
8
8
2
15
7
11
7
5
3
1
7
3
11
10
4
5
17
10
6
9
4
1
3
15
14
1
4
5
5
2
12
4
5
8
7
0
5
3
0
6
8
2
13
6
4
9
0
20
3
3
2
0
3
7
8
4
3
8
8
5
1
2
0
0
5
8
0
8
16
6
4
6
11
6
9
1
15
6
0
5
5
4
5
11
7
6
14
8
4
8
8
2
6
3
0
6
4
5
10
10
1
4
5
6
4
1
12
10
2
2
2
12
3
2
3
8
7
6
9
3
5
10
1
4
9
17
4
1
4
0
2
8
0
5
14
10
2
5
4
10
15
9
8
