8
14
10
12
4
7
10
8
2
10
7
0
4
4
7
7
11
5
8
11
10
7
6
3
1
2
1
8
1
2
10
0
12
3
7
0
5
0
0
4
6
8
8
2
6
6
11
11
13
7
4
6
8
6
1
14
0
9
2
12
9
13
15
7
12
12
10
12
9
9
9
0
4
2
9
3
1
0
2
5
7
6
10
2
11
2
12
3
0
8
8
18
6
1
5
4
3
2
19
10
0
4
13
0
12
7
7
4
6
0
2
6
14
14
6
0
3
3
4
3
3
10
2
7
0
0
3
4
9
4
7
5
15
10
10
12
5
4
9
7
13
6
2
3
11
4
6
10
6
17
5
12
12
14
5
1
5
4
2
7
10
7
15
13
11
9
4
8
3
15
1
10
5
9
8
9
20
2
7
10
10
14
2
8
3
7
9
2
7
9
10
5
7
3
0
4
8
13
4
2
5
3
15
15
2
4
0
7
6
10
4
3
2
8
0
8
4
7
7
16
6
5
8
0
4
6
4
3
15
12
4
8
11
6
0
7
7
1
7
9
9
4
3
4
4
0
9
3
8
9
16
4
6
0
5
6
10
4
5
7
3
8
9
14
7
11
4
4
10
2
5
8
11
5
0
10
4
6
7
2
0
8
9
18
2
4
3
6
0
