4
4
7
1
15
4
12
11
8
4
11
0
4
15
19
8
8
4
3
9
4
0
4
3
10
3
9
4
7
7
6
2
16
6
11
10
5
0
8
6
10
4
8
8
15
0
0
6
1
10
10
7
2
9
10
5
4
0
11
8
1
2
0
6
14
7
5
4
4
9
11
0
12
10
6
5
4
11
11
2
10
12
8
1
10
0
0
6
3
13
2
7
11
3
8
12
9
4
7
7
8
4
6
5
4
0
14
1
4
3
7
0
7
3
2
5
3
6
6
1
6
9
8
4
8
3
16
3
0
4
11
3
4
10
7
13
0
8
4
9
8
6
2
9
0
6
10
8
15
0
10
8
2
3
3
9
4
0
8
13
17
2
7
6
7
5
6
4
8
0
7
12
3
10
17
2
4
1
17
8
0
15
6
9
9
6
11
3
9
8
9
5
3
6
6
13
8
5
0
3
13
10
2
1
16
11
7
13
20
13
6
11
3
5
7
13
14
2
1
2
3
7
1
3
3
0
10
0
3
0
5
9
0
4
9
7
5
5
2
5
7
2
1
1
4
2
1
5
4
12
13
7
0
13
4
9
12
0
4
7
5
2
7
6
4
11
10
9
0
3
14
8
13
3
8
7
5
2
0
19
8
7
4
9
4
7
1
6
14
