0
11
5
5
10
8
11
9
13
18
8
10
0
1
0
4
3
5
5
10
0
5
0
4
7
13
6
3
10
6
7
12
8
4
11
4
5
12
6
0
12
0
2
4
8
3
0
12
11
0
12
7
1
9
8
2
4
9
4
10
9
8
9
5
8
9
5
3
11
6
4
11
12
6
11
7
3
3
1
2
6
3
1
15
16
4
2
4
0
3
0
9
7
10
7
9
6
2
15
8
4
9
2
12
7
8
0
9
4
3
4
5
5
10
7
7
6
4
5
4
0
10
10
2
9
3
1
0
8
12
9
13
1
10
8
4
2
1
10
1
12
11
5
12
13
10
14
5
12
12
6
12
10
0
2
7
11
8
6
0
3
9
7
16
12
11
4
0
1
2
12
5
15
6
10
3
10
7
1
6
5
6
4
5
2
2
0
14
3
5
17
13
13
8
7
14
10
4
14
5
7
5
5
3
0
5
8
5
0
2
8
8
18
4
0
8
20
9
2
19
1
6
9
14
4
6
0
0
8
7
6
10
4
1
10
9
8
9
14
4
3
15
2
8
2
5
7
8
5
4
1
6
1
2
2
12
5
5
6
7
0
4
4
1
11
5
3
0
7
6
7
1
8
14
0
5
9
8
13
2
0
8
4
8
12
4
9
3
17
