1
15
15
0
5
0
6
3
5
9
7
5
9
7
8
6
14
10
9
3
12
12
9
9
8
7
4
4
9
0
10
1
4
9
6
3
10
0
9
0
5
3
10
3
16
11
14
4
4
12
4
1
6
1
1
12
0
7
8
0
5
6
12
0
0
4
0
11
2
0
9
1
7
7
0
6
15
0
11
7
2
8
3
5
20
8
3
4
1
13
10
7
9
10
9
7
3
1
1
11
3
0
3
8
6
9
4
3
12
10
3
6
12
10
3
2
0
10
5
0
10
0
7
0
3
5
8
8
3
9
10
14
1
4
10
1
13
4
11
4
7
1
1
6
9
5
4
7
3
4
3
0
1
5
7
4
7
8
6
3
5
5
5
0
7
9
5
6
13
2
5
0
6
8
7
4
2
2
12
2
3
13
1
7
9
12
4
2
7
7
7
6
1
6
3
4
2
2
0
3
1
2
4
5
9
0
12
7
2
2
3
12
9
9
1
6
3
5
8
7
3
5
8
9
7
9
7
0
4
7
1
14
5
8
4
6
6
5
2
1
8
0
7
2
10
4
8
4
0
5
2
1
4
2
5
11
6
9
5
0
4
10
2
10
8
2
2
6
4
7
1
8
8
7
2
8
6
9
1
1
0
3
5
5
1
7
2
6
13
