4
7
0
10
7
0
0
1
7
12
7
7
15
16
0
9
0
0
2
9
7
1
1
5
1
10
7
1
7
20
9
12
7
6
12
17
10
4
3
12
9
0
2
16
9
1
5
3
5
5
13
14
8
3
4
9
5
0
3
14
2
7
11
5
0
11
14
14
1
0
8
8
4
7
11
17
13
5
2
10
14
4
8
8
11
6
1
6
14
5
13
5
0
15
6
10
0
1
9
11
18
3
2
6
3
12
11
4
13
9
3
6
10
1
7
13
6
17
3
5
6
8
16
5
2
8
6
0
6
15
1
14
7
7
5
11
7
14
9
11
7
9
1
11
7
6
3
3
15
11
3
16
4
3
4
7
8
5
0
5
4
13
8
7
0
3
17
6
3
1
8
9
10
7
19
13
2
6
6
3
13
10
6
16
10
6
5
14
7
14
7
11
13
4
14
4
8
9
14
1
10
1
12
6
2
13
2
2
6
16
3
0
10
1
7
8
7
1
5
5
0
9
18
4
7
5
18
5
11
8
4
11
3
5
7
0
3
15
15
4
9
17
6
11
8
6
9
9
8
10
7
8
0
10
2
14
15
8
15
7
7
11
15
11
10
4
9
3
3
12
13
8
3
10
10
0
1
6
5
11
17
4
0
9
9
9
2
2
11
