10
14
16
10
15
8
0
3
0
5
1
12
5
0
0
11
8
4
6
15
8
8
0
20
0
8
5
8
7
8
8
6
9
16
4
4
1
2
4
6
7
10
14
4
7
0
7
16
0
12
4
7
9
4
9
5
8
0
5
11
8
3
4
5
0
6
7
7
5
14
4
2
12
7
2
9
3
11
0
9
1
0
1
4
5
0
1
1
7
4
10
1
0
7
4
10
11
0
7
13
9
14
3
13
5
11
12
11
4
3
1
7
0
5
6
2
6
2
5
9
3
1
11
0
3
8
8
0
5
0
0
11
9
3
11
4
8
8
11
0
2
5
14
12
19
5
10
4
1
4
9
11
7
10
12
7
11
0
2
4
7
3
4
0
5
16
4
12
5
10
2
3
13
10
14
11
8
4
7
8
10
3
12
4
6
2
3
3
14
4
6
6
1
9
6
9
10
1
0
2
3
11
8
2
11
11
11
16
3
8
4
2
13
9
12
11
7
2
4
5
4
17
13
18
6
9
5
0
14
9
2
16
1
3
10
6
1
2
4
2
2
11
2
3
6
7
5
3
3
3
15
5
2
5
7
7
4
9
13
11
15
10
2
6
7
12
14
0
15
6
6
10
3
3
2
6
12
0
14
7
9
11
9
6
8
6
4
1
9
