12
12
6
1
0
5
4
5
11
4
0
2
12
10
4
9
3
6
9
7
15
3
11
7
11
1
0
3
8
10
4
8
4
10
13
13
4
8
11
2
0
12
6
9
0
0
0
3
5
4
5
5
4
8
8
4
13
10
5
6
9
5
3
5
5
3
5
11
7
3
0
8
0
3
14
0
16
5
8
12
1
7
13
1
8
10
3
0
3
4
6
5
2
6
14
14
6
4
9
3
3
1
2
7
4
8
0
0
9
3
5
0
13
4
7
3
10
11
9
1
5
8
6
0
8
10
9
6
4
0
9
5
7
11
4
2
6
10
1
0
8
11
13
6
7
13
7
11
7
2
0
12
3
3
0
1
9
10
6
10
19
6
1
13
8
8
6
12
8
8
5
5
0
6
2
6
7
1
2
8
14
11
9
6
2
6
7
7
0
4
5
13
7
1
3
9
2
0
4
6
6
4
3
5
6
1
2
6
7
7
11
2
5
20
8
5
0
7
5
11
9
3
0
0
6
10
4
7
0
1
5
3
9
11
17
9
8
8
8
13
6
1
6
6
0
8
15
0
3
6
13
3
0
0
5
9
13
13
0
3
4
10
0
5
2
10
10
1
12
6
14
4
2
6
12
15
0
9
1
2
1
4
5
10
3
17
5
14
3
