9
4
15
0
9
7
3
4
1
1
12
0
9
4
11
3
9
10
3
6
18
0
6
7
10
11
2
5
0
7
0
10
7
2
7
8
6
7
0
6
1
15
8
13
5
8
14
8
4
5
15
2
11
7
14
5
9
5
4
1
3
3
14
4
13
10
4
6
6
4
9
1
9
5
15
7
0
5
10
7
3
9
4
11
8
4
4
5
9
14
4
10
2
7
0
4
12
0
7
4
2
8
2
10
3
7
8
11
4
0
10
10
2
1
7
11
0
3
7
9
4
4
9
2
5
3
5
11
5
8
20
0
0
11
4
6
2
2
8
3
3
1
4
3
8
3
4
3
9
12
5
7
3
3
12
2
3
12
4
1
4
12
1
6
0
9
3
6
5
5
5
11
5
15
4
12
7
14
11
5
5
5
1
2
15
6
7
5
7
0
11
5
16
0
6
7
2
12
12
10
5
6
7
1
2
6
9
0
2
9
7
12
2
4
4
1
0
5
0
10
11
9
7
6
1
2
3
0
3
7
4
6
5
2
4
11
2
4
12
5
4
2
6
7
5
0
4
12
1
14
7
0
5
3
8
8
2
2
2
7
13
0
15
5
12
0
11
2
5
4
8
15
1
7
5
3
12
10
2
6
4
11
7
2
8
3
6
8
6
