6
6
9
9
0
4
8
5
6
0
4
10
11
10
2
8
4
4
3
3
2
10
5
4
2
8
7
14
0
6
9
2
4
0
7
9
13
9
5
4
0
11
6
0
2
6
5
3
6
6
4
7
7
7
6
11
7
2
9
6
12
12
0
1
3
7
7
10
2
6
0
11
11
6
6
0
6
0
5
0
9
2
8
8
10
9
2
1
5
6
10
2
4
1
6
1
16
2
13
7
12
10
9
2
14
3
9
8
5
0
0
4
4
5
0
8
16
4
4
12
9
11
14
0
2
0
14
2
1
7
8
4
9
8
2
20
11
10
5
8
6
2
4
0
8
6
6
11
8
4
14
7
7
15
9
11
5
6
11
8
1
7
0
5
1
9
4
6
6
13
1
5
7
0
4
16
0
6
4
6
6
2
3
8
5
3
7
5
6
4
10
10
5
10
0
8
2
0
5
8
7
15
12
7
0
11
4
0
8
12
7
3
7
9
11
3
3
7
10
13
2
2
14
4
8
1
8
4
10
9
9
6
5
2
5
11
13
6
7
9
5
2
15
2
1
0
4
2
5
1
0
8
13
1
7
10
7
0
12
3
7
1
10
5
4
5
12
6
2
9
10
12
10
5
3
10
0
0
10
11
5
0
2
5
3
8
0
13
1
