3
1
3
4
7
5
7
10
2
10
2
6
1
6
15
2
5
13
8
10
4
5
1
6
3
9
2
12
5
6
17
2
4
1
2
7
3
0
10
3
9
8
5
13
1
18
4
2
6
8
1
13
9
0
9
10
11
9
0
12
4
7
13
8
12
4
4
10
7
13
6
5
7
13
4
9
4
5
0
7
10
11
7
6
5
4
5
6
4
0
13
4
8
12
0
6
11
7
7
8
8
9
3
20
3
1
0
1
5
13
3
7
10
3
7
10
12
6
2
4
14
14
2
4
11
7
4
1
6
7
5
0
9
5
7
6
8
11
4
4
5
0
0
6
6
7
9
6
1
5
14
4
17
1
2
5
6
14
7
3
7
0
4
5
11
15
2
6
3
4
5
9
3
1
4
5
0
4
5
6
10
5
1
5
9
7
6
6
13
14
3
6
1
1
9
1
10
12
8
5
0
5
8
2
0
6
4
5
10
4
2
9
4
7
8
4
6
1
5
5
5
8
2
6
7
7
3
4
8
19
8
0
6
8
5
8
2
5
9
8
6
7
0
9
7
9
3
0
3
0
6
2
16
6
15
10
3
4
17
0
4
0
6
10
3
9
8
14
4
8
7
10
10
2
14
6
6
4
3
10
1
11
4
4
16
8
9
1
13
