2
7
12
10
12
8
4
10
8
6
19
6
4
4
12
8
2
7
5
9
11
15
3
9
1
3
10
5
6
6
5
20
7
2
8
0
12
9
9
6
2
9
18
8
13
11
2
6
6
0
9
4
16
3
7
10
2
6
0
15
7
12
2
8
5
6
9
11
11
5
12
7
4
0
14
9
15
3
1
11
3
1
8
4
6
1
6
19
11
2
18
13
6
10
11
5
6
14
9
11
15
12
5
10
2
5
14
9
0
8
4
2
6
2
17
5
9
5
0
3
8
4
9
10
0
5
4
1
10
11
2
1
7
10
4
8
5
17
12
8
9
14
2
8
12
2
5
0
15
8
16
4
6
3
10
11
1
1
16
4
7
6
13
10
8
12
1
12
8
6
11
8
3
1
8
16
14
13
2
6
2
4
6
8
6
11
2
19
2
2
13
4
2
17
4
14
5
2
6
7
1
2
4
0
1
12
6
3
10
6
7
10
4
11
9
2
5
9
5
4
11
14
2
10
1
10
7
13
4
10
1
9
2
10
4
3
5
4
6
2
10
6
12
5
6
2
12
2
9
13
4
0
9
5
2
16
7
2
14
5
12
14
5
5
7
0
0
5
7
4
5
9
4
11
1
8
8
6
16
4
16
5
1
0
5
9
6
7
7
