9
6
11
7
7
11
3
0
2
3
9
7
0
2
15
1
0
1
4
1
5
2
0
7
4
10
5
7
2
4
4
4
8
12
9
5
0
5
4
7
9
12
4
2
2
12
2
1
2
1
4
9
12
14
4
4
10
7
2
9
8
4
5
2
19
3
12
7
14
10
13
10
6
0
1
5
6
1
8
5
0
7
7
6
14
12
13
12
4
9
1
9
8
0
8
3
11
11
13
3
8
5
5
11
16
7
8
4
3
12
10
4
10
6
9
7
0
7
8
4
7
5
0
6
11
20
1
5
6
0
6
5
6
1
3
2
9
11
5
1
11
14
10
6
3
6
3
10
2
4
10
4
8
4
6
0
0
12
11
6
5
12
7
5
18
5
1
6
2
6
4
6
13
6
14
2
11
7
2
12
5
2
0
3
7
11
2
3
0
0
13
8
6
8
9
7
3
0
11
3
9
11
3
6
9
8
0
5
3
11
0
0
8
14
4
8
7
11
18
9
6
6
11
0
2
4
5
9
3
8
5
10
4
15
5
7
0
6
0
9
0
6
7
12
4
12
2
5
7
10
3
8
1
14
9
8
9
5
8
7
5
6
12
4
9
8
4
1
4
7
5
11
4
11
1
4
10
8
7
7
0
4
3
9
16
4
5
6
11
