1
0
10
12
1
4
9
9
5
8
5
7
0
8
3
11
16
5
6
6
4
0
3
10
1
12
5
4
8
2
1
0
12
0
9
3
9
3
5
4
4
8
6
4
4
20
4
1
0
3
4
0
9
2
16
10
11
5
1
8
3
5
3
4
2
4
5
10
4
4
8
6
5
1
5
5
3
3
2
5
7
2
14
8
1
0
8
3
7
5
5
10
5
6
5
1
8
4
6
10
2
3
7
4
10
3
0
0
10
4
2
4
3
8
0
3
9
8
2
2
6
7
8
5
4
3
8
0
3
7
7
7
0
11
6
2
4
0
1
1
1
7
5
5
7
3
3
10
5
4
3
4
5
4
5
5
5
3
7
11
2
9
4
10
1
2
7
1
8
4
1
11
5
6
2
5
9
12
9
0
8
5
8
4
12
4
14
17
4
3
4
4
7
1
0
3
1
4
7
6
9
7
1
5
8
7
9
8
4
2
4
7
5
1
0
13
1
11
1
1
7
4
5
6
5
3
7
5
4
4
6
4
5
4
5
4
2
7
8
4
3
5
4
11
5
13
6
11
2
5
9
1
2
3
1
9
15
8
12
3
6
2
5
10
18
1
9
12
4
1
0
0
2
5
6
4
7
0
7
6
7
5
8
11
5
0
0
0
0
