2
9
11
4
14
3
3
5
4
16
5
5
12
11
10
13
3
7
5
2
7
17
6
2
0
12
8
10
5
9
0
4
1
3
9
5
12
0
17
13
7
0
6
0
7
9
14
11
1
16
0
9
9
7
11
0
11
13
0
2
9
15
4
14
10
4
3
12
12
1
5
3
0
0
11
11
8
3
13
14
14
9
10
8
12
3
0
10
9
11
12
2
13
5
13
8
4
3
2
10
5
7
7
14
7
6
13
2
15
10
10
0
0
13
13
8
9
9
3
2
8
0
5
1
15
0
10
3
2
8
6
3
7
7
6
15
9
9
0
0
4
1
11
8
2
10
5
0
12
9
8
14
8
0
8
5
12
17
9
4
7
5
1
8
6
9
4
1
0
8
8
11
18
6
0
8
3
12
9
6
17
6
14
8
1
1
1
5
7
8
1
5
16
7
1
0
0
4
5
3
0
13
16
15
0
9
19
2
8
10
4
7
2
5
7
9
3
17
3
8
3
11
4
9
6
2
9
8
8
9
7
9
4
15
2
7
9
9
2
5
9
16
5
3
12
4
9
10
0
9
13
11
3
1
7
5
8
4
3
4
9
0
10
7
4
0
6
6
15
5
1
7
10
20
3
3
5
8
7
4
0
7
16
5
6
11
9
3
5
