7
0
5
16
12
2
9
7
5
6
11
3
4
6
14
8
6
12
3
8
2
8
9
8
1
7
7
0
2
13
7
6
11
5
0
2
3
2
10
0
11
2
9
12
8
0
10
2
0
3
5
8
6
6
3
3
12
12
6
6
2
13
7
10
9
8
5
0
6
17
0
5
5
3
7
10
12
12
4
3
12
3
14
5
2
4
3
8
3
11
4
17
1
7
1
2
4
5
0
6
8
1
4
6
9
0
8
3
10
6
7
6
3
4
9
2
7
9
8
7
6
8
6
7
7
14
5
0
11
15
4
8
1
9
1
12
5
5
11
5
11
6
7
8
4
3
12
4
14
3
11
5
16
11
14
8
2
2
6
5
15
12
5
5
16
2
7
12
1
6
9
6
0
0
8
0
9
1
16
10
0
10
13
8
16
4
6
7
0
0
9
4
3
15
0
3
7
5
1
16
3
7
0
10
8
9
8
3
6
4
5
5
7
6
9
11
15
13
6
9
8
4
15
5
11
11
8
3
14
15
14
2
3
17
6
4
12
9
7
4
5
7
16
7
3
10
8
2
11
0
3
0
1
12
9
0
5
1
10
7
6
6
0
5
14
3
6
0
9
7
5
7
1
9
0
0
3
20
3
3
0
11
11
7
0
5
17
6
4
