12
9
5
10
12
7
8
4
0
7
6
10
4
1
10
6
10
10
12
8
7
0
1
8
6
11
11
1
8
8
7
11
3
8
2
12
10
7
9
3
20
6
4
6
5
2
5
2
5
0
12
0
9
5
9
11
3
3
4
2
8
6
9
7
2
11
2
5
3
6
7
1
7
3
9
2
10
14
3
10
8
3
9
9
1
11
2
14
0
9
0
0
13
4
0
5
4
9
3
4
6
2
1
8
11
8
14
4
6
12
5
8
19
7
2
3
7
8
0
4
6
1
0
5
1
9
15
4
17
9
5
8
14
7
10
2
5
7
8
5
0
13
1
2
5
4
7
10
0
1
16
0
7
5
0
12
0
8
3
11
11
6
3
8
4
5
2
4
0
8
8
9
10
6
3
7
7
1
2
0
10
4
4
0
0
8
7
8
7
14
7
9
6
0
0
4
1
9
13
5
8
6
4
10
11
0
9
5
0
6
11
3
12
10
5
5
14
6
4
10
10
5
0
11
9
10
4
9
8
1
8
2
7
11
7
4
3
0
17
12
3
5
8
4
5
10
7
4
0
9
3
9
9
4
0
9
5
5
2
3
7
4
13
3
9
9
8
11
3
8
13
2
7
5
0
3
6
10
10
10
10
12
5
10
5
3
3
2
6
