8
4
6
5
11
9
16
2
7
10
2
1
11
11
1
8
11
7
0
2
2
7
10
3
9
4
11
9
20
4
2
0
4
6
0
8
2
8
5
10
4
11
10
0
3
8
1
16
2
8
7
13
8
4
0
0
2
7
7
10
1
10
8
10
8
6
3
3
6
9
1
4
6
4
3
12
1
5
7
12
7
0
5
5
3
8
2
0
1
0
1
3
9
8
6
6
6
12
10
8
1
11
6
6
2
0
9
8
10
8
2
18
11
6
12
4
12
8
0
6
9
8
2
11
6
5
0
11
7
3
5
3
6
0
4
2
5
9
2
0
9
9
3
7
8
6
11
5
0
1
6
3
18
5
10
5
3
2
4
6
3
10
10
5
4
3
8
2
6
3
4
8
1
0
2
7
6
4
6
4
8
5
7
10
1
2
1
3
11
1
10
9
0
9
12
11
3
8
14
9
8
6
6
12
7
5
2
4
6
5
5
2
13
2
4
4
11
4
8
1
5
4
12
4
9
7
6
5
3
14
1
1
12
7
2
3
0
11
7
1
8
2
5
5
10
6
14
2
3
6
3
6
9
4
1
5
5
8
3
5
4
17
4
5
11
10
3
11
5
10
15
9
4
5
12
4
7
9
6
0
6
4
3
8
4
7
5
4
0
