0
4
10
13
8
7
3
5
1
6
0
11
6
3
1
8
2
5
5
11
10
2
0
3
12
2
4
8
0
9
6
10
9
4
5
4
0
6
4
12
3
4
4
8
5
0
6
8
4
8
6
10
3
8
6
10
8
9
5
5
7
8
4
5
4
2
6
9
3
5
10
3
0
6
4
20
6
14
2
5
10
9
0
12
1
9
9
7
10
10
13
5
11
5
4
0
7
2
7
7
5
4
3
7
0
3
0
3
8
4
1
1
1
5
11
5
7
3
3
6
5
1
4
2
5
5
8
6
3
3
3
9
4
1
6
9
0
11
14
4
15
0
2
2
5
5
6
12
0
3
12
9
9
3
5
11
17
9
4
9
4
13
3
0
7
1
5
3
2
4
12
6
9
17
7
10
0
2
5
5
8
4
6
6
0
7
1
8
9
13
6
7
12
7
2
11
4
4
8
6
8
7
4
5
8
3
5
4
0
11
0
7
2
0
10
4
6
11
6
10
3
2
4
8
3
1
6
5
1
6
2
7
5
2
8
5
7
0
9
1
2
7
7
2
5
8
3
3
5
1
3
10
4
1
0
4
4
1
1
3
3
3
0
7
9
10
7
12
8
5
6
6
8
2
8
11
4
3
6
0
5
12
3
0
0
9
2
2
3
