12
16
11
7
7
7
8
6
2
1
3
8
8
3
6
2
6
7
5
4
5
2
6
6
1
9
11
2
9
9
3
0
7
13
2
20
11
12
7
6
6
4
6
1
1
16
1
7
4
9
10
9
11
1
3
17
9
12
5
7
0
0
8
4
3
0
8
13
7
11
6
3
2
15
3
2
10
2
8
4
5
8
0
4
8
3
0
1
9
5
12
10
5
7
0
3
5
3
19
8
9
7
11
6
13
5
10
12
9
1
6
13
9
1
7
8
0
0
0
16
5
1
10
0
1
11
6
7
2
8
11
0
10
12
8
2
11
0
5
4
3
10
8
0
15
2
1
2
2
5
6
4
7
8
9
2
0
3
10
16
7
1
6
7
7
4
7
7
5
3
11
3
6
4
6
11
5
10
2
2
9
5
2
0
8
14
6
0
4
2
2
4
5
7
5
6
12
5
5
5
5
2
7
1
7
7
8
12
0
9
5
2
4
3
10
4
2
9
10
0
6
12
12
6
3
6
5
3
4
4
5
0
7
12
8
10
3
7
8
13
12
6
10
2
6
8
4
7
1
2
3
9
11
3
2
10
2
4
0
6
1
11
8
7
14
8
13
5
3
0
2
6
10
6
0
4
1
6
1
10
11
4
7
5
10
8
2
2
5
