0
2
3
12
5
3
7
9
10
2
7
0
4
2
4
0
1
6
5
6
4
2
10
5
7
1
1
17
1
3
0
8
3
4
6
0
8
6
9
13
0
7
0
5
13
11
1
7
2
11
7
12
4
3
17
10
8
9
7
19
8
9
1
5
4
0
9
4
0
10
14
5
10
5
1
6
11
9
0
5
4
3
10
2
9
7
8
8
7
7
1
4
4
0
3
7
7
6
13
5
20
4
9
7
10
2
6
12
9
0
2
12
0
0
3
10
8
5
2
0
15
2
3
5
0
16
6
3
0
9
4
1
13
2
3
1
9
7
3
12
7
9
11
4
6
10
3
5
0
3
4
12
9
0
6
3
0
10
6
12
2
11
3
5
7
1
8
6
11
4
4
1
10
9
3
1
8
8
2
1
5
3
0
6
4
3
5
0
7
0
1
6
4
16
0
7
7
7
6
0
0
5
1
5
11
15
3
0
8
4
6
5
8
1
3
9
4
4
9
8
5
3
0
6
8
8
3
1
13
7
0
5
6
2
9
9
0
10
0
4
7
7
6
7
1
0
0
10
11
4
8
2
8
2
4
3
0
8
6
6
0
0
11
2
13
7
8
10
4
2
11
12
14
6
3
5
13
8
0
0
6
4
0
0
2
3
3
5
9
