12
3
0
10
9
4
8
8
16
5
9
11
9
0
10
0
9
3
0
5
9
3
11
7
4
6
4
6
9
13
6
5
2
3
17
4
14
6
6
1
11
8
17
1
4
9
8
7
5
3
9
2
6
7
1
4
4
4
0
11
12
8
2
3
9
2
7
3
14
0
1
2
9
3
7
17
4
9
13
0
6
10
6
0
9
12
5
14
12
3
2
3
8
2
12
6
10
13
5
3
2
1
2
10
0
3
0
1
5
9
11
2
3
8
0
8
8
11
9
8
6
5
3
4
14
4
4
9
2
12
9
2
8
13
1
4
11
10
2
1
4
2
0
7
0
3
9
7
8
5
3
8
3
7
8
0
6
5
4
8
5
2
7
8
2
8
2
6
0
0
7
5
6
5
2
3
4
4
8
9
12
5
3
4
6
10
5
0
7
18
7
3
5
0
2
5
9
9
5
9
4
10
7
1
4
7
3
9
7
4
7
10
13
8
20
4
6
9
9
5
9
7
0
15
9
2
5
0
14
1
12
3
3
2
9
1
2
6
0
0
10
3
0
3
5
8
9
3
5
8
9
5
5
7
18
4
8
10
8
8
8
12
3
5
3
3
3
5
0
4
0
6
10
7
8
2
4
11
8
7
2
10
0
5
3
2
2
2
4
