6
9
5
4
1
10
7
13
5
5
2
7
4
4
9
4
1
0
1
0
18
2
8
14
10
14
3
14
1
0
3
8
7
7
3
7
0
8
20
1
2
5
4
3
6
3
5
4
10
11
7
15
1
6
2
4
0
9
6
2
4
11
1
6
10
4
0
1
10
15
0
3
8
4
10
4
3
1
3
0
10
5
2
7
12
7
13
4
4
6
2
5
4
16
2
9
4
3
5
12
5
13
8
10
0
9
8
3
7
9
0
6
5
7
5
1
1
9
5
3
0
8
7
1
0
0
16
4
12
0
8
4
10
10
10
4
5
8
4
8
4
8
5
1
6
1
5
13
19
0
2
1
7
1
10
7
4
7
8
3
5
9
0
6
0
6
1
13
12
14
9
11
7
16
0
9
12
11
4
2
12
8
3
3
15
1
4
2
9
8
6
15
3
0
9
3
5
0
2
1
6
8
10
9
8
8
1
6
5
4
14
1
0
3
5
11
17
7
5
5
8
1
8
10
4
8
3
13
0
12
4
5
11
1
6
5
6
6
11
8
4
1
7
13
6
0
13
13
8
8
7
1
14
5
5
10
0
4
7
5
6
0
4
7
4
9
0
5
7
16
12
2
5
12
15
6
3
8
2
9
4
12
2
6
8
0
9
8
4
