3
5
1
15
5
5
13
12
3
5
13
4
2
2
3
2
2
7
5
11
7
3
4
13
5
3
0
3
2
8
3
13
4
15
0
10
1
1
10
3
10
7
6
0
6
7
12
4
5
8
6
19
5
4
0
18
10
9
2
6
4
3
11
3
11
7
7
8
14
2
13
11
0
4
4
9
10
20
1
11
7
10
2
2
8
8
0
9
8
11
11
4
9
5
3
2
11
5
16
5
8
16
1
4
8
9
2
2
2
9
3
2
6
5
2
10
4
7
2
1
6
11
1
16
0
0
0
9
8
5
13
12
5
3
6
1
0
6
4
1
8
7
0
10
12
4
6
12
7
5
6
5
6
8
3
7
3
3
3
9
2
5
9
17
6
1
7
8
4
9
17
3
3
11
6
8
4
2
1
7
12
13
9
0
7
10
0
10
7
3
6
8
5
7
9
3
9
7
11
0
1
12
8
3
12
0
8
4
11
10
0
8
6
1
6
13
3
14
2
5
14
4
19
5
6
7
0
2
9
4
5
5
2
6
11
3
7
6
5
1
10
15
11
2
5
5
6
8
0
6
0
8
3
5
6
5
2
2
3
17
9
0
10
18
9
8
4
1
9
5
5
0
11
3
1
9
6
0
4
6
7
3
1
12
12
4
6
8
2
