2
15
4
0
5
0
15
3
2
3
7
2
6
14
6
3
9
5
6
4
8
7
11
0
8
6
3
5
2
11
8
6
12
4
0
15
0
6
8
4
11
7
5
9
6
7
0
5
7
4
4
4
0
16
8
7
5
6
0
0
7
1
8
7
9
7
11
3
1
11
20
14
3
5
6
13
6
4
8
9
12
2
6
11
1
2
6
7
10
6
8
2
1
6
8
11
7
1
0
17
11
7
3
6
9
8
6
9
2
1
4
1
5
9
9
8
3
2
11
9
5
4
7
7
3
10
9
4
7
4
1
3
0
10
6
0
4
0
1
1
2
8
7
11
6
3
4
1
7
7
7
9
2
15
10
4
13
2
1
8
1
6
2
13
0
11
3
0
4
4
4
2
9
11
4
6
17
4
8
5
6
12
10
4
3
8
8
5
16
17
5
5
0
12
0
6
0
5
7
7
11
4
0
4
8
5
1
1
4
7
8
7
4
11
6
12
4
7
6
7
0
3
6
0
0
2
9
8
6
5
5
10
8
3
8
5
10
5
2
6
9
3
13
11
4
6
0
13
0
1
4
4
8
12
5
1
0
4
6
0
5
4
3
3
4
2
6
5
10
5
1
1
4
4
9
5
5
3
8
5
10
6
1
5
4
9
9
0
7
