9
4
5
7
2
0
10
2
5
4
4
3
12
11
6
4
2
11
5
3
6
9
5
10
6
3
2
7
3
4
6
16
4
10
2
3
8
7
0
9
13
17
5
0
12
9
3
4
2
11
0
13
0
1
7
10
16
3
3
6
9
9
10
1
9
7
7
13
3
5
0
4
0
3
2
0
6
10
9
3
1
1
0
0
2
1
2
5
11
2
19
3
6
5
9
3
7
6
12
15
5
8
3
4
7
10
7
6
5
8
9
2
5
9
5
5
2
6
6
8
13
3
11
3
8
0
6
6
5
10
5
0
6
13
10
10
3
5
8
3
14
0
7
6
6
7
4
8
0
0
4
5
4
10
6
12
9
0
2
8
7
3
12
3
1
0
2
9
7
4
15
11
10
4
3
4
3
10
10
1
0
8
9
9
1
10
5
17
0
8
0
4
7
4
9
3
3
8
5
6
13
0
14
4
11
1
4
2
10
11
5
0
11
7
5
10
4
8
7
0
8
2
1
9
2
1
20
10
8
5
7
7
11
5
12
6
6
18
14
7
7
10
8
16
4
4
17
9
3
10
2
0
4
4
7
7
11
9
7
7
9
14
3
2
4
12
5
12
5
10
5
2
15
5
4
8
15
16
6
3
3
7
13
12
12
4
4
0
10
