6
10
7
14
6
12
0
6
7
14
5
2
9
3
5
2
13
3
5
10
4
4
5
7
13
2
7
5
5
0
6
7
9
8
8
1
16
12
16
1
0
3
4
6
8
8
9
4
5
12
16
3
13
5
2
6
3
6
5
6
20
3
9
3
0
7
0
2
6
12
11
11
8
5
3
2
4
10
12
8
7
12
8
11
9
1
2
3
7
1
10
12
2
11
3
9
9
3
12
9
6
3
4
3
2
0
16
0
6
0
6
5
2
2
5
8
1
2
4
3
5
10
9
5
1
6
1
5
9
0
13
6
0
2
10
6
7
6
8
2
7
4
8
0
10
2
2
9
6
9
5
9
6
6
11
6
8
0
4
9
1
5
8
5
9
2
6
5
10
9
6
2
7
1
11
10
5
5
9
4
0
3
2
4
12
10
4
11
12
9
0
4
15
12
11
7
3
2
6
6
6
19
0
8
13
3
10
7
11
7
3
5
9
10
8
3
13
8
2
13
7
9
4
0
11
8
10
5
2
3
3
9
6
5
7
5
4
3
0
10
5
4
9
7
7
1
2
0
15
9
4
13
9
8
0
9
0
0
6
5
8
6
7
6
0
9
7
7
3
8
0
1
4
14
0
7
10
12
9
8
0
7
5
3
6
1
0
7
8
