5
0
16
8
11
12
5
8
0
8
2
9
3
0
10
12
4
0
10
11
2
9
2
3
3
3
5
6
9
6
4
8
8
1
5
0
9
3
5
3
5
4
4
4
5
12
11
1
7
11
6
0
6
5
9
13
7
2
1
8
11
2
13
0
3
14
4
9
4
6
2
6
5
16
7
9
8
7
11
9
12
8
6
1
3
5
10
6
3
4
6
10
6
0
4
6
7
7
7
13
8
3
9
4
7
0
7
2
5
3
6
3
14
12
5
12
11
5
16
1
11
3
15
9
3
2
1
3
3
6
0
7
9
8
6
3
3
11
11
8
7
2
7
5
3
2
7
11
7
10
9
2
9
7
8
8
3
4
4
3
8
9
4
7
15
2
8
9
9
20
0
0
4
5
5
5
11
4
0
3
7
9
13
10
7
1
10
3
9
5
0
10
5
3
1
7
3
2
12
2
5
0
11
5
3
5
4
6
4
4
3
9
4
4
8
7
1
2
9
5
8
0
2
0
1
3
9
9
4
4
0
5
0
5
2
2
0
8
5
6
11
4
2
0
2
1
9
12
8
5
9
1
3
11
3
6
7
6
1
8
4
2
3
3
3
4
1
5
2
5
6
2
0
3
0
0
9
3
4
5
1
0
1
1
3
4
3
11
9
