1
0
3
1
1
4
5
1
6
6
6
11
12
12
0
5
7
6
13
9
12
1
10
5
11
3
15
7
12
6
5
0
9
6
7
1
5
9
2
5
8
6
6
7
1
2
12
4
10
3
4
1
3
6
5
15
9
5
7
4
1
6
3
10
8
9
16
7
12
5
4
16
8
5
4
5
7
8
9
3
4
0
9
7
10
3
5
0
10
10
1
2
1
14
7
4
1
6
6
3
8
14
4
6
12
4
2
1
8
1
9
7
11
10
0
8
1
11
0
6
5
6
14
7
8
18
7
2
8
5
5
2
7
11
6
3
11
2
4
11
8
12
17
13
7
1
12
6
4
9
7
4
15
3
2
4
8
8
5
4
0
7
9
9
7
3
12
5
3
5
6
5
12
2
8
6
2
3
0
1
1
7
7
6
0
4
6
3
12
3
11
0
0
1
5
12
10
11
8
5
0
5
7
1
6
11
13
9
1
3
0
8
5
6
9
3
1
5
0
4
6
9
6
5
9
8
2
10
6
3
12
1
4
3
7
6
5
5
7
12
11
9
8
3
3
7
2
10
3
7
15
5
10
3
6
2
10
10
3
9
1
12
1
4
1
4
4
20
5
4
1
10
6
0
5
14
1
1
6
6
11
13
9
5
10
1
4
0
6
