9
4
1
5
7
8
1
5
0
4
12
4
9
3
2
2
11
7
4
5
5
9
9
6
1
0
0
5
6
9
18
2
0
8
12
1
5
3
9
13
9
10
5
10
4
7
1
7
6
0
14
10
5
8
7
2
0
4
4
8
4
5
3
2
10
6
6
3
3
1
0
2
4
12
14
11
20
9
5
6
10
7
9
15
4
1
2
8
7
7
2
0
5
3
2
2
6
4
12
4
4
6
12
0
9
7
9
7
1
4
6
1
5
11
3
13
2
7
12
1
16
12
2
11
0
7
9
0
3
4
4
5
7
7
5
8
8
9
5
5
1
0
6
5
6
5
4
16
0
5
8
8
12
2
5
4
6
2
2
15
11
4
10
10
0
5
4
2
13
2
0
10
5
6
2
3
14
1
5
1
16
10
0
1
13
14
6
10
8
4
15
5
4
4
14
5
10
3
3
5
1
3
3
5
5
0
9
7
8
4
3
0
2
4
7
0
1
7
3
7
6
2
3
3
6
10
0
8
3
5
6
7
3
10
8
5
10
7
9
8
0
0
10
13
2
4
9
3
8
5
12
5
11
8
3
4
4
6
3
14
8
7
3
2
0
3
1
1
6
3
6
0
8
11
4
9
5
7
2
4
0
10
15
0
13
6
8
1
11
