9
4
16
18
4
0
5
15
1
11
0
4
9
7
14
2
13
7
10
6
0
2
4
11
13
9
6
14
9
5
6
10
6
4
4
2
5
11
19
8
3
6
6
0
7
4
9
15
0
4
0
5
2
5
6
10
0
1
2
3
7
9
2
18
19
0
10
8
4
4
0
13
9
6
2
6
1
7
0
10
19
2
7
11
15
9
7
8
7
6
4
0
0
11
9
9
5
9
8
0
12
13
12
16
14
0
6
6
10
11
14
5
5
4
7
7
12
7
17
5
9
1
0
5
3
5
7
8
0
17
8
8
10
17
9
2
10
1
7
6
9
15
5
11
11
11
6
11
10
11
7
8
18
0
12
10
2
5
11
7
6
1
13
6
5
8
5
16
5
7
7
12
12
8
7
1
10
7
17
7
2
0
4
13
0
6
1
0
6
9
8
13
0
9
11
11
0
2
11
0
12
7
6
1
6
14
13
4
2
1
1
3
1
1
1
11
8
5
6
7
1
4
2
11
5
9
3
3
1
14
10
5
8
8
0
15
14
0
3
8
4
13
14
10
13
8
2
20
6
5
8
0
4
6
0
13
4
5
10
3
5
6
5
19
8
12
9
7
18
7
4
9
11
8
0
3
16
2
8
0
1
4
7
14
5
3
10
4
3
