9
11
5
9
3
5
18
14
4
9
14
3
5
0
4
0
8
7
3
0
0
7
7
7
4
14
5
3
0
4
9
7
6
12
10
0
0
0
8
5
2
11
4
2
7
7
1
5
14
10
9
11
9
9
2
7
6
5
11
4
9
9
11
6
10
0
0
12
8
3
9
11
9
0
10
19
13
7
6
0
8
8
9
13
10
7
6
4
5
14
7
1
12
0
10
6
1
6
4
5
6
3
3
3
8
7
13
8
5
4
7
3
8
7
17
2
10
2
0
7
2
3
0
5
2
8
7
14
4
2
4
16
14
4
9
9
16
12
4
0
6
6
7
4
8
8
5
7
12
12
5
12
0
12
8
8
5
9
13
8
6
19
13
8
5
10
3
9
6
14
9
9
7
12
1
4
2
6
2
7
12
8
6
18
6
0
2
6
10
0
2
17
5
6
6
4
0
7
12
5
12
4
3
3
17
17
3
1
7
14
13
7
6
4
5
11
7
6
2
5
0
2
3
10
0
15
7
9
7
12
10
8
4
3
11
1
0
1
1
7
7
4
3
5
6
7
0
13
6
5
2
11
0
2
7
4
3
15
10
6
11
7
5
4
2
15
10
13
2
20
9
2
8
0
0
9
18
6
9
4
7
1
13
6
0
14
4
4
0
