10
4
7
3
7
9
4
11
4
18
0
4
1
1
5
1
2
1
5
0
10
5
2
4
13
7
12
4
4
1
3
4
6
5
11
0
8
1
8
3
8
6
11
7
8
0
0
0
20
9
2
10
1
6
4
0
12
2
11
0
12
4
2
1
9
0
5
11
0
10
6
4
5
16
0
3
7
0
3
1
6
6
13
5
3
7
7
10
9
8
12
8
7
12
14
5
5
2
5
6
5
0
3
4
8
2
5
8
2
2
12
7
8
1
0
2
4
15
1
6
10
7
1
8
3
6
5
10
3
8
4
15
2
9
2
6
12
8
4
12
1
4
2
1
2
3
14
3
13
12
3
4
2
3
10
3
8
11
7
7
8
0
10
1
5
4
2
4
5
12
6
13
6
0
7
8
9
0
0
0
0
2
8
8
7
8
9
5
13
10
3
3
7
12
7
4
9
7
7
10
5
6
12
3
4
4
8
10
1
1
4
12
6
3
1
10
9
1
5
10
13
0
5
8
4
13
9
4
7
0
13
6
6
0
3
7
6
2
2
1
4
4
1
5
1
7
3
6
1
7
7
3
2
11
4
6
2
2
7
1
10
10
5
2
5
10
5
5
5
9
8
5
1
6
2
0
2
8
2
12
6
0
6
1
0
5
7
1
8
