7
20
4
19
1
7
3
13
5
4
0
6
11
4
11
16
7
3
0
1
5
2
7
2
0
18
14
11
7
9
0
10
15
11
1
7
5
5
15
4
4
7
8
2
3
0
5
8
2
5
9
11
6
11
13
2
5
17
0
4
9
7
8
10
0
0
6
10
0
15
0
1
7
3
11
2
7
6
10
3
15
2
5
4
2
11
6
12
3
17
3
10
0
12
10
9
0
7
11
6
0
6
5
10
1
8
1
9
7
12
8
8
1
6
13
11
7
5
4
14
15
1
2
8
4
2
0
6
10
13
7
2
14
6
5
7
4
0
6
2
6
0
8
14
11
3
16
4
17
5
2
9
8
5
5
3
4
17
9
5
3
6
0
2
8
10
1
6
10
5
9
0
15
4
7
9
5
8
15
0
5
0
3
3
7
6
0
17
6
7
7
9
5
13
0
3
1
10
4
8
8
0
7
2
7
5
6
10
8
13
4
15
1
7
9
3
12
8
10
8
6
0
2
6
10
7
7
8
0
5
11
14
10
2
10
6
5
6
10
7
6
6
1
1
3
4
0
6
12
5
4
8
8
2
10
8
4
6
18
13
2
14
1
7
3
1
11
7
6
7
7
6
6
11
3
6
13
17
13
6
13
7
9
0
9
6
8
3
0
