6
2
5
5
15
5
8
7
16
4
5
0
3
6
18
5
9
1
8
7
1
11
8
7
9
16
7
9
4
11
3
10
2
7
13
14
5
6
1
1
3
0
15
4
9
6
8
4
6
4
6
0
4
12
4
12
2
2
2
4
0
4
9
3
5
2
5
6
5
9
17
0
5
8
0
2
12
4
5
8
5
4
5
11
5
3
12
13
2
10
0
7
8
3
4
0
6
7
11
7
7
13
5
10
2
3
7
5
5
9
5
2
9
7
9
8
5
3
7
1
8
6
13
14
9
4
6
14
16
5
7
3
8
7
3
4
0
3
9
13
4
5
7
9
5
16
12
13
5
9
11
0
1
14
7
10
0
2
0
3
3
0
2
4
8
0
8
5
6
7
11
0
2
5
5
7
7
7
7
6
0
12
10
6
6
12
5
5
9
6
3
2
2
10
7
12
13
5
8
1
10
6
8
4
2
0
0
2
10
1
7
0
2
12
11
4
3
13
0
3
7
5
5
5
4
2
1
2
15
7
5
6
12
4
8
8
6
12
12
11
18
8
5
1
4
10
9
6
11
8
18
3
10
6
0
6
9
5
8
0
5
4
8
4
4
6
5
8
4
10
1
4
3
7
6
15
1
14
4
12
9
11
5
20
5
6
7
10
13
