2
8
1
7
7
3
3
10
0
0
9
2
6
10
10
8
6
1
3
15
8
3
3
9
12
0
15
3
3
3
9
2
3
14
0
5
2
6
7
5
0
5
8
15
8
12
3
0
1
2
14
8
3
9
5
0
8
7
6
3
7
7
8
3
10
10
2
5
8
5
8
6
3
4
4
0
10
9
0
2
6
1
15
0
12
7
3
6
13
2
1
6
7
4
4
4
3
5
4
5
0
10
17
8
7
3
4
7
7
3
7
12
3
6
5
8
1
6
3
2
14
5
4
0
2
8
6
6
1
11
16
3
5
14
9
3
11
9
8
5
5
0
11
9
5
0
15
8
8
7
12
16
2
6
12
10
12
1
11
8
14
2
20
16
6
3
2
9
5
6
7
3
6
7
0
8
2
4
0
8
11
9
2
11
4
4
10
5
8
10
0
5
3
9
16
9
6
9
5
10
9
5
12
5
11
0
17
10
10
4
9
8
11
7
0
7
5
1
8
6
4
7
4
5
1
4
8
0
18
10
5
3
10
10
0
6
10
9
5
4
5
6
7
10
8
6
3
16
4
0
9
6
12
7
7
0
4
11
3
5
0
2
4
0
3
3
11
3
12
8
8
4
1
5
9
0
2
9
3
13
0
0
9
13
6
6
0
2
2
