7
5
13
4
5
4
0
8
4
7
5
3
5
8
10
1
7
0
18
3
4
0
13
2
0
10
2
6
4
6
2
4
5
0
3
5
5
7
9
3
7
8
4
3
3
0
9
4
7
13
0
6
7
11
6
7
8
5
5
10
8
0
2
3
5
7
6
0
12
11
4
4
6
5
8
3
4
5
9
1
7
1
14
5
6
1
4
7
5
9
9
7
2
8
7
17
0
6
4
8
5
2
8
2
17
0
3
11
7
8
15
2
6
4
0
5
14
5
1
9
5
5
10
8
14
3
3
12
0
0
5
8
9
5
1
3
10
7
5
4
4
4
6
9
1
0
1
20
9
3
9
2
6
10
5
5
10
7
1
1
0
1
4
11
3
8
7
6
11
5
6
4
1
7
6
0
1
6
7
7
7
10
10
13
3
4
6
7
1
3
2
15
3
8
12
8
6
4
2
4
9
8
2
9
0
13
2
5
3
4
2
5
3
4
6
7
8
3
3
1
8
2
5
3
8
4
5
4
5
4
7
6
1
1
4
7
1
7
15
8
2
5
5
12
2
8
12
3
8
2
14
6
0
4
5
10
1
3
8
5
7
1
4
5
4
3
5
8
10
11
6
5
1
2
4
4
8
5
4
5
0
4
5
5
4
6
7
5
10
