7
4
7
0
8
3
12
8
13
6
4
5
8
8
8
1
8
13
6
9
4
3
4
2
4
7
9
10
9
12
10
0
0
13
8
10
1
6
3
0
2
7
2
9
1
5
3
15
5
0
11
6
5
2
5
5
3
12
7
4
3
0
0
1
4
4
7
6
4
4
12
10
9
14
9
10
10
9
12
10
2
13
0
15
19
2
5
15
12
15
4
2
0
8
0
5
19
19
6
1
10
3
9
2
4
4
12
5
6
5
17
0
9
5
11
7
5
3
4
9
14
13
0
0
0
7
3
7
2
0
7
5
6
14
11
0
3
8
2
3
8
10
6
3
13
10
12
3
5
11
4
10
9
10
2
0
7
2
4
13
4
7
9
4
9
3
7
10
7
5
8
5
6
7
3
5
5
6
6
1
4
5
5
7
3
14
2
8
0
5
6
6
1
5
11
4
4
12
5
3
1
0
9
5
10
15
4
8
5
14
0
14
8
8
0
9
2
9
10
5
3
2
9
9
4
2
0
8
6
4
12
6
11
14
8
4
7
10
3
7
8
20
0
3
1
14
7
7
4
8
15
8
7
3
0
10
4
5
14
0
4
7
10
4
14
10
1
2
4
0
1
0
4
8
7
4
0
5
5
9
8
7
3
4
0
5
5
0
8
