4
9
10
6
0
12
10
0
11
8
5
9
6
12
1
14
4
4
0
4
7
13
2
8
4
13
1
14
6
7
12
10
0
15
11
7
9
7
1
10
1
2
5
7
9
9
9
10
5
14
2
11
4
9
0
8
10
9
5
8
12
11
5
5
9
2
8
3
4
17
13
4
4
8
11
0
5
5
6
4
12
0
2
0
5
2
5
5
18
5
8
7
3
5
13
8
2
7
4
6
9
7
5
7
9
0
3
6
13
14
12
7
12
10
0
11
4
20
0
13
7
2
6
6
6
1
17
6
4
8
9
6
9
4
2
6
0
6
7
10
4
0
3
10
5
6
2
4
10
2
4
0
6
3
8
5
8
3
2
0
11
1
6
8
7
10
9
5
7
4
8
5
2
7
5
10
6
13
6
7
1
5
3
9
8
6
6
4
0
7
8
2
8
1
14
2
4
6
1
6
4
4
4
2
8
0
1
2
0
0
2
5
0
2
5
8
4
5
9
6
9
12
1
12
8
0
13
9
0
8
3
6
6
11
7
1
11
3
9
4
15
12
4
5
11
0
6
14
3
9
4
3
2
7
0
3
18
2
4
6
9
10
4
11
4
6
9
7
2
7
10
8
6
6
10
8
3
8
3
1
7
7
15
6
4
3
7
12
8
