7
15
6
4
6
10
8
4
6
8
1
7
3
2
10
3
13
5
5
0
9
10
9
7
1
4
5
6
2
6
10
12
4
1
10
0
1
6
1
4
4
5
7
0
4
3
7
0
4
6
8
5
7
3
6
7
10
7
8
20
3
7
10
0
1
9
10
10
11
11
12
7
0
8
9
7
12
5
7
8
0
4
7
7
5
6
8
6
4
4
4
14
8
8
6
5
3
3
6
0
4
5
7
11
6
6
6
3
7
5
10
10
5
1
1
6
7
9
12
12
4
2
3
11
7
0
0
7
1
2
4
11
1
6
3
4
9
6
3
8
3
17
1
7
1
1
6
6
5
7
5
8
11
1
6
9
4
2
1
12
8
5
4
1
5
4
11
4
1
3
2
4
5
12
3
5
0
7
0
10
7
2
0
0
6
6
0
3
6
7
1
6
5
2
8
10
0
6
3
12
2
0
10
7
7
4
7
5
0
3
5
1
2
9
0
11
7
3
2
14
5
8
5
8
9
5
10
11
8
0
5
13
7
5
10
9
5
5
2
10
3
4
0
13
0
2
6
0
3
7
3
7
5
5
0
0
4
3
8
9
6
8
6
6
4
12
11
2
6
4
11
6
6
12
11
5
6
4
8
9
1
4
2
5
9
2
4
0
7
