4
10
0
4
1
2
3
3
2
10
1
9
10
4
0
10
10
0
4
9
0
11
4
2
3
16
4
4
7
0
2
11
14
7
4
0
7
0
8
1
6
9
9
10
2
8
10
6
3
14
3
3
9
10
4
5
8
1
14
12
11
8
2
1
0
10
6
3
4
2
12
6
0
12
12
6
6
12
6
7
4
1
2
5
4
0
10
4
3
12
0
0
9
1
5
6
4
7
10
0
4
5
5
4
7
9
13
6
7
1
14
12
9
3
3
9
10
2
4
0
5
9
8
5
1
3
3
11
7
1
7
5
12
2
7
5
6
8
4
10
10
9
2
12
4
4
9
8
8
5
2
2
7
4
9
5
2
2
10
3
9
3
10
9
7
1
6
8
0
13
0
11
3
3
4
6
12
10
9
4
1
16
7
4
7
8
9
8
6
10
6
5
0
6
8
0
9
4
8
4
9
1
6
7
7
13
2
1
6
8
0
4
5
7
5
2
3
6
8
8
4
4
10
0
11
1
5
3
0
10
0
7
12
7
2
3
4
7
10
11
16
0
7
6
9
1
2
1
5
8
6
1
13
20
4
4
14
6
1
8
4
1
10
10
6
1
6
3
3
14
2
1
3
9
2
4
3
2
4
3
7
5
6
1
1
15
7
0
1
