3
9
8
8
10
10
8
10
6
3
10
5
1
5
7
0
5
0
4
5
5
5
2
4
10
2
2
6
6
7
3
0
6
6
3
7
4
3
3
2
4
1
4
4
5
8
0
5
8
4
16
4
4
5
4
4
7
9
10
8
8
7
8
6
5
4
5
5
2
0
6
2
8
12
10
8
8
8
4
2
11
4
3
1
14
10
15
5
8
20
10
4
6
6
1
6
5
10
7
8
0
10
4
0
3
15
6
0
3
15
9
10
0
5
3
5
10
1
2
11
5
0
4
0
5
6
8
8
3
16
6
6
8
15
2
2
4
7
1
6
1
6
1
7
2
11
5
5
11
2
7
1
12
12
7
4
3
7
6
3
5
5
8
7
11
7
0
2
0
4
8
1
7
14
7
11
11
1
4
11
5
13
0
4
13
3
7
13
7
4
0
12
3
7
9
3
7
7
4
5
4
4
6
2
3
10
10
2
3
2
8
12
2
3
4
4
6
6
4
2
17
5
11
7
4
11
5
3
7
12
5
11
1
3
5
5
3
7
0
3
1
8
3
6
12
9
9
6
9
7
12
4
7
16
2
2
8
9
8
10
14
8
7
0
1
0
7
7
10
0
0
3
6
2
2
1
6
1
3
4
5
3
10
5
8
6
6
1
5
