5
12
1
0
12
13
10
2
5
9
6
6
1
7
0
8
0
1
3
13
7
5
7
0
2
12
2
3
5
6
5
8
6
7
3
14
3
12
16
5
5
8
5
6
1
10
8
0
10
5
7
4
2
5
1
0
3
13
2
6
3
3
0
9
15
6
7
5
2
3
13
9
8
2
4
3
10
10
4
5
0
2
12
14
5
9
4
7
4
6
0
0
10
6
8
2
8
2
4
3
12
3
12
1
10
11
0
17
4
4
8
4
8
11
8
19
6
8
12
1
12
0
2
8
6
8
3
3
4
8
8
11
4
12
4
12
6
4
9
0
10
11
0
0
6
1
8
4
8
10
17
4
2
2
10
0
7
4
12
11
3
5
10
9
0
4
10
17
0
9
2
0
6
0
15
8
2
4
10
13
12
1
13
9
6
9
9
3
7
4
11
4
1
6
6
2
4
7
8
8
5
6
3
5
8
5
5
0
5
7
8
8
5
3
8
0
3
13
10
0
2
2
10
0
5
0
5
2
5
2
3
10
7
2
20
11
8
13
8
5
9
5
1
9
3
10
6
7
9
11
6
5
0
4
8
2
6
3
4
0
6
0
6
7
9
14
6
7
6
0
0
6
2
5
6
13
5
7
1
0
14
4
3
6
5
2
0
7
1
