0
2
0
13
5
16
15
5
4
12
13
7
19
5
3
4
5
8
13
0
6
4
1
12
11
8
5
8
19
7
6
4
2
4
6
4
0
13
13
0
8
6
0
10
10
4
10
7
0
6
18
15
6
5
5
0
8
0
6
6
2
3
8
4
13
5
10
6
7
8
11
1
9
13
3
20
8
5
10
8
3
4
4
13
5
11
5
19
10
8
16
6
10
7
14
0
3
7
4
10
11
13
3
0
1
8
4
6
2
3
5
10
17
7
0
5
0
4
3
3
4
14
0
7
1
0
10
5
6
11
12
9
8
7
2
1
10
8
12
5
8
6
3
5
7
6
9
5
9
0
0
6
13
9
12
14
12
0
9
14
5
16
2
5
13
6
7
1
7
0
9
7
8
5
4
10
17
15
3
5
11
4
4
3
4
13
1
10
0
10
6
5
0
15
8
0
6
0
6
4
0
4
3
6
5
14
8
8
3
14
4
0
10
14
9
5
12
13
15
13
13
14
10
6
8
12
7
3
0
8
8
5
5
11
6
14
11
8
11
15
6
16
3
2
13
6
4
14
16
0
4
6
6
17
7
9
3
11
7
7
10
12
9
4
3
13
6
5
12
3
5
10
9
13
13
6
3
11
14
2
6
9
5
0
5
8
13
5
14
