12
1
2
1
10
11
6
8
0
9
2
6
20
2
5
5
1
11
0
2
15
8
3
7
7
10
11
0
9
6
7
16
10
6
11
6
6
0
4
13
8
6
7
3
10
4
4
4
12
10
3
9
4
5
3
2
1
6
8
14
4
10
4
6
10
6
6
9
2
4
2
14
0
7
17
11
1
4
9
0
9
5
4
5
6
6
5
10
0
12
1
9
7
13
6
4
7
1
9
2
8
3
8
10
8
12
5
11
1
17
0
3
11
8
1
3
2
4
6
12
2
0
1
11
3
8
0
5
15
10
10
10
1
6
12
4
6
6
8
9
7
10
3
12
0
1
11
7
18
7
2
3
10
2
3
6
9
7
8
12
10
4
11
0
0
8
18
3
2
5
7
9
5
12
7
2
2
2
2
4
10
9
7
9
7
18
15
4
6
6
8
11
14
0
9
0
7
1
0
5
5
9
6
2
12
6
3
10
10
0
2
7
13
5
12
5
2
6
4
5
6
2
6
6
0
13
8
8
9
11
3
13
5
6
7
2
0
5
11
2
8
2
3
4
7
12
12
3
6
4
5
4
8
0
9
6
6
1
7
9
19
8
5
15
7
7
6
6
6
13
4
9
8
10
0
2
2
0
2
6
2
0
7
5
1
0
0
11
6
