1
9
3
9
2
4
11
0
0
8
1
7
5
4
5
0
15
5
6
3
1
7
5
6
9
0
5
1
9
5
9
3
7
9
7
9
3
3
3
11
12
6
11
1
1
5
10
4
9
3
0
5
2
5
1
8
6
5
9
7
12
10
0
11
10
5
8
1
8
5
7
12
5
0
4
9
6
6
12
8
5
2
8
3
3
1
4
10
7
0
5
7
6
8
9
10
11
9
7
15
4
9
3
10
6
4
6
8
3
7
7
0
7
1
1
8
2
4
8
5
3
9
8
7
19
5
7
5
3
9
4
0
8
15
2
9
9
3
4
6
7
7
8
8
6
6
1
9
9
3
6
8
7
0
11
7
3
3
8
7
7
6
5
4
11
4
5
1
12
2
3
6
20
4
8
0
4
7
12
10
16
4
8
2
2
7
0
5
15
5
2
0
4
11
7
5
4
3
2
0
6
11
13
2
14
10
3
3
8
3
7
2
3
2
13
6
14
0
6
15
0
0
11
0
4
3
0
4
11
3
12
7
1
9
7
6
11
3
5
7
1
11
7
0
4
2
8
4
9
3
6
0
8
2
5
11
3
12
6
2
6
0
0
6
3
6
2
8
8
15
8
5
3
10
10
6
2
11
10
5
7
15
1
2
8
8
6
0
14
