8
3
10
6
6
10
7
3
9
2
12
8
14
4
9
0
1
0
3
1
8
1
6
8
6
20
1
7
5
11
4
14
5
10
9
5
6
15
6
9
4
5
8
1
3
5
0
5
13
5
8
5
4
11
6
8
3
4
8
8
7
7
5
6
5
2
4
8
4
3
3
4
17
11
4
3
2
12
3
8
7
3
15
3
14
9
9
8
6
5
2
1
2
5
15
8
3
0
5
7
3
5
7
12
1
15
12
1
3
0
10
9
8
10
9
12
9
15
11
5
5
11
5
2
1
10
9
0
5
6
7
10
0
13
9
3
17
12
8
8
4
8
7
0
6
9
9
8
14
10
0
4
0
1
3
11
2
5
9
3
6
9
16
5
7
7
10
0
1
6
7
11
0
12
0
6
7
8
1
3
7
0
8
4
14
6
2
6
0
0
3
7
11
2
6
4
6
12
9
3
5
5
2
8
6
3
3
6
3
9
12
11
16
0
3
7
0
5
7
4
3
1
0
3
5
5
7
4
5
6
10
6
6
4
7
10
1
4
1
9
5
2
6
6
11
4
6
2
6
9
8
9
2
10
10
6
10
5
8
10
8
6
9
4
8
3
6
5
2
5
7
2
6
11
10
9
3
10
3
4
5
10
8
10
8
1
11
4
0
