3
6
0
0
5
4
4
10
0
1
9
3
4
7
8
9
6
2
7
10
3
2
10
3
6
7
8
7
8
8
3
3
4
0
1
3
6
6
2
12
1
7
0
9
8
3
6
11
6
5
5
3
6
9
10
4
4
2
15
0
2
3
0
20
4
7
6
6
3
3
2
4
2
3
3
2
13
3
7
8
9
5
9
4
4
11
0
6
15
6
0
7
3
13
5
9
5
5
0
3
8
4
10
0
9
5
8
7
10
0
6
2
7
6
6
11
3
2
1
5
0
4
3
7
6
6
8
7
11
0
7
10
7
4
4
0
0
14
7
4
13
4
6
1
10
0
1
3
0
5
5
2
0
12
5
1
8
0
6
8
9
4
9
8
3
5
5
4
1
3
3
7
10
2
1
6
1
7
3
9
8
10
8
9
8
1
3
3
12
0
4
7
7
5
4
15
6
7
4
2
7
6
7
6
5
7
0
14
2
9
6
10
2
2
10
4
1
10
1
10
0
4
3
11
6
8
3
3
5
8
6
2
6
8
5
4
6
9
8
11
11
3
5
4
4
9
3
7
3
4
13
0
4
9
14
5
4
4
0
3
6
0
1
4
16
4
3
8
7
9
10
6
1
2
5
3
5
1
0
11
4
9
8
11
11
10
9
12
3
