1
4
20
8
3
5
19
4
4
6
3
3
12
6
1
5
4
5
3
7
17
10
12
2
6
9
0
0
4
8
0
9
8
4
10
2
10
5
1
7
9
8
9
4
0
2
5
5
9
8
9
2
0
8
0
3
3
10
6
5
7
6
3
6
2
2
7
5
2
7
2
0
7
1
5
2
10
3
3
12
4
8
17
7
3
9
3
7
8
1
0
0
6
0
6
1
2
8
11
2
14
3
10
15
9
7
17
16
5
8
6
10
6
8
2
2
7
1
5
5
1
12
0
7
14
5
3
18
1
5
5
4
4
3
7
0
16
5
0
4
8
2
0
6
15
9
6
6
0
11
10
13
5
0
12
6
13
7
14
7
12
8
2
14
2
4
6
7
12
4
11
3
3
3
0
9
3
10
1
8
6
4
6
14
2
4
8
9
2
8
3
4
1
0
6
10
2
5
11
10
2
6
6
5
7
6
4
9
16
1
11
13
3
6
9
11
2
6
5
5
3
0
11
7
6
5
2
7
3
9
2
3
16
5
9
7
9
13
3
10
9
7
10
4
4
9
14
0
8
0
6
7
3
9
0
7
8
4
12
5
14
8
4
7
6
6
7
1
7
9
1
3
4
9
2
11
14
9
1
2
4
7
1
5
3
7
2
2
16
