4
4
0
10
6
3
3
0
0
2
9
12
20
0
10
5
1
7
9
7
11
11
4
1
7
17
5
1
9
11
2
10
4
2
9
7
5
0
7
8
6
8
7
7
7
1
0
4
4
6
4
4
0
0
2
19
2
8
10
3
6
0
8
3
3
2
7
4
10
13
7
6
2
2
14
10
8
8
4
3
2
5
4
1
4
5
4
11
2
8
0
11
2
11
3
6
8
4
0
5
3
4
5
8
8
12
4
0
0
8
0
5
3
8
1
4
4
4
2
8
2
12
11
5
2
11
9
8
8
12
4
0
6
12
8
5
3
11
5
3
7
3
7
0
6
3
12
0
5
9
6
8
1
2
9
3
7
3
12
7
4
0
13
7
4
5
11
2
7
12
10
6
7
6
1
10
8
3
2
0
15
1
8
9
5
11
3
7
5
0
2
5
9
4
9
2
4
9
6
4
2
7
5
7
13
8
3
13
17
2
0
0
2
3
10
5
4
15
0
5
10
5
5
5
6
0
10
8
12
5
0
10
0
10
8
8
13
0
9
3
11
0
10
6
6
3
6
13
11
12
9
10
9
2
3
5
11
0
0
10
0
8
3
3
9
13
5
5
3
12
14
6
1
1
7
11
7
8
7
7
5
1
7
6
9
4
0
0
7
