7
12
9
5
13
8
4
0
6
6
3
9
6
6
10
4
1
3
10
3
4
10
1
3
1
2
6
4
5
5
20
3
4
1
4
4
1
11
8
2
11
13
12
0
8
13
0
2
0
3
6
7
1
0
4
1
3
6
7
5
1
9
2
9
0
9
2
0
3
9
6
5
0
4
14
4
2
4
17
9
0
3
0
2
6
0
14
3
3
6
0
5
2
9
3
1
18
5
3
5
8
0
4
2
18
6
12
15
1
4
9
2
8
1
12
0
3
10
6
4
6
6
5
11
11
13
14
13
5
9
7
7
3
0
9
3
10
2
6
3
6
6
5
6
19
2
7
0
8
2
8
14
8
1
2
12
7
5
8
2
6
0
3
4
1
2
12
11
2
4
0
1
9
10
1
10
3
7
13
5
0
9
4
7
1
6
8
12
0
8
8
3
8
10
13
6
7
0
4
9
10
12
6
3
11
0
13
7
7
7
9
0
12
7
6
13
10
11
10
3
4
8
6
6
5
5
8
5
2
4
18
3
5
8
8
3
6
10
0
5
1
5
2
12
2
2
2
9
16
6
0
13
8
8
3
7
1
9
2
0
3
16
7
4
4
12
6
7
3
3
3
5
14
9
11
16
7
5
1
11
8
8
8
0
3
12
6
2
12
