6
4
4
7
2
0
10
6
1
5
0
11
6
7
9
2
1
4
0
2
11
7
7
14
7
2
1
1
4
7
2
3
5
7
15
10
14
10
7
0
5
3
9
11
3
10
1
4
8
8
4
6
0
3
2
8
7
2
12
15
4
10
0
9
1
10
6
5
3
8
9
14
13
1
17
0
9
12
4
0
9
9
11
2
8
0
11
5
6
6
8
15
18
3
4
9
9
9
0
3
1
3
13
0
9
4
1
0
5
17
2
7
0
4
0
10
11
1
0
6
9
7
3
4
7
4
1
5
9
12
1
9
2
7
8
16
0
1
4
7
8
10
6
10
12
3
11
10
3
0
7
9
8
0
11
5
5
17
0
0
0
0
3
1
9
12
7
6
8
3
8
15
9
7
12
11
10
9
9
14
6
6
5
7
14
9
20
1
4
9
13
3
2
17
0
9
6
8
7
10
10
1
0
7
8
2
0
14
2
8
3
9
8
3
0
0
9
7
0
6
1
4
5
10
10
7
11
12
1
14
4
9
2
5
10
0
2
8
8
13
3
1
4
3
2
7
4
12
13
8
16
7
11
8
0
6
12
3
0
3
3
16
0
11
15
2
14
2
8
0
6
10
9
2
5
4
10
11
11
10
4
2
4
9
3
10
2
1
0
