6
0
9
6
11
6
5
1
9
4
14
8
7
9
2
5
3
12
2
9
13
10
8
6
4
1
7
10
1
7
7
3
0
15
6
5
1
5
0
10
6
4
11
1
4
1
13
10
2
15
12
7
6
10
10
2
7
8
7
3
3
2
3
7
7
3
3
3
2
4
10
3
7
4
9
2
12
9
17
5
8
12
11
13
6
4
12
7
9
9
4
15
13
6
7
12
8
15
10
3
1
4
4
0
1
9
10
12
3
2
4
12
8
6
13
6
9
2
0
8
12
7
4
4
4
0
8
11
2
13
1
6
8
10
8
4
9
11
13
13
0
4
0
6
5
10
11
12
1
12
3
15
10
3
6
7
3
5
13
4
8
8
8
0
3
8
8
8
0
2
7
3
9
4
7
6
1
6
12
10
7
5
0
9
9
0
10
13
8
7
3
6
11
4
3
10
3
10
7
9
4
10
4
9
9
3
0
8
20
19
5
1
10
5
4
9
7
15
1
8
3
9
6
16
10
2
9
5
15
7
1
9
15
4
7
3
15
7
2
7
8
12
6
1
6
9
3
7
5
3
13
5
11
8
16
7
7
9
4
5
9
13
9
2
13
2
7
10
3
4
11
8
0
5
9
6
0
6
2
1
4
5
1
7
12
3
13
10
6
