10
5
0
5
2
17
3
6
1
7
0
5
9
9
10
0
0
3
2
2
5
6
11
4
5
2
8
13
8
7
5
10
5
5
7
9
12
5
13
0
5
9
8
3
10
4
4
5
4
8
7
6
7
2
8
7
3
13
3
2
14
8
11
4
5
0
4
10
10
4
3
0
4
7
2
10
5
10
3
5
10
0
2
4
7
1
9
18
7
5
11
3
11
1
13
13
12
5
3
0
0
1
8
9
0
9
1
4
13
1
3
6
7
0
10
3
10
5
8
5
12
9
14
1
6
4
9
7
4
7
8
17
7
5
4
4
6
17
12
6
12
6
7
4
8
14
9
11
1
6
5
5
9
16
0
15
13
0
0
11
3
8
7
10
2
10
0
1
10
8
14
4
2
13
8
20
8
6
0
7
2
11
11
14
15
18
9
14
5
1
5
13
13
9
7
7
3
3
4
13
6
9
14
8
10
7
8
6
19
9
4
4
2
7
5
9
10
8
1
10
10
8
4
4
12
10
9
17
4
3
10
5
0
6
8
4
6
15
0
8
1
9
0
9
3
8
9
8
14
10
3
8
7
11
4
13
11
12
6
6
8
2
5
5
10
8
12
12
2
15
6
7
0
6
12
6
0
3
5
2
8
5
4
5
15
4
2
2
11
