6
1
3
13
3
8
6
4
8
8
5
8
5
1
2
13
7
4
5
10
1
8
10
3
3
13
8
6
2
9
8
3
0
6
13
6
7
18
7
1
8
2
2
4
2
14
10
6
0
8
2
4
0
4
3
6
8
0
2
9
5
8
5
20
3
4
2
2
8
17
3
5
10
8
13
18
2
5
3
6
16
2
4
5
7
12
0
15
6
3
8
6
9
3
8
7
0
14
4
0
10
9
3
3
7
6
8
7
8
1
0
1
5
8
5
8
9
6
7
0
4
1
3
9
5
15
0
4
15
4
10
4
0
10
0
13
6
5
6
6
8
9
13
1
8
3
4
1
9
0
9
5
0
11
11
6
2
3
3
0
0
8
5
11
3
4
5
7
6
9
2
0
1
2
5
11
6
7
2
5
4
5
2
4
0
6
7
3
7
7
13
5
1
14
14
1
4
6
14
13
9
15
2
10
1
8
5
8
10
5
6
4
1
6
7
17
4
3
8
4
8
5
9
2
2
12
5
4
2
7
6
11
8
11
13
9
4
0
10
6
2
6
7
6
15
3
4
7
0
1
3
0
5
9
1
0
2
4
1
6
5
4
9
2
6
5
4
0
4
13
2
5
14
0
8
9
14
9
6
4
2
5
5
7
3
16
11
4
3
