3
5
10
9
8
5
1
1
7
9
1
6
8
10
7
2
0
0
6
10
4
6
5
6
1
0
8
9
3
0
4
3
2
6
4
7
0
4
6
5
8
7
8
0
3
6
11
1
10
5
7
20
4
5
1
11
8
8
2
12
6
5
6
3
2
13
4
9
7
1
7
8
4
9
10
8
1
16
9
4
11
6
7
4
3
5
3
9
0
4
7
2
6
3
7
5
1
5
2
1
6
9
6
8
5
10
0
8
3
12
4
4
6
2
3
3
1
2
8
4
15
6
5
8
6
4
2
0
3
6
5
4
4
6
3
4
6
0
6
6
4
1
8
3
7
0
10
5
4
6
9
3
8
3
4
1
1
9
16
4
7
10
2
6
5
0
7
3
4
3
4
8
6
5
3
3
7
0
11
10
2
4
2
6
0
8
9
10
0
4
4
8
4
7
3
8
5
0
7
8
8
6
0
2
7
5
5
13
10
0
5
10
2
2
5
8
2
6
15
6
8
14
5
6
16
0
3
5
4
1
9
6
4
7
3
7
5
7
2
2
9
5
7
8
0
6
5
5
1
5
4
5
3
4
1
9
2
4
4
9
0
7
9
10
15
8
7
11
10
0
12
0
11
4
2
6
1
5
0
6
5
13
9
7
6
2
9
5
1
