7
4
11
7
4
5
2
6
10
10
9
12
4
1
13
2
15
8
9
1
5
10
8
1
7
0
8
2
4
7
12
3
8
11
4
1
4
0
2
6
9
2
10
9
8
13
3
0
2
9
7
13
7
4
8
1
11
12
12
7
7
1
9
5
5
2
3
3
3
6
6
3
9
13
8
3
9
9
1
18
7
12
7
7
5
2
6
7
4
1
3
2
6
5
9
2
5
6
8
8
3
1
5
5
5
6
10
6
6
3
6
0
8
1
13
12
9
4
7
7
9
2
5
7
13
10
0
4
15
7
5
15
10
7
0
4
2
2
5
6
0
3
1
6
8
6
2
2
5
2
10
2
3
1
4
2
9
7
9
13
15
8
9
0
1
1
0
6
1
1
5
2
5
7
9
4
4
2
9
0
1
6
6
2
5
4
7
4
5
6
5
9
0
15
12
4
13
8
1
3
4
4
4
2
10
8
5
13
0
14
3
2
6
13
2
10
0
7
1
6
7
4
1
6
14
4
3
8
6
6
6
2
3
2
2
4
7
7
3
5
1
0
4
7
10
13
5
6
13
7
5
4
0
5
6
2
7
6
6
2
8
7
4
10
5
5
3
7
6
8
3
3
5
1
5
1
10
13
13
2
10
20
2
0
8
6
0
2
3
