5
14
0
6
0
9
8
2
6
11
6
9
10
0
16
11
9
3
3
7
12
1
5
8
3
5
3
8
4
8
5
5
15
11
2
8
7
7
4
4
9
12
2
6
3
2
6
9
9
8
6
9
12
0
1
2
3
9
10
10
4
10
4
5
0
2
12
10
2
11
7
6
0
1
10
7
8
19
1
7
1
4
6
12
3
10
6
4
4
15
2
3
6
4
4
3
6
16
10
13
2
0
9
7
9
2
11
3
9
2
9
7
3
8
10
3
5
6
4
0
12
0
3
1
2
6
1
11
7
10
1
6
7
5
5
3
4
7
6
15
10
4
3
8
7
0
9
10
4
8
1
12
4
3
0
11
6
11
12
0
9
10
5
12
4
12
5
1
7
4
11
12
4
4
3
5
5
3
12
6
0
12
12
2
1
7
7
7
5
8
5
5
10
5
1
7
7
1
7
10
2
12
8
12
5
2
0
6
3
4
8
5
5
6
9
0
8
5
7
10
7
6
14
0
5
5
5
2
4
5
8
9
8
7
6
9
0
7
10
9
7
0
7
0
0
10
10
4
0
1
10
11
5
6
13
6
8
14
11
6
0
5
13
0
0
8
8
4
10
0
4
1
9
16
4
5
9
12
2
6
5
4
5
5
3
8
11
20
6
