6
3
6
5
8
9
9
6
0
2
11
0
2
0
7
13
5
2
5
7
10
0
10
3
7
6
20
0
2
8
7
3
7
5
5
3
8
0
1
7
4
3
3
7
5
1
7
6
1
7
15
8
10
13
0
1
12
6
5
0
6
3
0
3
3
8
4
4
7
0
5
7
8
4
6
3
8
5
4
5
13
5
12
7
13
5
2
5
2
2
7
5
6
6
6
12
7
6
3
6
3
5
8
9
8
2
6
14
1
9
7
2
5
5
8
12
4
10
0
4
5
0
7
4
2
4
7
7
3
1
7
8
9
5
4
9
5
0
10
3
4
10
14
5
6
8
1
1
2
10
10
3
12
2
0
4
6
6
0
0
6
11
4
6
11
1
3
6
1
8
3
10
3
10
5
1
13
2
0
9
3
5
8
4
5
5
11
17
0
6
5
0
11
4
3
2
6
4
4
8
0
5
3
3
7
5
6
6
7
16
4
8
3
8
5
4
11
6
0
4
1
3
7
6
4
11
11
0
0
2
6
0
6
4
1
9
9
0
1
9
2
8
8
16
3
15
8
6
3
10
6
9
6
4
8
7
7
3
2
3
8
5
1
11
1
2
12
7
11
11
0
7
6
9
10
2
12
12
11
8
12
3
8
10
4
16
12
5
6
