17
9
6
7
1
10
11
8
7
11
20
2
5
12
6
12
15
10
2
5
9
6
8
11
8
8
8
5
0
1
7
6
8
6
4
0
11
9
6
9
11
8
0
5
5
8
3
8
3
1
4
8
5
0
13
10
6
2
6
3
4
9
11
6
1
3
13
7
6
7
6
7
14
12
8
15
2
12
4
9
6
9
16
0
11
6
6
9
7
9
0
3
8
5
2
4
2
7
8
1
5
1
4
7
1
7
8
9
13
2
6
6
0
10
10
5
6
0
8
11
11
6
1
6
9
8
3
9
3
4
6
9
9
3
9
1
11
7
5
5
14
7
7
6
2
6
11
6
7
1
0
4
1
1
7
8
3
13
12
10
4
11
2
0
5
10
9
9
3
3
1
11
8
9
4
8
1
6
2
11
3
9
1
12
19
0
8
8
0
6
7
7
16
1
6
12
4
5
6
11
4
9
8
7
11
13
0
15
4
6
3
7
12
6
6
12
8
4
5
7
13
15
1
3
7
8
5
4
5
8
1
7
9
8
15
7
14
5
10
16
1
8
14
0
1
6
10
4
3
10
1
5
12
3
6
1
9
5
5
6
6
5
4
4
7
4
1
11
2
2
4
0
0
7
9
3
6
9
9
9
6
8
5
2
1
5
10
2
18
