10
10
14
2
0
5
15
8
11
0
7
2
6
5
10
11
3
1
6
2
9
5
6
5
8
7
5
6
7
0
0
10
7
6
5
0
13
12
10
10
7
3
5
0
9
6
1
6
10
10
4
4
0
15
5
0
10
4
17
8
5
13
18
11
7
3
5
7
11
9
1
9
9
3
6
14
8
9
3
8
0
1
5
5
7
6
8
1
18
10
0
5
8
0
12
4
1
11
10
11
9
0
17
6
8
8
11
15
14
0
9
6
1
3
0
9
1
5
16
1
9
0
6
0
4
9
3
3
3
2
8
3
18
0
3
2
7
5
10
8
18
15
15
6
12
5
7
7
4
1
4
10
14
1
8
6
8
9
10
14
16
10
0
3
7
17
11
11
3
0
4
13
5
7
5
7
8
7
8
2
6
7
7
14
10
0
1
3
10
11
6
8
4
11
5
3
13
10
10
6
6
5
9
4
8
8
6
2
1
12
5
4
10
1
18
5
18
3
9
0
7
9
13
5
7
8
5
11
6
5
13
0
4
3
3
17
6
7
0
7
4
3
11
1
0
1
7
1
8
8
3
10
18
5
2
17
9
4
9
8
8
3
11
4
3
0
5
0
5
1
20
4
0
1
9
12
12
6
2
3
8
8
14
7
0
3
3
5
7
