14
10
9
11
2
6
12
0
11
15
9
3
4
0
10
3
18
11
10
7
0
11
5
7
1
0
2
2
6
8
0
3
4
8
8
9
5
7
2
7
6
0
0
5
1
4
2
6
5
6
9
6
4
7
7
6
14
4
5
1
5
4
5
5
6
0
3
1
7
2
9
8
10
2
0
2
0
9
7
3
0
9
4
7
1
6
0
13
8
6
13
6
8
9
9
0
10
8
0
8
7
5
10
1
0
12
9
0
15
4
8
5
4
5
2
5
5
5
0
13
11
11
2
18
3
4
3
8
7
10
13
8
13
1
4
7
3
12
5
9
3
6
8
7
8
11
7
3
7
10
0
5
0
11
2
6
4
3
11
0
10
16
8
1
0
1
3
12
5
2
3
7
11
5
0
7
0
11
9
2
1
11
11
5
14
6
13
7
6
13
3
10
3
2
13
2
2
0
8
6
7
1
10
1
1
1
3
3
2
2
2
5
14
9
7
6
12
5
7
6
10
5
5
4
0
9
12
14
6
7
7
4
1
0
9
6
2
5
7
9
0
5
7
7
3
8
3
0
9
6
13
11
2
0
4
15
1
9
2
1
12
5
7
10
12
7
14
8
5
20
4
7
10
0
2
3
5
7
6
5
8
0
4
16
4
3
5
10
3
