9
6
10
10
6
4
18
9
3
7
12
2
7
0
6
15
2
0
11
9
7
0
1
11
8
7
12
8
6
4
6
12
10
3
10
5
0
9
20
13
9
1
8
2
19
5
6
12
4
4
10
10
16
2
7
5
9
10
8
6
8
3
6
2
7
3
3
1
3
7
0
4
13
11
6
6
17
11
9
4
9
4
9
13
17
1
10
17
5
9
8
5
8
12
2
0
8
4
3
4
7
10
7
8
4
2
4
0
7
6
15
3
0
13
8
12
15
15
15
7
5
15
5
2
14
7
0
1
0
11
5
4
19
8
9
12
12
9
9
12
11
6
12
3
7
3
7
3
2
2
7
0
1
12
6
1
14
11
6
3
7
0
7
1
4
4
0
4
1
1
3
5
5
9
1
4
13
8
10
9
10
2
11
8
3
4
2
8
7
8
5
9
6
2
8
7
7
11
5
0
2
0
4
13
7
9
1
7
8
2
6
8
5
6
5
4
9
8
10
7
0
1
6
6
5
5
1
11
2
8
15
7
8
10
3
9
8
0
1
7
8
3
6
2
1
4
4
17
5
11
14
16
3
0
1
3
3
9
6
5
14
4
10
0
18
5
4
11
7
5
0
16
12
9
0
11
0
11
8
14
3
7
7
10
9
13
10
3
13
