13
9
3
7
2
5
9
0
9
13
4
3
3
6
10
0
8
11
1
3
5
7
8
1
7
6
0
8
16
11
3
2
4
15
2
8
5
0
5
12
6
3
3
4
10
3
2
7
4
1
12
4
9
3
11
0
0
13
4
4
4
7
0
8
7
4
10
4
0
1
1
4
7
1
5
12
11
1
4
8
8
2
11
8
5
5
0
6
0
3
4
5
0
8
8
0
1
5
0
5
1
14
4
4
6
9
9
5
10
3
13
4
6
3
3
3
14
3
4
5
1
4
0
11
2
2
5
14
9
1
0
0
14
10
10
4
3
2
6
4
11
1
8
0
10
9
2
5
7
4
6
9
13
2
1
11
10
2
8
8
7
2
7
8
6
4
5
6
3
6
2
9
5
0
9
7
2
9
6
1
0
0
1
2
5
4
0
6
3
7
6
3
3
0
13
2
2
3
6
5
5
1
5
10
5
4
0
3
8
9
5
5
2
2
6
3
10
3
3
5
5
8
4
2
1
7
6
0
0
4
5
2
3
2
10
6
4
5
5
8
12
0
1
10
10
3
8
3
4
1
0
7
18
4
5
2
0
13
6
7
0
0
5
5
5
20
5
4
5
8
4
5
10
8
7
0
4
4
3
9
3
8
4
3
8
5
6
4
5
