9
13
9
15
10
2
15
19
5
7
0
10
6
11
6
0
10
7
6
4
4
6
4
2
4
6
4
7
5
7
4
0
2
5
7
3
8
0
8
8
5
3
2
0
6
5
2
8
9
1
3
7
1
1
0
11
9
3
13
4
5
5
0
1
6
9
4
7
16
5
8
12
9
5
6
6
4
11
8
7
5
4
1
5
12
7
7
3
4
0
0
2
7
3
10
5
4
3
4
9
1
6
9
0
3
0
12
6
8
2
5
6
12
4
0
3
2
6
6
1
1
15
0
10
5
7
9
0
10
2
1
6
3
5
7
6
7
8
11
14
0
7
9
5
5
4
3
3
7
10
5
6
13
9
10
9
10
7
6
8
15
9
11
9
12
6
4
0
1
3
2
4
5
10
14
12
4
5
18
7
5
1
0
3
6
6
6
12
9
12
0
3
2
1
5
3
5
8
5
0
7
6
6
4
1
0
0
20
3
11
13
8
3
7
10
10
2
0
0
6
4
9
1
9
5
4
0
9
9
8
17
2
0
5
9
13
2
2
9
6
8
5
13
3
0
9
5
10
3
0
6
13
2
9
1
11
11
5
8
0
10
3
11
9
4
1
7
7
10
6
3
3
2
0
5
1
7
0
3
10
5
5
4
8
8
0
1
6
12
