5
10
11
7
10
15
8
14
6
14
14
11
9
10
1
5
2
3
4
14
7
9
9
5
13
2
10
10
0
10
5
10
0
2
5
8
13
5
8
3
11
2
14
15
5
8
4
12
7
9
2
3
4
11
5
5
6
2
6
2
2
2
4
9
3
1
6
6
13
8
2
11
6
2
6
3
10
5
1
4
5
12
4
3
0
5
6
3
7
11
3
1
10
1
8
12
14
1
7
1
17
7
0
9
10
2
0
8
12
5
7
12
10
3
2
3
1
13
4
6
8
1
12
4
0
7
8
7
12
9
3
10
1
5
10
1
6
6
11
4
6
3
12
5
19
10
10
8
5
15
11
9
13
11
16
6
11
11
0
12
12
2
7
7
2
8
0
12
0
13
6
10
1
2
15
12
2
6
9
4
16
17
3
4
17
0
0
6
4
9
0
11
10
4
3
10
1
10
8
7
20
5
4
6
0
5
4
7
5
5
8
13
5
2
6
6
0
5
8
1
5
0
2
2
8
10
8
5
7
10
3
12
7
0
2
8
11
0
10
5
5
5
3
16
8
8
12
9
3
7
2
10
2
10
3
4
0
6
13
3
14
13
5
9
8
6
14
4
5
4
13
4
11
11
2
15
3
4
14
5
12
2
5
15
2
14
10
1
9
