10
4
7
6
3
7
11
4
6
5
4
7
5
5
11
8
4
1
10
8
3
3
4
0
7
8
3
6
0
13
3
10
7
3
12
1
7
13
16
7
4
1
5
11
10
7
5
3
11
8
2
7
0
15
2
9
12
7
0
20
12
3
13
3
3
3
9
0
8
6
11
8
4
13
5
2
7
12
11
10
3
10
3
13
10
8
12
15
4
4
6
1
4
4
17
3
11
0
7
4
9
6
8
5
2
5
0
8
10
11
7
3
2
0
8
1
1
7
5
12
2
4
8
0
5
3
7
6
6
2
3
8
3
7
12
0
8
12
9
10
9
6
6
0
3
13
2
1
3
3
7
7
1
1
12
10
5
7
1
4
9
16
14
3
1
6
3
3
4
2
0
13
3
5
3
5
2
9
5
12
4
14
7
14
11
13
3
14
0
3
7
7
5
10
5
2
2
7
9
1
0
10
9
7
3
18
13
9
1
2
0
0
4
3
7
2
5
3
6
13
7
12
14
7
3
8
5
7
0
10
3
7
10
6
8
7
9
4
0
3
10
15
9
3
5
8
16
5
7
17
2
2
8
3
7
0
7
12
1
8
0
0
12
8
8
1
4
9
13
5
8
1
0
8
0
0
5
5
5
3
1
0
12
3
6
2
10
10
15
