8
6
16
0
5
0
1
3
0
11
2
11
5
6
17
9
6
5
1
7
8
2
7
12
3
0
6
13
2
1
8
0
5
14
5
10
10
7
4
9
10
16
8
6
9
1
9
3
5
9
0
2
7
8
14
7
5
11
8
9
11
9
0
7
4
0
6
8
5
5
5
6
3
13
3
5
9
1
11
7
7
1
6
4
12
5
0
7
3
1
2
16
8
2
4
4
11
5
4
8
12
2
3
2
6
10
4
0
4
0
10
15
8
1
7
16
15
7
8
1
1
14
3
5
1
6
4
7
7
1
18
5
7
7
8
12
13
0
10
5
10
3
8
12
3
2
10
0
3
9
13
4
10
3
4
3
6
7
15
0
10
14
4
7
3
0
4
6
8
0
3
3
5
8
10
1
17
0
8
12
12
10
4
6
2
1
6
8
6
7
8
6
13
9
14
6
15
5
5
8
6
8
9
12
14
6
3
12
0
11
3
6
11
7
4
7
6
2
0
3
13
5
4
6
3
0
1
9
4
3
10
1
17
5
4
4
9
8
20
4
11
4
19
6
11
8
10
5
5
6
4
0
13
14
7
6
5
5
6
9
1
12
5
3
3
11
9
7
5
5
9
7
9
0
8
2
4
6
1
1
9
11
2
1
6
12
4
5
4
