4
2
11
4
9
5
0
4
10
4
9
7
3
4
4
10
5
6
2
6
5
6
3
5
6
3
12
11
16
5
6
6
7
5
5
6
17
3
1
7
5
4
9
8
1
0
12
6
7
5
10
7
12
7
7
6
9
4
5
5
0
13
5
13
4
6
0
7
9
2
2
1
3
0
2
13
2
5
0
2
3
8
8
9
6
1
4
3
20
9
4
11
3
2
5
5
6
14
1
7
6
0
5
3
1
8
0
10
9
6
15
6
4
5
13
4
4
7
7
3
7
5
5
0
4
4
2
14
0
0
3
4
10
3
8
8
6
6
10
7
7
8
12
2
5
0
5
11
2
7
3
0
6
16
7
2
8
3
3
1
13
4
8
2
6
5
13
9
3
5
13
3
10
7
14
0
4
2
3
9
2
9
5
12
8
4
0
7
1
1
5
3
2
3
5
7
7
15
7
9
0
7
11
5
0
1
3
11
16
1
9
1
7
4
6
5
6
6
5
1
6
0
5
0
12
3
2
7
3
2
9
2
8
8
2
0
4
3
12
0
2
8
4
10
2
12
2
2
0
8
15
0
14
4
4
7
5
2
0
0
3
10
3
7
14
9
12
17
2
12
9
0
3
8
18
1
5
6
8
0
2
1
3
2
9
10
3
3
14
