1
8
1
6
10
4
7
10
10
3
5
7
9
4
8
6
8
8
5
12
0
5
4
5
7
4
8
7
11
2
3
6
13
16
10
5
11
2
13
1
7
1
7
8
2
3
6
4
3
8
15
4
2
3
4
0
3
9
6
1
3
8
4
4
7
1
1
10
10
13
13
5
1
7
3
7
10
9
5
5
13
17
8
5
20
9
10
15
7
8
10
10
2
5
3
4
11
8
0
7
7
1
0
4
2
14
2
4
8
0
8
5
4
4
3
13
11
11
9
0
0
1
5
16
7
10
3
10
1
4
3
2
1
3
9
2
0
2
4
4
9
4
13
9
8
6
4
8
3
6
9
7
12
7
12
11
10
5
2
13
6
3
6
2
6
9
8
10
4
0
5
2
2
10
8
6
9
9
3
15
7
5
7
2
13
0
0
4
17
5
11
13
7
13
8
8
12
9
10
4
5
3
3
1
2
13
0
0
2
10
15
4
0
5
7
10
9
16
4
13
3
15
14
14
7
3
0
0
2
5
8
4
6
12
6
8
0
10
6
4
5
12
4
4
7
0
1
11
6
5
3
6
6
11
1
3
10
3
7
3
12
3
2
3
3
12
6
7
11
7
3
7
8
6
0
4
3
5
6
11
12
3
4
8
4
8
0
2
9
