4
12
7
4
2
9
2
18
12
4
3
7
2
5
8
6
0
11
7
6
10
14
4
2
3
5
9
5
1
11
3
6
6
7
7
20
2
0
6
0
1
0
5
9
11
4
7
5
1
12
9
6
5
4
1
0
5
11
3
10
3
1
5
3
3
4
14
7
6
9
3
3
0
7
10
4
8
6
4
5
4
14
3
0
0
4
7
6
4
10
1
0
1
0
2
7
3
7
0
14
0
14
7
12
7
4
4
3
4
1
9
9
0
8
4
7
2
8
8
4
6
2
7
5
8
4
12
5
2
14
5
1
2
3
10
1
8
10
6
4
5
10
18
5
18
19
2
15
3
4
2
6
3
8
2
5
6
1
6
16
11
1
8
0
8
13
16
9
0
11
2
8
5
0
8
2
0
5
3
6
9
11
1
1
7
8
2
7
1
7
7
2
4
0
10
5
0
1
1
6
9
5
4
9
4
9
6
9
8
2
2
7
11
12
6
9
3
1
7
7
10
0
11
17
8
9
4
10
7
0
8
0
4
7
4
5
3
7
3
6
7
0
5
2
5
4
10
5
7
5
1
6
2
4
3
9
1
5
5
5
7
1
2
5
2
3
3
5
15
0
3
1
10
5
10
3
11
6
2
1
2
5
10
9
4
4
5
5
2
