4
0
8
5
8
11
1
11
16
5
3
19
7
0
7
8
3
8
5
3
2
6
5
9
5
6
9
10
3
1
3
6
5
12
9
8
6
14
4
8
6
7
7
14
7
4
11
11
7
6
8
4
6
3
13
0
11
2
3
6
11
2
7
4
3
9
10
5
14
20
14
4
3
6
17
3
14
2
4
0
7
1
7
0
11
13
0
15
2
14
3
11
9
0
10
0
8
0
2
8
5
0
8
3
13
3
3
8
6
2
0
9
10
2
7
2
8
9
0
5
7
8
9
1
1
13
7
4
7
10
6
12
6
11
9
3
10
8
12
5
2
6
6
10
1
5
15
11
13
8
6
6
8
12
5
9
9
8
7
13
6
14
7
0
0
10
8
10
4
0
6
7
0
7
7
7
3
1
2
0
4
6
9
8
4
11
0
7
6
5
10
6
13
12
2
8
7
3
4
5
8
9
8
5
7
2
6
0
0
0
0
4
6
0
0
14
9
3
15
3
13
12
4
2
5
11
5
6
8
6
4
6
6
7
4
5
4
3
6
13
8
5
10
13
4
18
4
10
1
3
9
4
12
4
6
6
9
1
0
0
15
7
7
6
9
12
7
7
0
5
0
1
9
7
7
12
7
5
14
6
11
2
7
9
5
3
9
15
8
