2
11
6
5
5
14
3
6
7
5
3
6
7
11
8
4
2
4
0
0
7
4
3
6
2
6
3
9
11
14
3
12
5
7
12
4
4
3
5
4
11
16
4
2
0
5
8
3
6
13
3
1
7
4
8
1
5
5
5
7
11
4
0
8
3
6
0
2
2
4
1
10
8
8
1
6
2
9
14
8
3
11
5
8
5
6
0
0
8
6
4
3
15
1
6
7
17
12
1
12
5
1
5
4
7
1
6
0
0
19
9
1
13
7
7
0
10
1
6
6
10
6
2
14
4
8
4
4
7
5
2
9
9
5
6
8
6
6
7
5
4
1
3
4
6
7
0
2
8
9
19
4
0
6
14
5
2
13
9
8
9
12
9
6
0
3
6
5
5
7
1
4
4
5
5
3
16
7
11
10
2
3
8
2
12
4
8
1
11
7
5
17
9
1
7
12
9
16
8
4
7
1
8
3
6
8
5
4
5
12
3
6
7
13
13
0
3
0
0
3
10
15
1
11
3
0
0
5
2
6
13
7
2
1
3
10
0
1
0
2
0
5
6
10
3
10
0
10
9
16
6
2
8
2
3
3
9
3
0
1
4
3
7
9
2
6
9
8
17
5
11
20
9
15
3
4
0
6
10
6
2
11
3
0
5
10
1
6
11
