6
0
10
5
6
3
11
7
0
1
9
4
7
7
1
11
0
19
11
2
9
0
11
6
5
1
2
7
8
6
2
4
5
6
2
2
8
8
13
0
3
2
3
8
8
14
14
0
9
3
6
3
9
4
3
13
2
9
3
7
6
2
20
5
2
7
1
10
9
9
11
5
4
1
9
10
5
11
9
6
3
5
3
4
2
0
9
3
5
2
0
6
6
9
3
12
6
5
2
5
3
0
0
0
8
5
2
7
9
7
13
2
10
6
5
11
7
12
6
6
11
6
2
3
8
9
5
0
8
0
8
0
8
7
12
6
0
4
0
8
10
13
6
7
7
12
6
10
11
9
12
1
0
3
6
2
7
0
0
5
2
0
5
5
0
1
12
9
6
4
12
6
2
2
7
19
6
6
12
0
7
13
9
10
7
13
4
8
5
5
9
11
2
8
8
9
7
3
5
15
6
1
6
6
10
4
4
0
8
1
5
6
7
7
8
6
6
2
14
5
6
11
3
3
5
9
7
3
3
12
9
5
12
1
7
3
6
2
5
3
5
6
9
9
2
9
4
2
7
10
15
5
4
12
6
9
14
12
10
9
7
16
2
15
8
1
14
6
16
4
2
7
4
3
10
0
4
3
4
0
9
5
2
3
4
1
0
5
7
