14
4
9
10
0
0
3
7
13
9
10
1
9
9
5
7
2
5
6
7
6
7
2
8
0
14
8
5
8
0
12
6
7
13
1
1
13
5
0
2
15
10
10
0
3
3
7
7
6
5
15
3
0
0
12
8
13
14
5
6
5
5
0
5
15
7
5
3
6
7
3
0
6
0
12
1
13
1
3
19
11
9
6
9
0
9
3
16
16
9
7
3
9
1
9
0
0
1
1
4
4
5
15
1
5
12
8
2
6
3
5
3
11
1
9
1
9
4
5
1
0
5
8
0
11
2
9
14
7
0
4
0
5
7
8
3
6
9
2
3
7
0
9
12
12
1
8
5
20
0
0
5
3
5
3
6
4
12
15
4
5
6
3
10
1
6
2
0
8
1
12
7
4
9
4
4
9
3
4
2
11
0
3
2
10
4
4
11
13
4
11
5
5
6
2
2
6
14
7
13
7
6
14
2
6
2
4
1
2
9
1
0
11
10
7
2
1
13
2
6
2
7
6
7
11
7
4
0
8
14
9
5
6
6
6
5
0
3
3
16
13
3
6
8
2
4
10
15
8
8
7
4
7
1
5
0
4
18
3
2
3
4
2
7
5
8
9
9
11
13
12
9
4
6
5
4
2
13
2
9
14
10
6
4
9
6
11
2
6
