1
9
4
9
8
3
6
7
6
2
4
6
6
8
6
7
8
9
0
9
1
3
16
0
3
1
5
3
9
10
4
15
13
2
6
14
6
4
5
3
5
6
3
3
0
4
9
2
15
2
5
8
5
3
15
0
11
3
0
8
6
2
0
9
9
3
6
6
9
8
19
9
5
5
0
6
12
2
8
8
12
3
7
0
9
4
1
7
10
5
12
0
3
1
6
7
5
12
8
14
11
2
0
0
3
13
5
7
6
10
12
6
3
9
5
8
2
10
3
0
1
4
9
0
2
10
0
0
5
6
0
2
5
3
9
2
4
7
1
0
1
11
4
7
4
1
14
2
3
3
7
14
7
5
9
2
0
2
18
10
9
3
2
10
6
10
8
4
0
1
20
7
7
8
2
11
10
8
7
11
1
3
11
4
10
7
5
7
11
6
0
5
7
7
6
8
2
4
0
10
10
7
8
3
8
7
2
3
2
4
4
9
0
8
12
5
5
8
1
6
7
0
1
4
10
2
14
6
1
11
4
14
2
7
2
5
3
0
14
8
12
6
7
0
3
11
3
2
5
4
3
16
2
6
0
5
2
6
1
4
6
11
10
3
12
6
11
7
12
0
0
8
0
0
6
7
0
7
9
2
8
3
12
0
6
6
11
11
1
