10
4
6
8
16
1
2
3
4
10
1
10
9
7
4
3
5
1
4
0
9
3
4
6
1
9
9
6
4
8
4
7
11
2
1
7
3
3
7
6
10
2
2
1
4
9
2
6
0
6
7
6
6
3
4
0
0
4
5
3
5
4
0
0
2
12
5
0
7
8
7
9
2
1
0
7
3
4
4
0
4
6
7
2
4
14
0
8
0
8
3
0
5
10
8
9
4
2
8
17
0
5
9
8
2
4
9
8
8
7
0
5
3
3
12
8
11
4
7
8
7
6
5
7
0
15
10
7
0
14
4
5
13
18
11
5
4
11
3
13
4
2
3
8
8
7
2
20
6
10
4
6
4
6
6
5
6
10
2
0
2
0
2
8
2
0
4
6
5
10
6
7
0
6
0
9
2
8
0
9
6
6
1
4
2
0
9
13
5
8
2
4
2
7
15
8
4
10
2
3
16
11
8
3
5
0
3
4
4
2
2
7
5
10
4
5
8
9
6
5
8
5
0
8
6
5
2
5
0
3
12
3
1
14
10
3
10
10
5
11
3
1
2
2
10
1
1
2
8
2
3
6
0
3
2
0
1
2
2
2
4
11
3
7
0
3
4
3
11
4
8
15
7
6
15
7
6
3
9
9
4
7
7
1
3
12
9
10
3
