6
8
9
1
5
9
5
4
11
9
4
2
2
8
4
0
8
3
4
11
13
0
2
8
7
7
7
4
2
10
0
5
10
3
12
5
12
4
12
1
9
4
0
1
5
10
6
5
5
0
0
10
4
2
10
3
7
9
4
7
8
9
4
2
9
0
11
4
1
2
7
1
11
2
4
6
9
7
3
6
1
3
4
3
7
9
5
4
11
0
7
4
5
5
12
5
5
6
9
2
0
2
6
6
5
7
7
8
2
9
17
2
4
2
9
4
8
3
9
4
14
7
9
7
10
11
7
0
15
9
5
9
2
7
10
2
4
5
5
2
10
2
3
8
5
12
3
5
2
4
11
10
0
6
1
8
10
2
5
3
8
8
9
6
1
0
8
8
11
10
9
3
1
1
5
3
3
10
14
12
12
0
6
2
6
0
4
0
1
5
13
13
6
7
14
0
11
4
9
1
4
2
2
6
9
5
2
6
9
13
9
2
5
7
14
8
0
0
5
8
12
1
8
9
2
6
1
7
0
9
2
3
13
8
7
5
8
2
4
12
3
3
14
8
3
1
9
0
10
7
0
10
10
16
13
10
4
7
13
1
10
11
10
3
2
6
4
16
8
0
6
9
7
4
8
6
4
3
6
2
4
13
11
20
3
9
6
0
3
