11
7
7
4
5
8
2
6
8
3
13
7
4
10
3
12
10
0
10
5
6
2
0
3
7
7
7
0
6
0
20
2
6
4
3
6
16
13
11
10
4
6
4
8
1
14
6
9
2
9
2
9
2
1
4
13
4
3
2
4
6
2
1
8
5
6
2
4
7
1
2
12
2
7
2
0
5
7
11
1
8
9
4
6
4
11
5
3
8
3
6
9
3
0
4
3
0
10
11
2
3
1
6
7
8
4
4
6
4
2
1
3
2
0
12
5
0
0
8
3
6
9
8
6
5
11
4
5
0
6
4
6
2
3
3
1
7
5
3
9
9
7
4
1
10
2
6
11
4
3
0
8
8
6
0
8
1
12
5
5
0
0
3
1
0
5
10
7
4
2
8
2
0
9
4
7
9
7
0
9
0
4
14
0
5
3
4
1
6
3
9
15
9
5
5
1
5
2
6
4
3
13
3
0
3
12
3
5
2
3
1
4
6
3
4
0
5
7
6
7
6
0
3
9
0
5
2
0
0
10
0
10
4
1
1
13
7
10
1
5
7
10
10
8
8
10
8
4
3
4
5
5
6
4
7
0
3
1
7
2
2
6
2
12
0
0
5
4
11
5
13
7
15
6
6
11
5
9
9
12
5
2
0
9
3
3
6
4
3
