5
1
7
4
2
5
12
13
3
5
7
0
4
4
15
10
12
9
18
5
4
15
4
2
8
14
11
9
12
9
7
11
3
7
0
2
11
5
10
14
2
10
5
10
7
1
2
1
4
12
9
7
0
0
6
8
8
2
2
8
9
12
12
8
0
7
6
8
11
4
2
2
1
11
9
14
5
7
9
7
7
0
5
5
7
7
2
10
4
5
13
5
0
7
4
6
3
6
6
3
2
8
1
13
9
2
0
9
12
10
5
11
6
4
11
13
4
4
6
6
5
9
11
0
2
6
11
4
0
11
9
3
4
2
0
2
12
7
4
8
4
5
14
7
12
10
14
8
5
3
15
9
1
11
0
6
10
18
6
6
20
12
5
0
7
17
9
1
7
2
7
0
5
16
2
7
10
3
1
0
7
1
8
1
10
9
0
9
0
4
8
4
9
4
9
0
4
8
6
2
14
7
17
0
16
2
2
13
10
0
9
6
1
5
8
0
14
4
5
2
3
2
7
13
12
11
9
13
9
3
11
0
9
4
0
0
7
1
9
5
5
7
0
1
0
6
11
1
3
6
8
0
2
8
6
12
0
8
3
10
11
9
14
4
3
3
8
0
10
5
3
3
5
8
9
13
0
2
3
14
8
10
12
4
2
7
7
7
1
