11
3
8
11
0
7
15
13
5
6
7
2
6
7
16
2
6
5
5
14
7
5
11
0
4
0
3
4
8
0
4
13
7
11
7
2
0
6
12
9
10
9
7
8
19
5
3
2
10
4
8
19
9
10
1
13
6
19
1
12
6
5
5
11
4
11
10
9
8
7
9
11
19
13
13
8
3
1
3
4
7
6
5
1
1
16
0
9
7
9
2
6
12
1
15
8
3
8
4
4
19
4
5
15
11
18
8
0
5
4
12
2
11
12
7
7
12
9
8
0
2
11
6
2
0
4
7
4
8
10
5
14
2
15
16
13
11
3
3
10
20
0
15
12
3
7
11
10
6
15
4
11
3
1
9
14
5
0
10
10
0
2
8
5
5
3
4
10
2
13
4
7
0
8
6
5
6
9
10
8
10
11
9
8
0
11
3
10
8
5
0
6
5
0
0
8
9
7
14
3
12
8
0
9
7
8
8
9
1
10
10
9
15
17
6
10
3
0
11
0
11
11
7
3
0
4
10
17
6
18
3
6
6
8
5
11
12
5
8
15
2
9
6
10
2
11
1
0
13
8
13
5
3
6
5
15
1
2
6
9
5
6
11
5
3
10
0
12
13
13
9
19
6
15
6
16
17
5
5
10
7
0
5
0
12
1
10
8
9
