4
1
10
4
9
2
4
5
7
12
8
6
1
6
11
3
9
10
5
0
0
7
6
3
0
0
0
3
10
1
4
5
3
7
8
2
7
8
1
2
0
8
6
8
14
7
5
8
6
6
7
20
3
3
7
7
3
0
9
6
6
6
2
14
1
0
7
3
8
10
11
5
10
1
9
11
1
8
4
0
2
5
2
5
6
8
0
5
1
10
1
3
4
6
1
2
3
3
6
5
0
12
0
5
0
14
0
4
3
13
3
14
2
3
1
13
6
17
2
6
3
2
6
5
3
3
5
4
5
2
5
6
9
6
0
7
6
7
4
0
1
0
4
8
2
11
0
1
2
0
7
1
3
0
3
3
0
2
1
4
8
6
0
4
8
2
9
14
3
6
7
7
6
0
8
7
13
4
6
2
4
11
8
5
9
1
0
10
1
7
7
10
10
4
11
6
3
4
5
3
10
4
6
9
5
6
1
5
2
6
7
11
1
7
5
5
2
2
0
6
0
7
3
8
11
11
7
7
9
3
4
17
9
7
9
7
5
2
1
2
7
5
4
6
5
4
4
3
1
6
0
2
1
6
7
1
9
4
1
0
11
1
6
7
2
3
3
11
3
9
11
12
3
6
2
0
1
5
5
4
6
14
6
2
2
1
6
1
3
