1
4
1
1
5
11
6
9
6
11
7
1
2
7
6
5
6
1
7
0
15
13
8
2
7
0
20
10
10
6
2
4
9
0
0
4
3
0
0
5
8
1
4
14
10
5
0
10
3
16
7
4
6
6
7
12
5
9
3
7
14
2
5
6
0
5
13
11
6
9
1
2
0
6
7
0
8
4
8
4
3
1
12
8
5
6
13
3
7
0
14
10
4
9
11
2
5
0
5
7
5
11
13
6
2
13
10
0
4
8
6
9
11
5
3
3
5
2
9
5
6
5
6
8
14
10
6
8
4
3
3
4
10
7
6
5
1
0
6
0
4
7
5
11
9
6
0
9
6
6
2
0
5
14
13
0
11
0
1
15
4
4
3
5
5
2
10
6
7
8
7
7
0
6
3
8
6
1
8
2
4
7
5
8
7
6
4
5
7
7
2
14
11
7
12
1
1
4
5
7
10
12
8
6
10
5
5
2
10
2
7
12
0
6
10
6
7
7
4
2
2
0
6
5
6
10
12
3
13
10
3
14
4
5
4
0
9
8
4
12
8
6
2
5
2
1
7
6
9
6
7
6
5
9
5
9
6
1
8
3
5
8
4
4
4
5
10
4
1
6
9
5
2
0
9
4
7
16
12
7
5
5
3
10
8
6
14
2
12
