11
1
2
9
4
0
0
8
5
3
1
9
4
4
7
4
0
1
4
0
5
3
1
6
6
7
1
2
4
3
9
0
4
11
8
5
7
6
5
8
4
0
3
1
5
11
7
3
4
4
0
7
4
3
3
0
2
9
4
1
6
1
0
4
6
0
11
3
6
7
2
0
3
5
2
9
1
7
2
1
11
8
5
2
7
2
2
4
3
18
12
3
3
7
6
8
0
3
7
5
8
8
11
8
2
8
0
3
3
11
8
1
3
6
15
6
8
7
6
6
10
5
8
8
4
8
0
1
0
5
3
0
0
1
13
7
5
0
4
3
6
8
11
2
7
8
4
6
9
4
6
9
4
3
14
2
3
9
5
6
8
16
8
4
5
4
5
2
9
16
3
3
7
6
6
5
9
4
5
7
3
8
5
2
3
0
4
3
4
6
5
7
6
11
2
0
1
11
0
2
3
8
0
9
1
10
2
0
3
2
3
3
5
3
14
2
3
6
15
1
6
6
17
7
5
11
8
0
6
0
3
8
7
6
0
4
4
7
6
9
5
5
0
3
6
6
1
10
7
5
3
2
9
8
2
0
6
12
5
10
5
0
1
4
6
5
3
6
6
5
5
3
12
0
5
3
11
2
5
6
20
5
1
10
4
7
10
6
11
