4
7
0
8
4
16
14
5
6
9
5
6
11
5
2
3
5
1
9
3
2
6
10
5
9
1
0
6
13
10
2
8
3
10
10
6
6
0
7
8
2
9
0
0
0
2
3
3
12
9
8
0
5
6
1
11
16
5
5
1
3
10
7
3
0
6
0
3
9
13
11
1
13
6
20
8
14
9
1
6
5
11
7
4
10
7
8
16
0
8
12
1
8
1
7
1
6
7
4
4
14
0
8
4
1
10
1
8
0
7
5
4
0
7
6
4
3
5
10
3
7
1
11
6
9
0
9
3
7
1
1
5
7
4
1
3
11
6
7
8
9
6
3
3
5
4
11
8
6
1
2
2
11
1
15
7
13
4
2
7
12
13
10
4
2
0
7
7
14
9
4
5
3
10
12
3
3
4
10
5
2
10
4
2
9
9
0
7
3
4
5
3
10
11
6
7
9
4
10
2
3
4
2
5
6
10
11
8
3
5
15
10
11
0
11
3
4
14
1
2
15
6
8
4
2
6
8
2
5
5
8
9
7
9
7
13
1
7
8
2
4
5
3
17
5
10
3
15
7
1
0
4
10
4
5
5
7
2
9
10
11
2
0
0
9
0
11
4
4
4
2
13
1
6
4
15
3
11
8
2
11
6
8
1
0
5
1
2
13
