2
0
1
14
9
12
7
8
9
3
7
2
7
10
7
10
1
4
9
9
4
8
10
12
7
12
5
4
6
11
7
9
3
11
3
0
16
0
12
7
0
6
1
13
6
3
0
7
13
6
11
3
15
12
6
3
12
9
17
2
6
4
4
8
3
5
7
4
3
5
2
10
8
5
11
15
0
10
3
16
5
7
0
3
2
4
9
9
11
0
5
4
5
15
13
5
0
7
7
11
6
7
5
3
7
8
0
8
11
3
9
12
4
13
0
7
1
17
9
13
12
0
4
6
1
9
3
16
7
10
10
9
4
6
6
3
5
3
12
2
4
6
4
9
5
11
3
7
7
14
9
13
4
1
0
11
5
17
5
7
2
9
0
4
16
5
18
6
3
9
10
2
5
2
8
6
7
11
1
7
15
5
7
6
8
15
2
10
5
12
5
8
8
4
7
8
1
5
4
5
7
0
8
8
8
9
12
3
4
4
9
20
0
8
7
17
10
3
9
8
11
2
9
8
10
8
0
9
14
8
4
5
6
14
0
6
5
11
5
13
15
7
7
6
3
0
12
1
7
12
12
6
9
6
1
8
12
10
10
9
13
2
8
14
11
14
5
4
1
9
0
0
9
11
17
3
7
11
1
12
3
8
8
8
15
12
9
6
0
