2
7
0
2
5
5
8
5
9
10
12
4
9
5
7
7
1
7
7
3
8
7
12
0
17
4
13
14
1
6
9
10
13
6
2
16
6
2
12
11
4
7
2
11
3
13
8
8
3
10
12
4
5
0
7
8
9
0
7
10
5
1
0
13
3
9
6
1
13
3
5
3
0
4
10
11
2
1
6
10
0
8
7
3
1
2
8
1
12
0
0
16
7
8
17
1
5
10
4
3
4
10
13
5
15
2
3
1
13
4
3
15
6
9
3
5
12
11
13
3
9
6
3
0
6
11
7
10
6
9
2
9
3
11
2
7
9
9
10
1
20
14
6
1
0
4
7
5
10
11
15
6
4
3
2
9
2
3
3
5
14
10
4
3
15
5
9
7
6
13
12
1
3
13
7
3
10
16
3
4
6
7
16
7
13
2
0
3
6
9
13
5
4
10
6
9
3
12
9
15
4
9
5
3
4
10
3
7
13
4
6
12
5
6
14
3
2
6
5
0
5
9
12
12
6
11
16
14
15
7
11
8
3
13
13
13
0
5
11
0
10
11
6
7
7
7
7
3
0
1
0
11
5
1
16
13
1
0
8
3
9
12
9
5
3
8
13
0
11
2
10
11
6
8
5
6
10
5
8
8
4
8
8
1
5
10
12
5
9
