2
12
7
11
9
0
9
11
9
3
2
9
6
1
5
5
9
1
7
7
6
9
5
4
2
1
1
11
20
12
10
4
4
11
12
4
3
3
12
5
9
6
2
1
8
0
10
6
0
6
7
6
9
5
0
10
3
11
6
6
3
6
7
4
8
9
8
7
9
2
5
0
9
4
8
6
3
4
6
0
8
7
5
0
4
0
7
5
10
5
1
7
6
1
11
5
9
12
7
6
6
5
14
7
7
9
6
6
5
8
4
4
0
6
3
12
5
1
5
8
10
4
2
7
5
0
7
6
12
9
9
2
2
9
7
2
3
5
7
0
14
12
6
15
0
5
8
5
15
5
11
12
0
7
1
6
6
8
13
2
4
2
3
3
9
9
0
4
4
6
3
2
3
5
5
6
12
4
5
12
12
0
12
8
8
0
6
13
7
0
3
4
8
7
13
2
6
6
8
7
14
5
1
10
6
3
6
0
1
7
4
3
1
12
11
4
5
1
5
12
10
8
5
0
3
15
8
6
6
11
5
0
2
9
13
9
7
0
3
6
8
6
2
10
10
4
3
0
0
3
10
3
3
10
5
10
1
11
5
4
7
1
2
0
1
9
8
14
2
3
3
10
9
7
16
13
0
12
7
10
3
17
12
10
5
5
7
8
4
