14
0
3
1
10
6
13
2
1
11
7
4
4
16
16
4
0
3
4
0
0
14
14
1
9
17
0
4
5
20
13
4
7
10
6
10
13
6
17
3
7
8
9
9
4
7
12
3
3
9
7
4
0
5
11
3
2
10
3
3
7
4
2
4
10
5
18
6
7
5
11
7
5
13
9
3
8
6
5
2
1
10
14
5
2
10
1
2
5
5
0
0
10
9
5
10
4
6
4
7
7
10
8
2
3
5
8
3
2
4
8
2
6
0
8
2
4
0
2
0
1
0
6
9
13
0
19
0
6
0
4
10
12
3
6
3
12
13
4
10
14
11
13
3
9
2
4
8
15
12
6
11
9
1
6
3
7
13
0
4
0
15
14
2
0
0
4
8
2
4
3
10
10
9
10
6
5
14
4
2
5
3
4
3
8
9
12
9
14
3
16
4
8
10
0
7
8
11
3
6
3
9
3
0
1
12
4
7
6
7
7
11
5
3
14
6
6
6
5
15
3
9
4
7
3
11
0
4
9
13
8
7
1
5
8
2
11
4
8
8
10
5
10
3
0
6
4
5
11
7
7
8
9
6
5
12
8
5
2
5
4
4
5
11
5
4
2
5
7
2
6
6
9
3
3
9
2
10
10
5
7
6
12
3
6
7
8
1
7
