11
3
15
3
5
12
2
4
2
9
7
9
12
10
12
7
8
0
15
3
7
0
7
10
13
8
7
1
2
4
4
11
8
0
0
6
4
0
6
0
12
0
4
18
0
8
6
3
10
0
0
1
1
6
7
10
3
5
9
3
11
13
1
11
10
14
13
2
1
3
7
9
7
14
6
7
6
2
5
11
4
3
9
5
12
14
14
13
5
2
4
17
3
2
7
12
8
0
6
6
5
5
4
8
3
9
9
0
12
7
0
5
10
3
1
3
3
9
8
0
2
5
7
10
12
6
12
9
4
3
7
5
2
8
4
3
8
15
1
0
13
4
7
9
11
4
6
6
7
7
9
14
3
7
7
15
4
4
8
5
4
3
8
1
13
7
5
3
7
4
9
10
3
9
3
20
5
9
0
6
2
0
6
16
11
3
12
8
14
3
11
16
10
1
8
4
13
2
5
12
6
4
9
0
11
0
12
2
1
7
9
1
6
2
8
6
5
12
9
8
8
3
10
3
0
0
0
7
4
2
4
2
9
4
11
3
5
12
5
1
5
2
8
12
9
0
10
6
13
9
3
4
9
8
10
7
1
0
9
0
17
13
10
13
8
6
12
11
15
7
3
3
4
4
9
10
8
6
14
0
8
12
17
9
1
1
13
7
6
