6
17
2
16
0
0
2
2
9
12
7
4
0
6
5
18
6
5
19
0
6
12
1
8
4
4
3
0
4
6
12
2
0
5
9
15
6
7
5
7
5
5
6
5
8
4
2
10
2
3
0
6
4
2
3
2
18
6
8
6
3
1
3
8
18
7
5
1
15
0
7
2
2
3
4
10
6
14
7
2
6
8
4
8
3
8
10
10
5
8
5
11
0
6
7
11
1
16
7
7
0
4
2
0
10
10
8
3
6
4
5
0
8
5
12
4
6
3
0
4
2
6
12
1
1
13
1
0
4
15
10
4
6
5
6
0
5
5
8
3
2
0
10
5
8
7
6
3
3
9
7
20
3
11
16
5
4
14
5
9
8
10
14
5
15
0
7
5
6
7
4
12
1
7
12
10
7
17
0
15
7
8
3
0
12
14
5
0
13
8
11
5
8
3
4
1
6
0
3
0
10
5
9
12
7
5
0
2
8
4
7
1
19
5
8
3
6
5
5
0
9
6
9
13
17
0
5
2
10
0
16
7
4
1
18
6
2
11
8
7
10
6
0
6
3
3
15
0
4
6
13
1
1
13
3
9
16
5
1
4
10
12
3
7
6
1
6
5
5
2
5
0
4
2
1
8
4
13
7
19
6
3
15
4
6
11
0
7
0
