14
5
17
4
9
14
0
3
1
9
6
0
5
7
2
3
11
6
4
4
2
0
6
9
6
1
9
6
1
8
7
5
3
4
5
1
0
2
7
10
5
8
7
3
9
11
10
0
4
6
5
3
5
11
5
3
0
0
7
10
2
4
3
1
4
0
5
1
11
6
5
0
9
6
0
7
1
2
0
7
3
4
6
6
4
10
7
8
4
3
6
7
1
2
7
8
11
5
6
5
2
0
0
3
4
9
8
6
3
12
4
7
11
7
4
2
6
3
2
7
5
3
5
0
1
3
5
4
6
5
3
11
8
1
0
4
2
6
0
4
2
5
8
0
14
5
2
5
6
8
2
8
7
6
1
11
0
3
1
5
15
0
0
2
4
3
0
11
8
5
5
7
1
5
5
1
6
5
7
4
5
8
11
6
8
0
3
3
2
5
5
3
1
7
0
6
2
10
4
5
8
5
0
10
3
4
11
3
6
0
9
2
14
5
7
9
3
4
14
7
1
0
7
6
7
5
2
5
4
4
3
0
6
8
6
3
6
8
13
7
3
8
2
0
2
6
10
0
5
20
2
8
3
9
5
10
4
1
0
9
2
8
2
5
3
4
3
2
9
7
0
4
8
4
5
8
6
15
6
2
5
7
6
4
3
2
8
6
0
