11
10
10
13
10
6
13
5
8
14
1
4
6
1
12
4
2
0
6
10
0
12
8
0
14
4
7
0
9
13
6
14
5
5
3
9
14
9
13
2
5
4
0
6
7
3
6
5
3
10
6
6
8
3
13
9
7
8
15
4
12
7
10
2
14
2
3
10
9
9
5
13
8
11
5
10
3
2
11
14
15
14
12
4
3
13
0
5
2
1
12
9
4
13
11
3
14
16
4
12
8
12
3
2
0
4
7
4
4
8
3
6
3
4
6
8
0
2
9
4
6
12
3
2
5
3
4
6
6
8
6
1
10
1
9
11
8
11
14
3
4
6
5
5
2
4
2
1
8
5
0
14
16
9
6
6
5
6
6
4
4
6
4
2
3
6
5
4
12
0
12
8
5
6
0
6
6
15
8
9
2
2
3
9
5
6
3
17
6
0
12
2
7
5
14
2
0
7
8
4
9
3
0
4
4
0
9
0
4
8
2
9
1
5
7
5
9
9
11
1
8
2
14
13
2
5
2
8
4
2
5
4
11
7
0
3
0
2
3
13
4
4
20
11
16
6
6
13
1
10
12
2
3
7
13
0
7
5
12
6
6
3
3
6
5
1
4
8
2
7
8
12
12
8
10
2
7
3
12
8
8
0
5
5
12
0
3
5
0
