3
8
6
2
0
9
4
0
6
6
8
0
8
7
9
11
1
5
4
3
13
6
10
7
9
11
15
10
4
3
0
7
7
10
8
3
5
9
3
1
6
0
2
3
12
10
6
3
4
0
12
0
1
0
3
10
0
16
4
3
0
8
12
9
13
1
3
7
1
6
10
6
2
2
4
1
6
12
7
9
4
0
3
1
11
6
6
10
12
12
0
2
15
2
4
3
3
6
11
9
2
4
4
2
6
3
3
4
4
4
7
3
0
11
4
4
8
9
1
7
12
1
5
6
6
2
4
0
0
7
13
8
13
7
10
13
3
5
2
17
11
8
12
10
4
3
12
1
9
3
0
6
7
10
0
0
3
11
0
0
12
7
7
5
20
1
6
9
11
13
5
10
4
7
5
9
5
6
12
8
4
6
5
2
3
8
7
5
2
4
1
6
9
4
5
8
8
2
2
11
7
2
11
5
5
8
11
6
10
2
4
12
5
5
0
6
1
3
4
6
2
7
8
5
7
8
10
8
4
10
4
7
7
6
9
6
3
10
7
3
9
2
5
7
6
8
5
11
3
1
4
10
8
3
0
4
0
4
1
7
11
7
0
8
11
10
10
4
7
4
3
3
1
0
9
6
6
1
9
0
8
0
0
14
7
5
7
3
1
