7
4
3
2
6
8
4
5
2
4
5
0
7
9
9
11
5
3
8
7
5
0
8
7
10
9
9
1
2
5
7
4
8
12
4
9
7
10
0
5
10
4
1
10
8
6
9
9
8
6
16
8
6
17
4
8
2
4
7
5
0
5
0
0
6
10
12
12
7
1
9
4
10
2
7
0
4
6
8
12
7
8
4
2
6
8
5
0
1
2
7
8
5
8
3
2
13
8
4
3
4
7
12
4
6
13
3
5
9
5
8
12
11
20
6
2
18
4
5
0
5
0
9
8
7
8
7
1
3
10
5
11
6
1
6
4
10
11
6
0
8
0
0
6
10
7
7
3
9
0
0
2
7
4
1
0
9
3
4
5
12
14
4
1
3
2
3
7
3
8
1
0
5
0
2
8
7
10
0
2
11
10
6
6
15
9
13
1
2
9
7
9
11
7
3
2
5
8
3
5
5
12
10
7
7
9
8
7
3
15
3
4
6
8
7
12
2
5
3
10
0
19
4
1
3
7
6
3
13
1
9
3
12
4
11
4
5
5
9
8
2
9
4
9
4
0
14
2
3
6
8
5
8
12
1
5
5
7
9
4
0
6
7
10
4
1
1
5
6
1
6
5
10
10
0
6
11
3
4
7
14
5
7
1
4
4
11
6
8
