11
9
10
3
13
1
11
0
13
10
8
2
6
4
9
3
4
10
6
2
4
3
11
0
14
13
9
12
9
2
11
7
11
6
4
7
5
9
0
8
5
5
7
6
19
8
14
4
8
17
1
2
7
6
6
11
8
2
9
6
9
2
12
10
11
1
10
2
11
10
0
14
9
0
8
5
7
12
0
10
7
4
6
6
10
7
11
12
1
3
6
12
4
12
7
7
2
3
9
6
4
10
11
13
18
14
3
11
7
4
2
16
6
4
11
18
10
5
7
6
3
9
5
8
8
18
5
8
0
16
12
9
13
9
5
4
11
5
10
6
3
8
8
4
6
8
11
8
8
1
6
5
0
13
11
3
19
9
5
3
11
5
9
4
4
14
4
2
5
12
0
10
7
17
7
8
5
4
5
3
7
12
0
4
11
4
6
9
13
0
4
1
10
12
12
5
9
11
3
13
6
9
9
8
14
5
19
0
9
8
8
11
3
5
12
8
9
17
7
2
0
0
9
11
16
3
10
4
5
3
17
12
10
7
3
11
10
11
5
16
4
2
13
5
10
2
8
0
0
4
12
20
19
3
7
0
8
4
19
11
6
0
0
1
5
2
11
1
6
0
4
8
5
7
11
6
7
7
10
6
6
8
4
12
4
16
11
10
10
