8
5
9
12
9
5
10
4
8
6
6
8
12
0
0
9
6
7
11
4
0
7
7
9
7
4
4
0
4
7
5
5
11
7
7
12
9
12
2
0
5
5
0
10
0
13
6
9
2
5
1
9
6
8
3
0
9
2
3
10
0
11
10
8
8
0
0
7
5
3
2
2
16
2
5
6
2
6
6
12
15
7
7
11
8
14
11
0
11
9
3
9
3
6
8
3
14
4
2
3
6
4
3
4
11
13
0
8
6
0
9
4
11
13
2
3
11
6
3
3
7
15
10
13
16
2
4
8
11
8
6
13
11
9
8
6
9
13
11
14
6
0
5
4
4
2
10
4
0
2
20
1
5
8
9
8
8
1
5
9
1
0
4
0
1
13
8
2
3
10
2
12
2
10
0
10
16
2
8
2
0
8
5
2
4
9
8
8
17
6
6
2
12
13
6
6
9
4
7
5
1
4
4
14
7
8
6
0
11
2
12
2
9
12
6
6
7
6
7
7
2
7
12
16
2
10
0
8
1
4
6
6
5
0
8
5
12
0
12
1
0
1
0
2
7
3
3
5
6
10
4
2
4
11
5
2
0
11
4
6
0
3
7
10
7
9
3
6
0
4
2
6
12
0
3
5
3
3
4
7
0
12
13
4
9
8
1
2
2
