0
9
11
4
3
5
4
5
3
0
3
7
5
5
5
4
7
6
9
1
6
7
16
3
8
7
1
0
1
5
5
0
3
4
18
11
9
5
11
12
11
10
3
11
0
20
11
0
4
13
5
8
7
1
3
5
11
8
9
15
7
11
11
6
10
15
7
7
6
4
3
1
7
5
0
1
5
14
12
9
7
6
13
1
5
0
8
3
8
0
7
0
15
2
1
5
6
4
0
4
7
8
2
7
9
9
12
0
10
12
11
6
18
12
7
11
10
2
7
10
5
9
2
3
1
4
7
3
7
6
1
4
0
0
3
9
0
3
8
6
4
4
9
14
5
6
10
3
2
4
1
6
4
8
16
1
6
11
10
8
2
3
11
7
5
9
4
11
11
4
6
3
10
7
5
12
4
0
1
12
4
4
2
18
6
4
0
15
18
0
19
5
8
9
7
1
4
0
0
2
8
10
1
10
9
3
12
1
4
8
11
10
15
7
2
6
4
7
3
5
0
1
5
12
5
0
0
5
12
5
0
11
4
16
8
3
12
0
6
4
6
9
10
4
15
6
7
3
8
6
5
6
9
5
7
5
13
10
8
15
17
0
5
3
13
10
4
3
16
0
6
5
10
14
1
11
1
9
8
5
7
5
5
0
0
7
2
5
14
