6
0
12
0
3
8
1
4
1
3
11
4
8
11
13
9
5
0
1
3
2
3
11
5
8
4
0
0
5
1
12
7
3
1
10
10
5
5
1
3
6
7
4
3
1
7
2
6
8
5
10
0
6
9
8
12
15
10
8
5
12
6
0
5
11
10
3
0
11
7
8
13
1
2
2
4
4
1
2
9
7
1
2
9
6
8
14
9
1
2
11
4
0
13
2
1
1
5
7
6
4
5
2
4
12
0
17
0
4
15
7
10
1
5
6
7
10
3
4
0
6
2
17
9
6
1
10
2
1
5
3
4
5
8
6
5
7
0
13
6
14
6
4
8
7
20
0
0
2
8
3
4
12
7
0
0
1
4
3
5
18
4
13
13
6
10
2
8
9
4
8
6
3
5
6
9
1
8
2
4
9
0
1
3
4
8
4
6
4
4
4
5
6
9
4
8
0
5
9
4
6
9
3
1
2
7
3
2
4
3
11
11
8
5
9
1
4
4
9
9
2
12
8
3
0
15
4
2
6
10
5
3
4
13
0
6
7
6
3
7
1
5
6
13
9
0
15
0
1
3
4
5
6
2
7
11
6
3
3
11
5
10
9
2
4
2
5
10
1
1
2
14
11
12
4
9
7
0
0
6
0
9
2
1
5
10
10
5
4
