1
7
11
6
3
8
10
13
5
8
0
6
12
1
0
2
11
2
7
7
9
7
1
7
0
6
0
0
9
4
2
4
6
7
6
7
0
10
3
8
10
2
14
10
8
13
7
6
0
14
5
11
9
1
4
5
3
3
9
10
6
2
0
7
7
11
5
7
12
0
4
4
5
2
13
0
5
0
0
2
7
7
0
7
4
1
8
12
15
2
10
0
0
3
3
7
5
11
12
4
10
4
1
2
11
5
7
4
5
5
1
3
11
0
5
2
1
0
3
0
4
4
9
6
1
7
4
9
6
9
5
1
12
4
12
7
5
8
1
11
11
5
1
11
10
3
5
9
4
9
8
5
20
0
1
9
3
9
6
4
5
8
5
6
8
4
10
0
5
9
7
6
6
13
6
5
6
0
7
5
8
9
1
14
11
6
8
6
4
13
3
1
1
1
3
9
5
3
14
6
10
7
5
4
2
4
8
4
4
0
11
0
4
0
16
8
1
2
5
10
5
14
12
4
9
12
9
3
11
9
5
9
5
8
7
12
1
9
8
4
6
6
8
0
1
0
11
7
9
0
5
8
6
8
6
4
0
6
6
7
6
3
0
9
2
5
6
15
4
1
4
8
4
0
5
8
14
8
8
12
7
6
2
0
2
5
7
10
7
