7
6
7
3
18
4
5
0
14
5
2
8
7
0
7
0
7
5
9
8
4
9
0
6
10
1
4
16
8
16
1
5
7
15
7
12
4
14
12
4
5
2
13
12
2
5
0
12
2
5
7
3
10
3
13
1
2
4
3
5
9
7
1
3
16
5
0
6
8
8
4
7
5
6
0
10
8
5
3
10
11
8
9
3
7
6
4
9
13
7
9
5
8
6
6
3
4
2
8
8
7
3
8
4
1
12
12
10
2
3
0
4
0
5
2
8
11
15
0
4
3
8
8
19
8
4
5
1
4
14
8
0
6
7
13
7
6
4
2
13
16
10
4
8
9
7
3
5
5
7
8
14
7
16
0
3
11
3
7
6
12
8
5
3
0
6
7
8
4
11
11
10
6
14
2
9
0
4
8
8
18
1
2
16
10
4
9
9
5
3
8
11
7
6
7
2
5
4
9
4
6
11
10
2
17
3
4
1
8
9
1
4
3
9
1
1
3
10
1
9
4
3
9
9
1
6
0
1
3
11
7
0
0
7
5
7
7
3
13
16
3
9
0
2
10
4
0
5
16
4
8
5
3
7
12
8
0
8
2
3
12
7
10
10
10
20
1
9
3
18
6
8
11
3
9
16
3
12
6
4
5
5
6
6
8
11
3
4
6
