11
6
8
14
2
6
9
6
5
14
10
5
6
2
15
14
4
3
5
7
4
9
11
11
15
9
9
3
6
5
6
3
10
10
14
14
5
7
13
6
3
5
10
4
7
7
14
6
2
3
11
9
6
8
0
0
4
12
3
4
6
0
5
0
10
1
4
14
9
12
18
1
5
3
4
5
2
0
4
7
8
5
0
8
0
5
12
7
2
8
3
0
8
8
3
11
11
12
9
9
0
5
6
13
13
8
13
6
4
5
5
6
11
10
18
6
6
6
0
5
2
11
16
13
0
11
7
8
6
5
15
12
11
4
17
5
3
2
4
6
11
5
2
0
5
8
11
8
8
0
4
4
8
1
12
6
13
7
9
7
3
3
0
5
4
15
4
9
4
8
7
9
7
8
13
8
1
5
7
4
6
6
12
2
9
1
9
6
5
7
2
6
9
7
0
5
3
11
6
7
11
1
7
10
17
11
7
9
6
2
6
1
3
8
20
3
15
5
10
18
12
9
4
3
5
15
15
11
4
2
8
8
1
4
7
0
5
14
6
0
7
0
15
10
14
5
14
7
8
0
0
5
9
7
8
9
4
0
14
5
9
8
0
14
8
6
5
4
3
12
12
6
0
13
1
13
6
0
15
2
0
2
6
5
16
1
15
5
2
