3
1
11
6
3
9
13
5
7
3
11
6
8
20
14
4
1
0
11
2
8
0
16
7
4
13
4
0
1
4
7
10
0
1
10
3
8
5
5
6
3
9
4
7
0
0
4
7
10
1
3
12
8
1
0
1
4
6
9
0
9
13
0
1
7
10
7
12
2
2
13
7
12
9
11
9
8
5
3
1
2
13
6
10
6
3
5
11
15
6
10
1
3
1
0
3
10
5
0
6
9
3
8
9
4
3
6
15
8
12
8
10
2
6
11
9
10
10
9
8
15
10
11
9
9
3
3
8
10
3
16
15
2
9
4
0
12
11
7
10
7
2
6
9
7
11
7
9
7
0
3
5
16
7
15
12
9
6
2
12
7
14
10
8
13
11
11
5
17
13
9
4
9
1
7
10
5
15
5
6
5
7
15
12
8
2
7
7
2
2
15
13
15
3
17
0
10
15
4
10
4
6
0
8
6
14
7
19
0
16
13
9
5
4
5
12
15
10
12
6
0
4
12
0
9
0
0
4
1
6
8
3
1
19
13
3
7
1
9
18
12
0
3
3
2
3
12
11
8
9
6
6
8
4
11
5
0
7
7
2
0
9
6
1
2
6
11
3
7
7
8
0
12
11
1
3
3
9
6
1
1
7
1
18
7
4
9
2
0
