0
6
10
9
3
6
10
4
9
12
2
8
8
4
4
0
7
8
12
0
8
8
8
8
12
1
8
0
2
7
7
12
7
6
9
9
9
4
3
5
9
2
11
3
13
7
7
2
8
8
8
5
7
7
5
7
15
3
4
11
9
11
5
11
2
2
0
4
5
4
9
7
4
2
1
7
8
6
4
5
9
9
11
1
0
4
8
8
1
9
6
9
4
11
4
8
0
9
7
10
3
6
0
9
4
6
10
2
0
4
9
10
2
8
17
4
8
5
2
7
6
0
8
8
9
7
6
2
5
1
8
14
0
6
9
3
5
13
5
4
2
5
6
12
5
8
1
7
3
5
9
7
0
12
2
5
8
2
6
3
1
20
8
8
7
5
0
6
8
14
6
14
1
2
2
4
0
3
3
13
7
8
9
11
6
12
3
0
1
9
7
3
7
13
10
11
6
10
1
6
7
8
6
0
9
3
5
5
4
3
5
1
9
7
2
12
9
8
9
6
7
7
5
9
7
0
7
3
8
15
11
2
2
8
0
5
5
3
7
2
6
3
3
0
9
0
12
4
2
3
6
8
9
6
0
6
4
2
4
6
1
2
6
9
7
1
8
6
0
12
4
6
0
5
0
2
9
4
7
7
0
10
12
12
3
10
7
3
7
