1
1
8
4
0
2
4
3
2
2
9
1
3
1
10
1
9
11
0
5
2
10
0
4
1
3
8
2
3
5
8
4
6
7
8
11
3
7
2
5
4
5
3
10
4
6
1
2
2
5
3
4
7
3
7
0
5
3
3
0
8
4
7
4
4
7
7
5
4
6
3
2
0
2
0
5
6
8
0
10
6
6
1
2
0
2
2
6
5
10
4
4
8
2
6
6
3
13
0
12
5
5
4
7
9
5
2
1
9
6
6
3
0
6
15
7
7
6
9
4
8
4
4
14
3
6
3
10
3
10
1
5
8
3
10
3
12
0
4
2
10
6
2
0
13
9
7
0
7
1
12
11
2
0
0
6
6
4
3
2
1
2
5
4
7
4
13
4
1
9
2
6
6
3
6
0
0
3
4
5
0
2
7
5
5
1
3
0
4
14
0
7
6
9
4
1
8
0
1
7
8
1
4
4
2
0
5
3
3
2
3
4
6
4
8
6
3
9
8
1
4
3
2
7
5
8
2
1
7
11
1
11
9
3
12
2
2
8
4
0
6
1
7
9
10
9
10
3
8
5
4
4
2
10
6
1
3
12
6
6
2
4
6
9
4
6
5
3
5
3
0
6
2
4
12
8
0
6
5
0
7
0
20
8
1
0
10
4
0
