12
8
7
4
5
9
6
0
5
4
3
3
5
7
13
4
2
9
11
9
6
7
8
8
3
7
10
0
10
0
6
9
5
3
3
2
6
4
4
5
7
4
9
7
4
16
1
10
0
3
10
5
11
8
1
7
4
0
4
7
20
3
12
4
12
4
9
15
4
7
5
4
11
6
5
1
10
1
6
8
8
8
1
3
8
16
1
6
5
7
3
7
10
5
4
11
0
18
8
2
14
13
6
4
5
5
8
1
6
2
1
8
2
6
0
17
8
2
7
10
0
5
3
8
0
5
15
8
11
7
8
7
3
6
4
9
17
0
5
3
0
1
4
9
7
9
3
12
7
7
1
1
6
2
0
0
2
2
0
6
5
1
6
11
8
5
6
8
4
0
8
8
17
1
2
15
4
5
5
4
3
5
6
2
0
10
6
5
0
10
11
10
6
2
3
6
12
7
9
15
15
7
0
5
5
13
5
8
2
4
4
2
2
6
3
16
3
10
8
8
1
10
3
10
12
7
2
6
1
1
6
5
9
10
1
7
12
4
17
2
2
9
2
13
4
3
6
3
11
5
5
2
8
8
6
4
5
9
0
0
2
6
9
1
8
9
6
4
8
8
8
5
5
12
2
0
5
3
16
2
6
9
5
7
8
3
5
6
5
