2
4
11
6
10
7
10
10
5
17
5
4
5
13
16
16
2
0
6
14
11
4
0
4
5
15
7
11
0
0
18
16
2
12
1
2
11
5
7
9
3
12
4
15
5
14
1
9
0
14
8
14
4
1
7
11
8
8
7
1
7
7
14
4
0
4
2
3
10
4
8
7
17
7
12
6
7
0
9
2
8
9
3
7
0
0
9
7
6
0
10
6
3
2
5
11
10
6
17
14
10
4
17
9
19
3
12
8
15
9
12
6
12
15
13
7
7
0
2
14
5
6
4
8
2
10
4
13
10
3
6
0
11
11
2
0
4
5
3
11
0
4
4
14
4
12
4
0
11
5
0
11
3
2
12
0
14
2
13
14
5
3
8
11
9
9
10
8
11
2
9
6
11
2
2
9
1
8
3
5
4
20
14
9
6
11
0
12
18
10
7
4
12
15
4
6
11
0
1
8
3
13
2
4
3
5
0
7
11
13
7
0
0
10
4
6
3
17
4
4
5
4
2
12
5
0
5
12
14
1
12
12
11
10
3
0
12
5
0
0
12
2
5
8
4
18
6
3
10
18
6
2
5
9
9
3
12
3
5
10
2
6
2
7
13
10
9
11
13
2
9
7
4
3
14
1
3
12
16
11
1
1
13
15
6
6
18
2
7
