6
0
5
1
5
9
11
1
2
0
10
7
3
2
2
13
8
3
3
0
1
6
6
0
8
3
4
12
10
3
5
5
5
9
7
1
14
20
6
3
1
8
0
7
6
9
6
9
8
9
16
7
8
4
9
10
5
5
5
4
5
1
9
3
2
5
5
1
5
9
10
6
2
10
6
5
4
5
7
1
5
6
15
6
5
11
5
5
0
7
3
3
0
0
6
10
0
2
10
5
8
8
3
1
6
12
1
4
3
5
0
11
4
1
7
0
1
5
8
7
0
1
7
4
4
10
9
3
5
7
1
2
5
1
9
3
6
7
2
5
0
2
16
4
7
1
3
0
7
9
4
1
4
6
3
6
5
1
5
3
2
4
2
11
7
10
7
2
7
1
0
1
0
5
0
11
6
6
12
7
3
3
4
5
5
8
4
4
11
5
11
4
9
3
4
0
4
3
0
4
4
4
3
8
7
7
7
4
10
3
4
7
7
6
6
2
2
0
3
6
3
10
5
7
1
0
11
2
5
11
4
9
3
2
4
5
10
1
7
13
4
1
2
10
3
1
1
6
5
7
3
4
7
4
8
2
8
10
1
6
3
8
2
8
4
4
7
6
10
2
7
8
4
9
3
6
7
2
7
7
2
6
0
8
8
10
4
3
1
