4
1
2
0
6
7
13
10
6
7
6
6
5
3
0
4
10
4
7
6
0
6
3
6
6
5
2
6
2
11
6
5
1
3
4
7
6
2
2
4
11
1
5
15
7
1
0
10
2
10
0
12
6
7
6
2
1
2
2
3
13
3
2
12
5
1
7
2
5
0
4
9
3
1
5
8
11
9
16
9
6
4
1
0
2
5
3
1
4
3
11
5
8
9
5
12
10
16
4
3
6
6
4
6
6
3
0
6
5
7
5
3
4
5
5
9
2
3
2
9
11
5
7
3
8
5
7
2
5
6
5
8
1
5
6
1
9
9
16
7
6
2
4
6
1
6
5
7
10
1
9
8
1
7
7
12
10
11
10
9
5
4
3
9
11
10
4
4
8
6
14
14
9
5
14
11
2
4
11
0
13
7
8
0
10
4
6
0
10
0
0
3
15
5
0
1
5
0
9
3
7
17
5
10
12
1
3
9
3
8
2
7
7
5
11
2
10
2
2
0
8
2
6
4
0
6
8
5
5
9
8
11
5
3
13
10
6
4
3
14
5
6
7
4
6
11
3
9
7
10
5
8
8
2
5
4
6
20
5
2
5
3
0
7
9
1
8
7
10
11
0
11
11
6
8
0
12
12
5
3
1
0
4
12
10
7
9
2
13
