12
8
3
1
1
5
0
13
10
9
12
2
9
0
8
1
4
12
9
6
1
4
0
13
1
6
5
5
9
13
11
2
16
9
8
9
3
3
3
14
5
9
3
13
10
14
12
6
13
1
5
1
13
4
4
11
0
4
6
9
8
3
2
5
0
7
10
20
3
9
9
4
8
6
10
6
3
0
7
0
4
9
12
10
8
4
2
6
0
4
4
9
2
5
3
5
3
6
3
3
10
7
0
2
13
0
9
4
8
2
7
12
11
10
10
9
9
7
4
6
8
0
1
5
16
6
10
3
5
0
6
6
9
0
5
4
11
4
6
5
16
7
9
9
3
0
6
4
13
8
3
4
10
8
3
6
14
7
0
6
3
14
8
3
4
12
13
6
5
0
3
2
7
3
8
3
4
7
8
0
12
7
8
4
13
13
3
3
7
1
10
3
6
4
8
12
3
14
9
3
4
6
2
6
5
13
0
5
4
0
2
0
3
0
9
4
1
14
8
3
1
3
11
0
3
0
8
5
3
11
9
7
5
6
4
4
8
6
5
2
6
3
15
3
13
9
11
5
5
0
6
6
3
1
0
2
9
9
15
5
16
5
8
0
4
9
6
10
8
1
6
3
11
4
4
0
0
8
4
7
9
4
11
2
7
10
1
2
1
