9
10
8
6
5
6
5
1
5
0
11
5
0
10
9
12
12
1
8
8
2
6
9
6
0
19
1
12
8
11
5
2
17
0
9
4
10
6
6
0
6
1
11
0
6
2
9
7
8
7
3
3
9
8
12
10
7
8
15
4
5
13
13
0
9
12
5
12
8
10
1
6
1
5
11
12
4
6
2
15
5
7
15
10
5
7
6
10
2
12
11
4
12
18
3
14
0
7
7
0
9
8
9
11
2
5
4
8
12
11
1
10
10
10
6
11
9
9
5
5
6
9
5
0
5
9
6
8
9
11
3
2
3
12
11
4
4
7
20
2
7
10
3
7
4
4
6
2
10
4
14
14
4
11
6
2
11
3
9
3
7
14
7
4
11
3
6
6
0
1
10
2
8
6
4
8
0
6
6
4
1
0
8
7
5
0
13
9
8
7
0
4
3
2
5
3
15
12
7
3
15
6
4
4
4
0
0
11
7
0
2
15
0
6
5
0
5
5
0
9
3
14
16
4
1
7
4
5
2
4
4
12
14
2
8
11
7
10
1
12
10
0
10
7
4
10
12
10
17
6
0
15
11
15
5
11
1
7
3
12
15
3
7
3
12
3
5
0
8
4
6
10
13
8
0
11
4
6
0
12
8
5
18
10
7
0
9
0
3
