7
3
11
4
4
12
0
3
12
12
8
9
2
7
1
1
7
12
1
4
5
7
7
14
10
10
0
5
3
10
8
6
0
6
3
1
2
7
10
7
5
4
6
6
1
11
11
6
5
11
0
9
15
8
5
6
11
0
8
7
5
1
5
7
8
6
7
10
5
10
4
8
9
12
3
5
12
6
10
12
7
11
3
0
6
2
1
0
5
20
19
11
1
11
7
4
6
8
3
5
15
8
0
7
9
1
0
4
5
3
7
1
1
4
6
15
3
8
4
3
13
2
9
10
0
2
12
6
2
5
3
8
6
0
10
5
15
7
7
6
10
8
1
5
5
10
3
0
10
5
7
3
3
6
5
6
4
3
4
2
9
3
0
5
4
12
5
4
15
14
0
10
4
6
3
0
8
6
7
10
6
10
15
7
4
5
17
15
9
11
7
8
10
11
9
12
6
10
8
13
6
0
1
1
9
5
10
3
15
4
0
9
4
3
10
4
3
3
1
4
4
8
9
9
8
4
6
2
12
8
4
5
16
8
9
7
8
7
10
11
5
5
9
0
2
8
7
3
5
8
2
4
0
9
10
0
6
2
15
7
0
15
4
12
12
9
6
5
14
7
0
8
14
8
13
2
6
7
7
10
3
6
4
1
8
2
1
8
0
