1
4
11
6
7
4
7
1
9
0
6
3
3
6
9
10
7
9
4
8
6
0
2
4
9
3
3
2
2
15
5
1
1
5
3
15
4
5
0
4
0
6
4
8
7
6
0
16
0
7
7
12
4
0
17
2
6
8
2
20
6
7
9
1
6
11
10
3
6
0
8
3
3
19
11
4
4
7
10
13
5
2
10
0
12
0
5
2
3
7
6
11
0
0
2
8
0
10
5
8
7
7
3
13
16
10
11
2
3
5
5
6
8
8
3
0
5
11
10
6
7
0
3
11
1
0
11
4
0
5
15
9
0
3
1
13
0
10
7
1
14
14
3
7
6
5
8
2
4
5
0
3
15
0
7
6
0
9
13
10
0
5
8
7
10
3
5
5
2
5
13
11
7
2
0
7
4
2
5
7
4
3
7
4
9
6
3
3
12
16
4
2
8
4
7
11
14
6
6
9
5
2
7
0
7
2
3
10
7
7
17
4
4
11
7
7
11
9
0
3
0
7
7
8
2
10
2
4
13
4
9
13
10
6
10
2
0
16
2
14
10
3
16
9
0
14
15
6
8
4
9
11
4
11
3
6
3
0
12
9
7
5
9
9
9
5
5
3
7
2
13
12
3
5
12
7
3
7
3
4
9
13
10
0
13
14
3
5
4
