7
4
3
8
12
3
10
5
8
1
11
2
1
1
4
1
6
2
5
0
4
4
6
5
0
3
5
4
5
2
0
5
9
3
13
10
13
4
1
11
0
8
1
0
3
10
8
2
10
1
3
5
6
4
0
3
4
2
10
3
3
8
7
3
5
7
10
2
1
7
5
5
3
6
5
3
8
5
2
1
0
1
12
7
1
4
8
6
0
0
8
8
6
4
6
4
0
1
3
11
1
0
0
1
7
3
10
4
6
8
7
6
0
4
3
0
1
4
3
4
8
8
9
0
1
7
1
5
9
1
1
10
6
10
7
8
2
6
2
0
4
11
3
6
5
1
2
7
7
7
9
15
2
5
0
2
2
12
7
5
7
12
1
3
6
7
9
6
6
3
5
9
3
5
3
10
7
2
5
4
0
9
10
4
5
7
0
3
4
3
4
8
6
8
0
5
9
3
10
12
8
2
5
10
5
7
8
3
0
4
4
4
6
0
2
0
7
5
20
7
3
11
5
4
8
4
3
2
4
0
2
5
3
5
5
1
6
8
0
7
5
0
6
1
10
13
10
8
7
5
5
3
1
5
8
4
4
0
7
4
10
8
1
4
9
3
0
0
12
7
3
9
8
7
3
6
10
2
7
10
8
0
10
5
6
8
2
2
7
