3
6
1
6
3
10
4
3
4
5
8
1
5
6
12
10
3
10
3
10
3
6
14
10
6
7
9
11
5
8
6
9
19
3
9
13
1
10
4
0
3
3
4
11
13
4
2
2
3
10
5
5
11
7
5
8
4
13
0
11
0
7
8
6
10
14
0
2
3
1
9
6
0
11
0
4
1
5
3
6
12
0
10
5
10
0
8
12
0
5
0
5
0
12
7
1
7
6
5
2
4
1
3
3
2
5
12
11
8
2
5
10
16
7
9
1
14
3
4
1
4
12
0
4
5
0
6
6
5
8
3
0
0
6
5
12
2
6
8
1
7
5
7
11
0
6
2
1
8
0
0
6
1
11
4
3
3
5
0
3
7
4
4
19
0
4
10
8
5
1
3
3
11
9
9
4
7
19
4
6
2
1
11
6
9
8
7
7
3
10
13
11
3
4
5
11
8
0
11
4
7
12
6
11
10
2
5
0
5
3
5
2
4
6
3
16
1
5
0
5
4
2
7
0
2
13
8
13
12
9
5
8
12
9
9
11
5
9
4
20
4
2
2
7
6
9
11
2
14
9
1
17
2
9
10
6
11
9
14
11
6
6
3
0
7
3
5
10
11
2
8
5
1
0
2
1
4
1
2
5
16
5
4
3
5
1
3
15
8
