0
9
3
13
8
16
1
10
0
10
8
8
0
3
0
5
13
7
10
5
10
10
8
10
18
16
12
3
10
6
12
13
11
5
0
9
15
13
1
3
7
1
9
0
18
16
10
0
7
10
1
10
5
3
13
8
8
10
0
6
1
4
5
5
14
4
10
8
13
11
0
5
16
12
8
14
5
8
5
9
6
13
16
4
10
9
5
15
13
5
0
10
7
18
9
6
8
4
13
8
10
3
13
10
5
1
6
4
0
3
8
9
3
2
6
12
8
15
17
8
6
10
9
8
9
8
13
8
1
13
8
0
14
15
3
14
3
0
18
2
4
9
0
9
15
1
2
3
9
11
8
16
2
6
7
1
2
10
16
11
6
0
17
4
3
0
17
14
10
1
16
10
14
9
6
15
7
9
0
5
7
9
3
0
0
3
8
2
2
4
4
3
10
2
2
11
0
5
0
5
12
11
17
4
2
6
5
0
11
2
7
9
8
3
5
18
9
13
11
9
6
8
3
19
1
7
2
7
10
14
15
8
4
3
11
7
10
5
0
0
9
7
5
6
8
7
9
13
1
10
10
5
7
11
7
16
4
3
14
12
6
9
10
9
13
13
10
3
17
0
10
18
4
1
2
16
20
6
9
1
0
4
10
9
1
7
10
0
5
