4
11
4
11
12
4
0
0
4
5
3
0
0
6
5
11
3
12
2
4
9
10
5
7
6
4
4
9
19
0
7
7
6
16
6
2
4
6
13
9
4
1
8
0
5
4
10
0
6
13
8
3
0
11
8
3
3
5
11
6
0
6
5
0
7
0
14
6
1
8
1
0
7
8
8
0
4
0
6
4
6
0
11
3
8
3
8
0
9
6
1
5
0
5
8
8
7
6
9
3
16
12
6
4
8
8
3
14
5
2
8
6
5
13
2
0
8
3
6
3
11
0
6
1
7
3
0
0
3
4
4
5
2
5
7
7
2
7
2
2
3
11
4
2
0
4
0
1
4
5
3
0
7
9
3
7
1
2
5
0
3
0
9
3
7
6
2
13
0
12
2
8
7
7
8
7
20
6
9
10
8
3
7
12
11
4
1
4
12
4
8
5
5
5
1
14
10
4
11
5
4
6
7
14
6
0
3
10
12
14
6
13
10
7
8
2
8
11
8
9
0
10
5
8
8
9
4
5
4
6
0
2
7
15
12
15
16
8
12
0
12
14
7
6
10
0
5
9
3
9
6
1
5
6
3
8
7
1
5
2
8
7
13
5
1
6
11
8
10
1
10
6
2
9
0
5
0
5
3
12
4
11
8
5
14
5
6
1
4
