2
4
10
3
6
7
7
11
0
5
7
3
20
5
5
6
12
6
15
6
9
6
0
6
16
4
0
6
3
3
2
7
8
8
7
6
0
3
0
7
13
3
5
0
12
6
1
13
12
4
5
7
11
5
7
4
2
6
7
0
6
3
1
2
11
5
11
1
7
10
1
15
11
3
6
11
4
10
11
10
4
4
4
11
10
7
6
8
7
0
7
8
4
10
11
0
7
8
5
5
5
3
1
0
8
2
10
10
6
3
2
5
3
0
4
15
5
2
3
6
8
3
7
7
0
5
9
1
7
2
1
6
2
5
4
11
3
12
2
4
2
0
0
4
10
5
9
7
12
6
3
5
5
4
9
7
3
5
5
1
2
5
7
7
6
5
9
12
8
12
13
0
3
11
7
9
3
0
9
8
0
5
7
5
4
7
9
3
1
6
9
9
10
8
9
11
11
8
0
2
2
6
0
0
1
3
18
3
7
1
9
4
4
1
1
4
17
1
15
13
9
3
6
1
8
2
8
5
13
5
8
8
3
11
11
6
8
5
2
5
12
7
5
8
6
4
4
0
0
14
2
8
8
3
4
3
9
14
4
7
9
10
2
7
6
11
8
2
3
6
7
15
6
12
0
11
10
3
9
5
6
1
11
2
2
4
6
7
2
