3
5
5
3
1
5
9
13
12
6
10
8
3
10
9
11
2
2
5
7
6
0
9
13
4
12
10
10
4
10
3
10
11
8
12
5
10
11
1
13
4
9
9
4
3
6
8
6
2
13
11
20
18
6
0
5
4
13
7
16
2
8
6
4
0
6
9
7
1
2
8
0
7
10
3
6
6
10
3
0
1
2
9
6
3
14
8
4
11
8
0
6
2
5
5
11
6
2
11
7
2
4
10
0
12
7
1
14
3
1
1
11
18
4
5
7
4
11
12
7
1
1
5
15
8
4
5
10
3
7
9
2
7
9
4
10
2
9
0
16
0
4
12
4
4
5
12
6
5
8
1
3
9
7
6
10
9
17
2
5
10
6
0
2
10
14
8
13
4
4
6
15
11
6
5
6
9
8
3
1
4
6
6
8
9
6
12
6
13
7
11
18
5
1
7
0
0
7
7
1
2
0
7
8
16
7
8
1
14
5
5
10
2
9
7
0
8
8
2
10
1
3
1
7
7
11
3
14
0
11
0
4
5
2
12
8
10
10
8
5
0
8
0
6
4
4
10
7
7
7
0
13
9
2
11
3
7
4
13
7
10
12
0
6
5
0
4
7
4
9
7
2
2
11
5
3
3
4
5
2
4
6
8
4
10
10
8
0
6
