1
9
1
2
6
7
7
5
5
5
5
10
9
6
4
8
15
9
3
1
7
10
10
1
8
2
11
4
0
7
5
10
4
0
4
1
5
12
0
3
9
1
0
8
5
3
5
10
5
7
12
3
10
9
6
2
12
6
0
0
11
9
3
1
6
7
1
2
4
3
12
2
8
16
7
6
6
18
4
9
5
1
6
2
8
2
0
7
2
5
2
4
7
12
7
13
11
5
2
14
2
8
3
3
3
10
1
4
7
0
10
10
6
5
7
5
3
18
1
0
9
10
4
7
2
5
8
15
7
7
6
10
4
2
20
0
3
3
1
10
1
1
13
18
1
6
8
0
3
3
7
3
9
2
1
6
4
2
3
13
4
4
2
0
7
9
5
7
12
12
11
14
5
11
4
8
8
2
0
10
7
7
1
7
11
10
2
4
4
11
10
5
1
0
11
16
2
2
11
2
13
2
5
8
4
4
9
7
7
5
10
4
2
8
10
2
1
0
15
10
6
6
4
11
9
0
5
4
11
4
8
5
3
6
1
6
2
5
3
3
12
1
5
3
7
10
2
4
2
2
1
2
4
2
1
1
3
5
6
1
0
8
0
9
5
6
4
0
4
18
9
5
5
6
8
0
13
0
11
8
0
7
4
3
14
10
10
8
10
