4
0
5
2
7
11
2
4
4
2
3
0
8
12
11
5
4
9
6
5
6
5
4
11
11
8
4
13
0
6
1
4
9
3
2
0
7
4
1
7
3
11
10
2
0
2
11
1
2
6
11
2
3
3
6
6
8
0
5
5
8
3
5
13
13
1
3
2
4
0
0
8
4
3
6
2
4
10
3
0
1
7
4
12
0
1
3
9
10
5
2
4
14
13
0
6
0
6
4
13
2
0
0
8
3
0
1
0
2
11
4
8
7
10
8
12
6
1
8
3
1
0
3
8
3
4
14
13
7
3
1
5
2
6
3
0
4
12
1
14
6
3
12
4
4
2
8
6
4
0
7
9
13
0
7
10
8
3
4
3
12
1
2
16
9
5
1
2
5
10
6
4
6
9
5
5
5
7
12
8
3
5
3
5
4
6
11
8
7
3
5
0
4
4
14
2
0
8
5
7
4
8
5
11
4
10
2
1
9
8
5
6
7
4
0
8
11
8
0
6
0
4
12
9
8
9
8
6
7
6
4
1
0
10
0
8
7
8
7
10
10
8
4
5
5
15
0
16
4
10
1
1
4
2
9
3
3
0
2
5
1
2
2
4
7
3
0
8
4
4
14
9
3
17
11
6
0
11
4
1
6
3
0
1
7
7
12
20
7
