0
8
4
9
14
12
12
10
14
10
11
7
8
3
10
13
8
0
7
7
1
7
8
0
2
2
2
11
3
6
10
12
3
9
7
0
4
13
5
5
5
0
9
8
8
4
3
0
3
12
1
12
15
5
3
5
4
5
6
4
11
11
11
7
4
6
2
3
7
0
11
3
2
4
5
6
5
11
12
6
12
5
4
11
1
8
9
5
9
15
9
6
12
9
0
8
12
3
3
4
0
1
5
10
12
3
8
0
14
0
11
15
3
7
3
4
8
8
8
8
11
9
20
10
9
11
7
2
15
2
8
3
7
4
3
11
9
0
14
9
18
5
18
6
8
8
9
16
8
1
13
0
13
17
1
0
3
13
3
7
1
12
7
8
5
0
14
2
4
4
7
13
7
7
10
8
9
0
6
6
3
5
8
6
5
19
3
5
2
8
16
8
7
7
3
8
4
0
5
8
4
3
2
3
4
4
10
9
7
13
7
9
0
2
10
4
11
14
3
10
4
6
12
9
5
13
16
7
8
2
9
9
0
12
2
10
4
5
1
13
4
9
9
0
1
0
6
4
1
6
5
5
7
4
6
7
1
8
3
11
6
9
8
12
4
12
6
3
2
12
10
9
1
7
5
2
9
0
5
2
10
5
7
1
7
14
0
4
4
