6
3
9
4
7
4
2
2
11
0
4
2
0
6
5
1
3
4
1
5
4
5
4
8
1
8
2
14
1
8
13
3
0
12
3
11
3
4
2
3
9
2
1
2
0
7
4
0
0
1
2
1
6
3
2
8
1
3
5
5
6
9
4
7
11
8
2
11
3
5
5
6
13
11
9
0
2
9
14
3
1
0
7
7
9
11
4
18
13
5
2
14
7
2
11
4
0
4
8
11
2
3
4
3
8
3
8
3
7
8
2
1
8
1
8
0
12
4
0
15
0
2
7
5
0
5
8
2
15
2
4
2
10
7
4
10
9
3
5
0
7
5
10
11
14
11
20
4
4
8
11
7
7
4
9
4
12
15
1
9
10
6
4
15
15
4
1
8
7
0
3
2
2
0
1
1
5
5
3
13
1
4
10
12
7
6
3
5
7
6
7
5
4
8
9
5
2
4
9
1
0
2
15
5
7
0
7
3
7
10
13
1
5
16
3
0
4
9
7
0
10
5
13
1
0
9
7
0
3
2
3
6
5
13
6
6
1
8
6
6
4
7
12
11
8
6
3
5
4
5
0
6
7
3
12
0
10
2
4
15
2
3
9
7
9
10
8
8
5
6
9
7
7
16
9
10
6
4
11
1
11
2
10
6
8
11
0
3
2
