10
6
2
0
0
3
0
8
12
4
5
7
13
3
2
10
1
3
3
3
5
6
0
11
5
4
6
10
5
3
6
4
1
7
2
18
6
8
3
11
7
7
0
4
5
4
7
2
12
7
0
0
0
12
7
7
9
8
13
3
14
10
2
3
1
5
15
9
14
3
20
0
6
5
9
4
5
9
9
1
6
6
5
13
1
1
8
2
2
7
11
13
8
5
12
8
8
3
2
13
7
7
6
1
6
3
4
12
4
15
2
8
4
6
0
3
9
0
4
5
1
2
4
3
12
6
2
3
8
4
9
4
5
2
1
8
10
3
16
3
4
4
7
2
7
2
10
6
9
10
7
2
5
5
1
0
8
5
8
2
0
9
5
10
11
4
6
6
0
9
13
9
6
10
10
6
8
5
0
9
3
15
0
3
10
1
10
0
1
12
8
5
4
2
15
7
11
2
3
2
2
12
9
9
3
9
0
4
11
9
13
12
3
14
2
10
10
3
5
0
0
13
8
3
0
1
10
2
2
0
12
3
11
3
2
10
2
7
7
7
0
7
5
0
3
4
8
0
0
13
2
9
3
0
0
7
2
1
4
11
7
13
0
4
5
5
3
6
5
2
1
3
9
1
5
1
6
2
8
8
10
5
9
12
5
13
2
6
5
