2
7
0
9
0
9
3
2
4
0
7
2
6
0
7
6
1
5
3
7
6
1
1
0
10
0
9
3
5
0
6
3
5
0
7
2
9
0
3
2
4
3
6
9
6
4
6
1
9
5
8
11
11
9
1
5
15
1
20
5
8
11
10
8
10
3
10
2
2
4
4
4
9
0
4
12
3
10
6
2
0
5
8
8
14
13
10
1
2
3
14
0
0
7
0
4
7
10
2
8
0
8
8
9
4
2
4
5
7
10
6
0
6
0
4
3
5
8
0
9
5
7
7
0
3
3
3
3
10
8
6
8
3
0
9
12
8
11
4
3
6
3
10
0
6
11
5
3
0
4
3
4
4
6
3
6
11
4
9
4
2
4
0
10
5
4
1
8
6
7
2
6
2
4
5
7
2
3
3
8
4
8
9
7
5
3
8
1
8
10
10
8
4
14
1
4
6
9
3
6
7
6
9
0
4
1
2
11
6
1
0
0
6
7
7
15
6
5
3
1
1
9
11
7
2
3
4
6
4
11
1
5
1
3
4
8
4
8
8
3
5
3
9
0
2
1
0
12
10
1
2
0
5
8
5
3
7
10
4
5
4
2
0
0
4
1
0
5
5
13
0
0
2
4
7
7
0
5
6
5
5
3
6
10
8
10
4
3
6
