6
16
0
12
9
5
6
7
5
2
12
5
7
1
0
11
9
1
5
7
6
13
8
5
5
1
6
13
5
10
20
12
14
9
8
11
0
5
4
12
10
1
11
0
3
4
7
8
5
7
12
0
1
7
15
9
15
6
0
1
5
16
0
5
6
7
12
7
5
8
0
14
9
3
4
9
12
4
11
12
11
7
8
7
1
2
7
1
9
6
7
4
8
5
17
16
5
12
5
5
1
10
4
7
6
10
6
15
6
12
19
10
12
7
6
17
14
9
3
5
4
7
0
7
0
0
0
12
0
6
8
15
0
2
3
13
6
12
8
14
6
5
7
7
3
4
5
6
14
2
10
4
4
2
14
2
9
1
0
7
8
4
7
15
11
2
2
12
2
6
5
10
1
6
12
4
13
7
8
10
9
3
6
6
4
8
6
2
10
11
13
12
5
10
16
5
8
6
12
0
6
9
8
3
6
8
3
15
4
10
4
3
0
2
7
11
0
7
4
3
16
6
8
6
14
3
17
0
6
7
1
2
3
12
7
7
4
2
5
16
5
3
6
2
6
10
11
3
13
5
12
3
6
17
5
17
5
10
6
13
7
5
12
1
0
4
12
0
9
4
13
4
7
0
6
0
11
0
9
7
4
14
7
8
15
6
1
6
10
