2
6
3
0
0
5
7
8
9
5
7
4
0
4
8
11
18
12
5
12
10
8
3
3
10
9
2
5
9
0
4
6
8
5
4
6
10
5
9
1
15
7
7
2
7
18
5
3
8
5
13
6
8
8
4
8
13
6
3
8
0
4
9
13
6
5
10
4
5
7
2
4
10
6
3
15
8
0
4
3
7
2
4
14
9
13
4
0
4
0
2
7
8
6
5
2
5
5
4
16
11
0
2
3
6
5
6
13
8
14
14
2
11
4
8
9
7
12
5
1
2
4
10
3
3
2
6
7
7
7
19
8
5
10
7
0
6
9
0
3
3
8
13
12
7
7
15
3
4
3
3
8
6
10
4
9
7
4
16
2
1
15
1
6
9
1
6
5
3
0
6
6
3
13
2
0
7
9
4
2
10
2
0
3
8
11
2
5
4
7
1
6
7
5
7
1
3
7
11
10
7
7
1
11
14
5
0
3
7
7
10
0
7
6
7
3
11
6
5
8
9
0
9
2
9
13
10
2
8
2
14
13
15
4
5
10
12
6
3
9
1
15
10
3
1
7
0
12
10
6
6
9
2
8
9
0
7
8
5
13
6
7
7
10
6
20
2
6
14
7
4
3
6
6
0
13
9
7
4
2
10
6
3
13
3
12
8
2
7
