9
6
5
12
1
6
6
2
4
11
10
6
2
6
0
4
10
8
1
6
4
0
8
4
1
6
3
5
3
0
5
14
9
2
7
5
8
11
2
6
7
10
11
13
9
0
0
7
7
11
0
1
9
6
3
6
0
0
6
11
3
1
8
1
13
2
5
5
0
7
7
2
7
4
0
5
8
9
7
0
6
8
7
10
6
5
8
13
9
3
7
6
4
12
0
7
6
0
10
4
8
5
6
8
0
9
8
14
1
6
1
3
2
11
0
2
4
14
8
3
3
7
2
2
1
0
2
4
5
5
7
0
0
9
8
10
6
3
2
5
5
2
9
4
5
8
7
6
8
5
0
6
2
9
0
2
5
6
16
5
12
2
1
0
9
6
0
5
4
0
7
4
2
9
6
8
6
5
15
6
6
9
0
9
9
3
13
10
6
0
17
20
9
4
6
0
12
11
5
2
0
9
8
12
1
12
6
8
6
0
3
6
9
4
6
6
9
15
9
10
5
5
9
8
6
8
4
2
1
3
1
1
5
3
8
2
4
2
2
0
5
5
2
3
0
6
9
2
7
4
3
14
8
15
11
4
10
4
6
11
4
3
4
1
1
8
5
3
10
8
10
10
2
10
11
3
11
10
2
2
10
12
11
5
5
1
3
5
3
