0
8
9
2
1
11
2
3
7
7
4
6
2
6
5
7
12
7
1
6
1
11
9
10
6
9
6
0
0
1
6
2
5
5
3
5
9
12
4
16
5
7
1
0
1
3
0
11
5
2
7
9
16
8
16
0
1
6
0
7
7
2
2
10
9
11
7
10
0
10
4
10
3
4
0
7
0
12
7
20
2
14
6
1
10
9
4
12
8
3
3
3
5
7
2
10
5
4
4
9
5
4
5
8
0
12
2
2
4
2
11
3
3
6
8
7
2
5
2
3
11
5
2
3
1
9
0
2
1
6
2
9
9
8
1
13
2
5
2
0
7
0
2
2
8
10
7
8
5
8
5
1
6
10
5
6
7
6
9
12
0
9
6
3
13
10
3
9
6
13
0
8
5
11
9
14
8
5
8
15
2
5
8
1
5
7
4
6
1
6
1
4
9
10
8
9
4
10
6
2
8
7
8
8
15
6
5
1
4
8
12
8
1
2
3
5
8
7
0
4
10
11
1
2
9
2
0
8
9
6
2
9
9
3
5
6
2
6
7
7
6
4
7
0
5
0
0
19
9
16
6
3
3
13
0
5
2
7
1
0
4
4
3
2
2
2
6
4
3
11
8
4
3
4
3
3
4
5
2
0
2
2
4
15
7
6
12
3
1
