4
4
0
5
13
0
0
6
8
12
7
11
4
13
5
8
5
5
1
12
6
8
5
4
7
4
7
5
2
3
5
8
3
6
5
5
1
0
0
8
2
8
13
4
12
6
8
13
6
0
7
3
14
7
11
1
0
3
7
4
6
8
9
0
5
6
2
2
0
8
8
5
1
8
9
2
7
6
14
7
7
7
4
3
15
5
9
8
7
5
7
5
5
7
4
5
10
7
3
2
9
5
3
5
13
19
6
3
9
6
4
11
5
3
8
0
5
6
4
6
2
13
12
5
4
1
9
8
1
7
2
14
9
6
2
6
6
10
15
7
9
1
4
11
8
3
10
20
4
9
6
3
14
14
15
2
6
4
2
9
13
4
1
2
5
5
5
11
12
9
5
10
1
8
18
12
4
1
12
8
10
0
3
3
5
0
4
11
6
0
1
0
1
4
10
5
3
15
8
8
4
3
7
13
0
1
0
7
1
6
6
6
4
5
7
3
13
2
1
4
6
4
5
3
8
0
6
9
9
10
3
14
8
0
7
13
5
3
14
1
0
11
6
3
3
4
9
8
3
9
0
4
15
13
3
3
3
0
0
11
10
1
6
0
0
2
2
7
7
5
4
12
5
4
5
9
1
6
0
12
4
4
9
2
2
4
4
7
4
