4
0
0
8
5
0
3
3
11
5
9
3
14
8
10
11
6
6
10
11
0
6
12
9
5
6
8
0
0
8
9
1
8
2
7
9
8
0
2
2
5
6
3
8
0
6
0
13
6
4
2
12
3
7
3
0
7
4
2
4
8
4
7
14
9
11
6
2
1
13
2
5
5
11
2
2
10
11
2
5
7
3
3
0
7
4
0
3
3
0
3
2
6
2
2
3
2
6
2
5
8
0
0
1
4
3
3
2
3
1
11
2
0
8
2
4
4
1
3
9
5
4
0
0
3
7
3
2
2
2
5
11
3
6
8
10
2
4
4
2
5
3
6
3
7
7
6
2
5
16
8
13
1
3
4
1
2
7
7
2
8
9
9
4
5
5
13
8
7
6
0
2
9
11
10
3
4
3
5
10
6
4
3
11
7
5
0
9
18
6
4
3
6
5
1
6
5
0
4
8
4
2
9
7
11
15
1
5
11
2
4
12
5
4
6
8
2
12
0
1
8
0
5
3
2
7
3
1
7
7
8
4
5
5
9
1
7
5
3
1
7
3
20
4
8
6
10
5
5
7
0
2
4
2
5
4
7
10
5
11
2
7
8
9
5
2
2
3
8
7
8
2
4
2
13
6
8
11
9
3
3
10
13
5
2
10
1
8
5
