11
4
5
6
6
8
13
3
12
11
3
13
4
9
11
1
9
20
7
10
4
8
2
12
1
5
7
10
7
5
7
1
10
11
13
7
8
10
10
7
5
8
6
1
3
4
4
10
8
6
7
7
6
3
5
6
8
1
0
7
2
6
10
8
1
5
8
4
11
9
3
6
3
6
7
7
10
11
2
5
6
11
0
11
6
8
2
2
8
10
9
6
8
8
4
6
5
14
4
7
6
4
6
8
12
5
10
2
5
6
3
4
0
4
1
0
4
16
3
3
11
3
10
7
7
2
6
6
0
5
7
5
4
0
11
1
3
7
2
3
3
0
15
7
1
4
14
10
0
3
7
15
10
4
2
4
10
13
8
2
9
9
4
5
1
2
4
5
11
6
14
2
9
1
2
2
2
9
2
0
12
5
1
7
6
3
9
10
7
2
7
3
2
6
4
13
13
9
9
3
3
9
5
1
8
0
4
11
5
4
0
8
5
3
9
10
11
7
5
11
10
11
0
2
16
4
6
10
8
4
11
6
8
8
1
10
0
5
5
5
4
10
6
7
11
0
9
14
8
2
5
9
3
0
1
2
7
5
2
0
6
9
10
6
3
16
0
4
8
2
1
2
2
8
2
7
4
5
1
14
8
5
7
12
7
12
4
5
2
