0
0
6
3
0
8
5
3
9
9
4
0
10
4
8
10
13
6
11
5
2
0
10
4
8
20
1
5
5
6
4
14
8
9
9
3
1
2
5
6
7
13
0
7
4
13
12
2
7
4
1
12
7
9
2
4
3
2
0
12
4
7
0
10
10
11
0
10
3
3
4
0
5
5
13
8
4
7
14
11
10
12
8
5
7
5
5
0
9
3
14
7
12
10
4
6
10
8
5
2
5
3
0
11
8
1
3
5
1
13
1
13
0
10
2
10
8
13
10
10
8
17
8
4
5
12
8
2
5
5
2
12
8
9
2
0
3
12
5
9
4
1
0
3
4
2
8
4
2
0
1
9
3
9
5
0
0
6
10
2
4
5
4
7
0
7
6
2
4
9
8
0
3
6
5
6
6
3
2
7
3
1
3
7
6
15
7
6
4
10
5
2
3
9
8
7
5
10
15
0
14
4
6
13
13
2
8
3
5
4
2
0
8
0
1
11
10
0
5
7
3
4
9
4
6
0
8
6
11
6
8
7
8
5
7
4
5
7
6
0
4
14
3
15
8
7
1
7
4
0
10
12
14
3
8
10
6
5
3
12
0
4
4
8
2
4
6
1
10
14
8
9
5
2
0
3
6
6
5
17
11
7
10
8
3
15
7
7
0
