9
1
14
6
4
5
9
7
4
7
14
3
1
4
6
7
10
2
6
5
1
6
18
0
0
1
7
6
9
0
3
4
6
8
3
8
9
4
2
11
6
10
0
12
3
5
2
6
3
0
8
2
1
4
1
9
3
5
7
1
0
3
7
4
10
0
6
1
9
1
4
5
8
3
5
0
6
0
11
4
4
13
3
9
5
6
0
8
2
10
1
4
0
9
3
7
2
0
6
4
15
0
13
11
0
8
14
7
0
5
3
5
0
2
7
7
14
10
3
3
6
9
4
3
4
5
2
13
1
11
1
13
3
4
6
0
0
8
6
4
7
5
6
8
9
2
8
7
4
8
7
1
5
5
3
3
0
6
6
8
7
6
7
2
7
8
3
1
15
11
0
3
4
4
5
5
2
6
1
10
11
6
13
4
10
16
0
5
3
2
5
2
2
3
6
11
8
5
4
0
2
3
7
5
2
1
6
4
6
8
2
3
2
4
4
10
6
10
7
8
10
10
7
4
8
10
2
5
2
3
12
0
8
8
10
7
8
6
3
0
5
1
7
5
4
11
5
9
9
10
8
8
1
6
7
6
11
7
8
6
9
14
9
6
5
12
9
8
7
12
3
0
14
1
4
4
1
9
13
4
8
6
6
4
11
12
0
20
3
