15
4
2
7
6
10
12
11
5
5
7
9
3
1
8
5
11
10
8
5
9
10
10
7
3
3
15
12
18
0
10
13
2
11
14
4
4
14
10
0
12
7
9
4
8
4
7
9
1
6
18
13
3
12
13
10
7
5
10
12
9
8
12
13
7
2
15
8
3
14
0
2
8
6
0
4
8
11
0
3
6
13
8
4
1
1
0
13
3
1
6
8
3
1
5
7
7
11
7
8
5
6
7
14
5
12
2
5
4
13
8
11
2
11
14
9
10
14
12
6
2
8
11
5
8
7
5
0
14
10
8
5
1
14
6
3
14
8
0
7
13
11
3
11
4
5
5
5
11
9
0
4
1
3
6
16
0
4
11
10
8
0
10
3
4
9
2
0
5
13
11
1
7
7
3
8
4
8
1
10
4
17
2
2
11
8
2
3
8
9
4
2
3
4
6
7
1
3
0
10
2
4
10
2
9
7
2
2
4
5
3
3
1
11
5
5
7
8
3
3
4
6
15
2
1
6
10
4
10
10
5
6
11
1
2
14
7
3
3
10
6
8
11
11
0
8
10
2
13
14
1
11
5
17
11
9
7
13
12
7
5
5
20
14
11
15
6
0
15
13
11
8
4
0
2
6
9
9
16
13
17
13
6
14
2
19
3
18
7
