0
3
2
3
8
5
0
9
6
1
4
4
9
0
7
5
0
4
3
6
2
5
14
6
4
8
8
2
14
7
8
7
3
7
9
5
3
9
4
3
7
15
11
3
0
3
1
1
6
10
5
7
3
1
5
5
7
3
5
11
3
4
3
8
2
2
5
5
10
1
14
7
0
4
10
0
1
10
3
6
2
7
1
5
2
3
2
6
6
8
7
2
2
1
5
0
2
0
11
4
20
6
7
5
5
7
4
6
4
6
3
5
9
9
3
5
4
12
8
5
0
5
8
5
7
1
2
13
10
1
5
5
5
2
2
4
8
6
0
2
4
2
5
1
6
4
4
0
3
8
1
2
8
7
6
5
0
5
4
1
9
6
2
7
7
0
2
5
11
3
6
4
4
4
1
1
7
7
8
2
3
2
7
10
8
2
5
0
4
10
4
0
11
3
4
5
2
2
4
2
6
4
5
3
6
3
0
7
11
11
2
15
2
0
0
4
3
6
1
2
1
6
5
11
10
3
2
5
3
1
7
0
1
3
2
9
9
1
9
3
4
6
4
2
6
8
6
1
0
2
6
2
2
9
0
8
3
5
2
0
9
10
2
4
7
4
2
3
3
8
5
3
4
5
0
4
2
1
2
6
12
0
4
8
11
4
3
13
0
