15
0
3
9
13
1
8
6
4
9
15
11
3
2
12
10
10
4
4
6
0
5
1
8
4
11
1
5
10
4
4
8
6
7
3
10
6
7
11
4
8
11
1
7
4
10
0
14
5
0
6
3
10
4
6
14
7
0
3
3
8
1
9
1
8
11
6
7
3
3
8
3
8
4
14
0
4
15
3
13
12
8
6
3
13
3
7
5
0
0
12
5
5
0
11
13
2
4
14
6
9
13
10
15
6
16
8
1
7
4
14
11
9
3
0
20
12
1
5
0
14
0
8
1
3
13
5
3
1
5
3
7
13
10
5
7
0
13
0
12
0
2
3
5
3
7
10
11
6
4
5
11
2
12
6
5
9
8
10
12
2
7
3
2
4
13
11
8
5
11
2
8
14
6
2
1
17
9
4
6
13
7
10
8
13
4
9
10
6
5
10
16
1
14
11
7
9
0
2
4
0
6
4
0
4
7
10
5
5
6
0
0
1
0
10
7
1
5
4
4
0
8
3
9
11
17
7
5
6
10
3
3
5
9
1
5
4
8
8
17
13
8
9
9
1
1
0
3
18
5
6
15
11
2
0
18
8
11
9
9
8
15
0
7
6
7
3
7
11
11
2
7
10
0
11
3
5
4
6
2
7
1
1
10
2
6
2
8
5
