3
5
12
5
6
3
11
2
11
7
10
14
0
0
6
6
2
10
7
8
5
10
0
20
0
2
6
4
10
4
8
5
4
2
3
9
7
10
7
8
1
7
0
5
3
3
1
3
2
11
11
7
9
2
0
13
5
9
7
4
0
1
4
6
5
9
0
13
10
9
0
0
10
7
9
11
4
7
4
1
5
7
11
6
7
10
5
7
5
15
0
6
13
3
8
1
1
5
9
5
8
12
9
10
2
17
7
5
10
7
5
0
7
4
1
8
8
8
7
8
7
5
10
9
13
4
9
10
9
7
2
9
4
2
3
2
3
4
16
8
9
13
5
3
4
0
6
3
1
3
2
8
4
16
10
5
8
8
13
5
0
1
11
11
3
6
2
7
3
12
10
15
9
1
9
5
0
6
8
0
3
9
1
4
7
6
9
6
6
0
14
6
0
0
6
4
6
0
3
13
11
9
7
4
7
4
1
0
9
16
8
5
13
7
6
16
9
17
3
3
8
15
6
0
9
1
7
13
1
5
13
12
11
5
14
2
10
13
10
0
0
6
17
7
13
11
8
4
5
4
14
14
4
10
5
12
10
3
8
7
13
9
13
13
6
11
8
5
10
6
5
7
2
0
5
5
2
5
4
4
4
10
9
1
9
9
8
0
8
