7
3
7
14
2
0
0
1
7
17
7
9
3
13
9
8
2
7
11
7
8
1
8
12
5
1
0
3
6
6
4
1
2
12
4
9
9
5
12
11
3
9
10
4
9
10
10
2
4
12
7
8
1
4
18
8
5
10
6
0
15
1
0
7
9
4
9
9
0
9
13
11
10
9
4
4
0
16
7
0
12
7
3
12
11
1
4
4
9
3
4
9
0
0
5
8
4
0
20
5
0
2
6
3
11
15
5
5
0
6
8
14
9
4
6
3
14
11
3
4
6
8
0
6
2
11
7
4
19
16
5
6
11
12
1
16
3
1
13
11
2
6
4
11
5
15
0
8
13
12
3
17
17
3
10
9
5
5
0
10
0
11
5
3
7
9
3
4
15
8
8
2
8
2
4
4
5
2
3
7
10
0
10
6
5
3
12
1
10
3
7
3
11
2
6
5
5
7
12
2
1
4
12
6
12
1
4
19
8
4
4
2
3
2
8
15
12
1
10
2
6
5
14
10
8
4
0
7
3
0
11
8
4
2
13
12
10
5
11
2
7
11
0
9
3
9
2
5
11
11
6
8
19
8
2
3
2
6
10
1
6
12
8
14
2
5
9
9
2
1
7
6
0
9
5
8
9
5
0
0
4
4
0
1
11
12
2
4
9
