2
10
3
0
10
7
8
3
4
8
11
2
8
6
4
6
0
4
6
5
0
8
12
3
6
8
7
4
12
8
5
1
0
7
8
3
8
4
13
6
5
8
8
6
6
3
9
4
3
4
0
7
6
7
10
1
0
8
20
14
8
4
4
4
8
8
9
10
2
2
14
3
5
7
2
6
5
3
8
10
4
9
13
0
7
0
4
4
1
0
2
11
8
8
5
3
5
7
0
5
6
5
0
12
8
5
0
2
3
0
5
15
4
3
5
0
8
1
11
4
12
5
6
2
6
7
6
0
5
5
0
6
2
8
3
10
9
1
9
5
10
12
6
11
10
4
10
9
6
0
12
3
9
0
4
6
1
7
0
5
9
8
14
14
11
6
2
11
4
1
7
9
0
4
7
9
1
4
3
8
5
10
3
7
9
0
8
0
4
10
6
6
11
3
10
4
2
0
9
15
3
8
3
8
7
3
7
6
5
16
14
8
7
0
5
11
4
2
7
9
0
0
4
4
8
8
4
7
2
0
8
3
3
6
6
3
4
16
2
0
1
2
0
13
3
1
4
5
4
3
3
3
0
6
12
6
10
12
5
0
4
5
4
5
13
10
5
10
4
13
3
1
13
8
10
4
2
9
1
9
7
7
4
11
6
5
14
7
3
