1
1
12
10
1
1
7
4
0
10
10
5
8
4
1
3
5
5
14
4
5
7
4
4
8
10
12
0
10
17
13
0
2
0
6
3
6
10
4
0
4
6
7
10
9
6
0
8
7
14
6
14
1
5
3
9
4
1
7
3
6
15
0
14
7
12
3
9
11
4
0
6
9
5
6
2
0
9
5
11
17
9
3
12
6
0
8
5
12
9
10
4
9
8
11
5
0
8
0
3
6
4
0
8
12
6
8
11
3
1
12
0
0
5
1
0
7
2
0
0
3
4
11
9
5
3
4
8
2
5
3
2
4
3
2
3
3
7
6
0
3
4
2
4
0
6
11
1
8
6
5
1
10
0
9
11
3
9
2
0
6
2
8
0
2
0
9
5
9
8
10
4
7
1
7
6
2
4
9
1
8
5
8
4
5
12
2
6
5
7
6
2
0
8
3
2
2
4
4
4
10
6
9
12
14
4
20
14
8
0
5
11
5
5
0
6
10
8
1
7
14
4
2
3
5
1
7
5
0
3
6
0
14
0
9
12
2
14
13
1
4
7
12
11
5
5
7
2
6
7
0
8
0
6
1
5
10
4
7
8
12
2
13
15
12
1
4
6
7
4
7
9
0
4
9
2
7
0
9
6
0
12
3
6
1
2
3
0
10
