11
8
8
13
11
3
2
11
0
4
19
8
1
5
10
1
3
13
9
20
2
3
17
8
2
7
4
8
3
5
2
4
3
0
2
8
7
4
1
2
14
0
8
4
8
6
0
0
7
8
3
11
1
8
7
7
3
7
2
7
4
1
17
11
10
3
1
9
1
7
4
3
12
3
1
0
7
9
11
0
0
4
2
12
6
13
9
2
4
1
12
10
13
3
6
8
6
3
11
5
2
9
10
10
5
2
3
9
0
11
10
7
11
6
7
5
9
0
0
0
2
10
0
5
4
5
16
4
8
0
3
7
14
2
4
3
3
9
2
13
11
1
5
5
4
9
8
5
5
0
3
3
2
6
2
6
4
7
8
6
5
2
12
3
11
8
12
5
0
2
9
8
2
7
11
10
7
8
7
16
3
3
13
9
4
0
4
12
6
11
11
5
3
5
2
4
7
6
2
5
7
9
9
8
2
7
4
13
13
4
8
1
7
6
5
7
12
7
14
2
6
13
3
5
14
9
5
8
10
1
7
0
8
10
14
5
8
0
4
10
8
13
9
1
10
12
6
6
1
3
6
8
8
12
10
1
1
10
6
11
6
9
2
15
6
2
8
4
6
9
5
5
8
6
5
0
0
10
5
0
4
5
5
7
1
13
0
10
0
