8
4
3
6
14
9
0
4
8
9
0
6
9
2
1
3
10
6
3
9
6
7
6
0
3
4
13
4
12
11
1
7
9
9
5
7
5
6
5
6
6
10
4
4
5
11
0
9
6
3
6
14
6
5
10
2
0
3
20
4
2
1
9
7
1
0
2
4
4
5
5
6
5
7
4
7
1
6
3
2
4
8
10
10
3
4
5
10
6
4
4
2
5
4
5
2
14
1
0
9
4
8
7
9
0
0
8
9
7
5
1
1
11
9
4
7
3
6
11
0
2
3
9
8
8
9
2
5
6
4
6
9
8
8
1
1
5
5
10
5
7
3
5
0
7
15
7
5
1
6
10
3
0
2
9
0
2
2
0
7
3
2
5
13
0
5
14
0
0
1
6
3
3
2
2
5
5
0
2
5
13
4
6
0
0
0
5
7
4
2
0
9
6
4
8
9
6
2
0
5
7
6
6
12
5
8
5
5
10
6
1
9
5
7
5
5
0
8
5
5
0
11
1
4
5
2
0
9
2
6
6
0
9
15
3
0
7
7
5
2
4
7
6
6
0
8
5
0
2
2
8
8
5
7
0
5
0
7
8
1
9
6
8
1
2
11
11
3
10
5
5
13
11
10
5
5
3
2
9
11
6
3
1
0
6
4
11
0
1
