16
12
5
2
14
8
8
3
1
11
6
7
5
8
7
2
0
3
10
10
8
7
7
5
0
0
16
12
16
7
9
5
5
12
9
6
7
5
8
4
3
14
13
6
5
1
16
6
11
12
10
8
1
3
3
3
9
0
4
0
7
1
4
12
14
20
8
16
6
15
11
8
7
9
12
12
18
11
9
11
6
8
10
5
16
9
16
9
10
8
6
2
0
7
9
6
1
8
14
10
8
7
8
7
5
2
7
7
0
16
0
3
6
12
10
14
10
9
12
3
3
18
2
12
10
6
13
8
19
14
1
8
6
3
0
9
1
17
12
9
2
11
0
10
14
8
1
9
6
11
1
1
12
18
3
11
3
10
10
5
4
6
2
7
4
2
2
6
10
0
0
19
12
2
5
7
10
4
15
0
10
6
6
5
14
9
11
2
4
14
4
11
5
9
12
0
2
10
8
14
4
9
16
11
16
7
0
0
10
2
8
4
8
0
13
2
15
13
14
12
5
7
15
3
12
14
2
6
4
0
4
12
16
12
10
3
5
10
5
14
12
11
2
10
3
6
17
16
6
3
0
10
4
6
12
0
8
8
8
18
12
3
0
13
4
5
9
6
12
15
12
10
12
8
10
3
8
2
7
4
11
7
5
11
5
2
9
2
9
