12
0
0
1
6
5
11
7
0
5
7
6
2
2
5
11
10
3
0
6
11
7
5
2
3
5
6
1
4
7
1
6
5
2
5
6
8
2
9
2
9
7
0
3
6
6
3
8
6
0
2
7
8
7
2
1
0
8
10
0
4
4
3
5
3
8
5
3
9
0
0
0
4
0
7
2
20
0
4
0
2
0
6
8
8
5
2
4
4
3
6
3
1
6
2
3
4
1
7
6
0
4
8
1
5
3
7
3
3
2
14
1
13
1
6
6
0
4
5
7
0
9
11
11
12
9
7
3
15
5
4
0
5
4
2
2
0
0
3
0
1
8
5
3
0
8
3
3
13
0
0
5
9
2
7
5
6
3
5
0
8
2
6
2
11
6
3
4
2
10
6
0
5
3
1
1
2
2
6
7
8
6
2
1
7
5
6
3
8
6
15
5
9
4
13
6
7
5
11
7
9
4
5
7
7
5
1
6
7
10
6
0
3
7
9
1
6
8
5
7
3
3
4
6
6
7
12
6
0
4
7
11
9
6
9
8
0
5
6
3
7
8
12
10
11
1
4
5
5
10
0
3
3
5
0
1
2
5
6
7
3
8
10
3
5
10
10
7
5
3
1
4
1
14
8
6
5
2
5
1
8
7
8
6
0
6
11
11
6
