3
10
1
8
4
2
5
0
5
7
6
13
0
0
7
12
3
4
4
13
0
1
4
1
10
5
2
3
5
4
3
8
18
0
11
5
7
3
9
5
2
3
7
8
0
0
2
4
7
7
10
6
14
5
11
2
12
11
0
14
1
2
4
0
5
4
6
3
2
7
4
14
6
5
5
3
2
4
4
8
6
1
9
2
3
7
12
4
3
10
3
2
3
2
2
2
2
0
8
7
2
12
1
9
5
5
12
8
1
1
9
1
8
5
0
0
8
6
1
9
9
4
8
3
0
12
0
6
0
4
12
0
1
0
15
9
8
0
10
7
6
9
8
0
7
3
11
7
3
3
3
3
4
15
10
4
9
3
4
9
2
8
2
0
6
11
5
8
2
14
4
5
4
2
6
2
4
9
4
0
3
11
20
3
13
2
9
6
4
6
4
1
8
1
2
9
5
0
9
11
1
6
8
7
2
2
1
4
8
15
8
14
2
4
10
1
12
0
11
2
7
5
14
8
6
6
7
4
6
7
0
8
7
0
4
3
10
9
0
2
2
7
0
8
4
10
1
8
11
9
3
2
9
1
4
11
6
7
5
10
0
11
2
6
7
1
6
0
5
1
5
13
12
2
5
3
3
6
0
1
5
2
4
5
2
5
10
4
0
