6
2
6
2
5
8
6
8
1
11
5
8
13
7
8
8
13
3
13
1
11
10
9
5
10
4
14
3
8
5
7
11
2
3
6
3
7
4
8
7
12
10
10
12
0
5
7
2
8
3
2
6
1
6
3
15
4
5
3
7
2
0
9
0
1
8
8
8
5
4
6
9
3
5
4
11
4
6
4
7
6
2
5
1
10
6
2
7
9
7
3
19
7
1
4
5
8
6
0
8
8
12
8
1
10
12
9
15
4
9
5
11
7
9
6
2
6
1
4
9
7
3
3
11
5
2
6
9
3
7
4
3
13
4
11
6
11
0
1
7
2
7
7
8
3
3
15
7
8
2
14
11
9
0
9
0
19
9
2
7
3
9
7
20
3
5
2
10
0
4
3
3
8
6
0
0
0
5
11
1
7
2
11
4
6
0
4
12
1
5
4
7
12
0
9
13
2
3
3
13
3
6
8
6
12
4
1
1
7
5
1
7
4
12
7
7
6
7
6
2
5
10
2
3
10
5
8
0
0
4
10
10
3
4
6
1
1
6
2
4
5
13
6
11
2
4
4
2
5
10
6
10
13
0
4
9
2
1
7
15
7
7
1
3
4
11
0
0
8
11
5
4
1
4
5
11
10
5
4
5
8
4
7
12
7
7
10
12
6
