13
7
3
3
7
4
0
0
5
3
3
8
8
1
9
12
2
13
0
3
5
6
3
4
0
10
5
4
11
4
2
3
4
6
1
6
4
11
5
7
7
5
2
3
0
2
0
9
6
3
0
3
8
6
7
3
4
2
9
0
7
3
4
11
5
13
2
8
4
3
0
3
10
0
0
0
4
2
7
4
4
15
0
3
9
5
0
6
0
4
3
1
3
3
4
7
3
5
1
14
1
5
0
8
0
2
3
7
3
1
11
5
10
1
2
0
7
5
8
4
6
4
3
7
8
0
3
8
2
11
6
2
12
8
0
8
10
4
6
9
10
3
4
0
0
11
10
5
6
11
6
3
9
2
10
3
2
9
4
8
4
9
0
0
4
3
9
11
4
7
10
13
3
3
6
4
5
9
6
6
9
13
8
5
3
0
6
5
11
5
0
14
8
3
11
12
1
3
6
3
20
8
5
13
3
11
11
8
8
12
11
6
6
2
3
10
8
3
1
7
6
7
0
8
8
11
7
2
4
5
0
12
4
0
2
3
8
7
1
4
2
1
9
7
6
10
10
4
4
8
1
0
10
6
5
3
4
7
2
4
10
5
9
8
5
0
5
5
2
6
10
2
4
9
6
0
8
2
0
3
10
7
6
5
7
1
3
3
8
