7
8
7
7
10
5
4
8
5
7
6
9
10
10
14
11
15
14
14
9
7
4
2
11
8
10
7
15
2
12
0
4
8
2
4
4
6
13
6
3
3
2
5
0
3
3
12
9
0
5
0
4
7
0
15
3
8
9
11
10
2
7
11
0
3
3
13
3
16
8
8
1
4
9
9
11
14
0
2
8
15
8
4
10
5
4
11
16
7
8
11
1
6
20
6
10
8
4
11
17
5
11
8
6
5
16
0
1
4
5
13
7
18
1
6
10
14
7
0
18
5
7
8
3
6
9
3
0
8
0
5
1
8
2
9
10
7
3
5
6
5
4
8
8
15
8
6
6
1
0
2
8
4
0
4
5
10
11
4
8
4
7
3
5
10
1
4
0
0
10
4
5
0
6
0
13
8
4
17
9
8
9
6
15
0
0
5
6
9
0
1
5
8
4
13
9
0
10
16
7
1
9
11
9
5
3
0
5
3
2
7
8
5
4
5
9
4
4
6
13
10
0
12
12
7
3
13
1
7
7
0
7
0
4
14
3
13
3
7
15
3
12
6
14
1
7
4
10
13
6
9
6
19
13
2
3
2
0
2
2
9
5
7
1
7
10
0
10
8
4
0
5
8
5
6
8
9
0
17
14
7
6
7
9
7
3
8
2
7
