9
8
1
0
8
10
10
4
3
0
6
5
9
9
8
2
2
5
12
4
3
4
0
9
3
8
2
2
14
1
12
2
4
2
16
0
2
6
5
18
1
3
12
4
13
3
12
0
2
1
13
2
14
1
4
5
5
3
8
8
4
3
6
7
2
4
10
2
7
3
8
14
3
11
3
5
4
8
1
7
4
6
0
11
7
7
4
9
1
1
6
7
5
9
1
14
4
9
6
5
5
19
9
6
11
7
3
4
12
9
6
5
2
11
8
0
6
0
11
4
2
5
3
1
1
4
1
4
7
1
4
1
11
13
7
13
2
2
6
1
0
10
6
3
6
3
10
5
5
0
4
3
5
12
17
11
6
8
2
1
7
0
2
20
3
5
10
4
12
12
3
6
5
3
8
1
4
1
10
6
6
1
6
5
7
8
6
6
6
14
9
0
0
3
7
5
6
8
3
4
6
0
3
3
2
13
9
9
1
4
5
6
10
2
5
5
10
2
11
5
14
2
6
7
4
5
0
11
15
0
7
8
8
5
5
0
11
4
6
1
9
7
13
7
7
3
10
7
2
7
17
10
13
10
1
3
4
8
5
1
5
12
8
8
9
3
0
2
0
4
3
5
1
5
6
5
10
5
5
9
7
6
9
5
4
8
12
13
1
