40
34
35
36
28
26
33
38
31
27
45
38
20
50
31
22
41
46
31
36
24
39
24
23
24
30
36
27
34
37
45
26
20
35
31
43
56
25
36
40
20
24
21
49
29
58
43
36
30
41
48
44
32
33
24
29
42
54
30
34
20
41
29
31
20
33
31
60
25
38
46
36
25
26
32
27
51
25
22
24
26
20
31
22
37
26
43
31
26
26
26
23
34
26
29
47
31
36
35
29
25
25
37
23
20
22
23
36
26
40
33
29
27
39
33
32
36
29
34
26
22
20
26
45
49
41
34
46
38
36
23
23
35
49
21
28
42
41
31
45
23
27
23
47
45
32
28
48
33
21
46
29
31
33
29
32
47
27
37
43
40
20
28
43
37
38
34
38
48
29
36
26
34
33
35
36
41
38
29
41
20
28
41
36
45
23
31
39
39
32
30
27
29
45
30
45
36
27
29
45
28
28
53
27
26
27
31
27
23
35
26
34
25
31
24
37
27
37
30
34
21
32
32
22
51
37
40
31
44
29
29
34
55
21
20
37
41
31
27
37
22
52
37
35
38
29
20
27
30
40
21
51
21
35
34
27
21
29
32
31
25
26
42
44
23
39
31
24
31
20
32
46
30
31
35
51
34
42
27
41
37
40
27
32
30
24
27
28
20
