25
37
38
33
33
59
39
43
26
40
39
48
36
31
22
30
34
37
32
32
31
20
29
25
43
30
42
28
37
37
44
36
38
24
44
25
51
36
29
23
44
39
21
31
36
21
33
20
35
21
38
33
38
23
32
37
43
54
27
30
28
32
21
34
36
48
27
25
38
31
31
39
36
38
28
28
36
49
37
33
35
44
31
39
36
23
48
34
44
34
38
31
20
28
36
20
29
33
33
39
35
44
35
21
46
32
32
37
42
40
20
20
28
26
24
25
22
28
31
31
29
21
40
49
33
39
48
27
35
37
22
57
50
36
37
26
36
35
26
39
24
43
28
39
42
31
48
21
34
22
24
21
23
44
26
45
20
21
32
45
27
45
29
43
38
58
34
34
23
29
23
27
38
32
39
26
29
39
23
49
47
24
43
34
25
30
31
26
39
37
20
44
27
34
25
29
43
45
38
27
34
32
23
26
35
32
33
23
25
34
23
33
32
28
29
30
24
33
37
47
40
34
20
46
28
30
48
35
46
31
39
37
41
20
43
34
47
26
27
45
36
38
44
40
25
30
46
24
47
33
20
45
20
60
40
51
26
28
20
52
40
23
28
40
23
44
28
24
39
35
20
42
46
35
30
37
38
39
28
28
26
35
20
48
31
21
43
28
52
