28
20
27
22
23
44
26
37
26
43
37
31
27
38
33
60
28
41
25
37
31
20
20
32
27
45
28
47
40
40
32
27
31
41
29
20
20
33
31
22
28
20
34
27
26
34
33
36
25
34
22
33
30
42
50
39
33
28
47
39
23
39
24
37
27
46
26
42
25
26
33
23
31
40
20
38
39
47
20
58
38
28
28
31
36
28
33
53
26
35
46
36
34
26
27
38
44
46
29
21
36
20
43
26
42
31
39
52
34
29
50
23
39
20
46
25
31
40
46
29
38
34
34
31
30
29
31
26
32
47
45
39
34
43
29
26
41
53
33
33
34
20
37
31
39
31
28
26
23
46
20
23
25
29
28
21
35
25
33
30
30
28
21
33
21
26
51
29
36
33
33
35
20
37
22
32
27
49
31
45
35
22
34
33
41
27
43
31
33
32
21
50
22
41
20
49
29
26
44
32
31
31
45
28
33
48
46
33
50
36
26
20
33
24
27
31
27
29
34
24
37
33
28
30
26
57
30
20
29
25
40
20
20
42
27
35
36
27
37
32
32
30
26
30
29
22
53
26
33
40
23
28
48
42
23
39
36
34
38
35
35
30
46
48
50
47
28
33
24
35
29
26
37
52
25
45
38
29
27
29
23
32
42
30
31
40
22
52
28
