32
36
31
30
47
33
29
26
40
42
21
41
33
23
24
41
34
60
20
31
33
29
38
46
33
29
30
35
30
32
20
46
22
44
25
42
51
43
40
22
20
42
29
30
36
23
38
35
33
38
26
36
43
27
41
25
23
30
58
36
34
36
22
30
30
39
20
28
50
32
20
29
34
31
20
41
26
40
36
32
51
32
46
35
58
25
33
32
33
31
31
39
28
25
38
35
43
30
21
32
35
32
35
23
39
39
34
22
49
28
37
28
29
50
37
28
50
25
41
32
35
27
37
31
29
36
20
28
23
23
31
22
39
43
40
32
32
20
26
34
27
28
39
40
32
38
32
28
25
20
43
32
35
25
35
30
39
20
20
21
31
53
33
36
22
35
34
20
21
29
24
34
47
30
48
39
52
31
21
43
25
21
29
32
24
49
45
20
25
37
26
39
21
28
27
40
44
29
35
32
28
33
38
30
34
24
29
34
24
35
30
23
35
23
32
25
48
39
26
32
37
41
33
41
45
27
47
32
28
34
38
38
29
30
35
35
40
30
25
33
29
21
20
32
39
31
30
41
23
26
40
39
31
35
31
42
44
25
20
23
34
37
32
54
29
34
39
42
25
48
33
43
25
27
30
31
36
36
38
32
25
27
33
29
33
46
23
37
27
