20
31
28
27
45
39
29
27
24
28
42
22
20
30
31
39
20
20
26
44
37
58
44
38
31
20
38
32
37
51
37
44
34
38
35
22
46
45
39
20
29
20
33
27
26
25
33
40
39
30
33
30
25
35
36
47
24
28
25
40
42
20
28
22
20
20
30
36
35
40
20
25
26
20
31
53
47
39
31
48
34
29
33
42
34
35
23
38
25
53
22
41
27
38
28
22
34
27
33
20
20
40
51
24
30
31
33
36
24
39
37
20
41
29
29
28
33
41
26
29
34
21
57
21
26
30
41
35
20
32
20
44
22
26
29
42
27
47
49
20
22
30
32
32
45
35
33
53
60
31
25
32
29
31
29
27
20
20
31
45
22
28
41
30
26
50
34
51
27
49
34
20
35
20
41
38
40
29
20
29
20
46
20
27
26
25
30
41
32
45
20
41
26
21
34
32
33
42
28
28
23
35
24
20
41
35
26
41
40
37
21
31
23
37
35
37
20
29
28
34
42
31
27
37
24
37
31
34
20
35
48
35
23
20
36
20
37
29
23
34
41
31
25
34
34
29
36
32
41
36
25
53
42
32
32
40
42
34
49
24
24
33
33
40
55
23
45
25
27
33
30
25
48
38
34
20
22
27
34
24
23
26
34
35
29
35
29
41
32
