30
27
49
20
41
22
30
23
24
42
31
43
37
43
30
32
20
32
36
26
55
42
36
43
27
33
36
41
33
43
49
39
45
34
36
22
24
47
30
53
44
54
27
41
31
32
50
49
22
32
27
42
22
44
27
32
29
20
46
20
32
24
35
29
22
42
32
20
36
39
32
37
43
28
20
38
25
27
37
31
30
43
25
38
33
30
20
37
35
21
28
33
37
20
40
20
53
43
40
57
27
20
44
35
32
29
42
41
52
30
47
25
27
39
45
20
47
31
22
27
38
49
29
44
24
26
39
37
32
34
46
49
48
25
27
25
44
20
27
31
31
30
34
48
36
32
37
20
25
29
33
20
42
20
50
36
34
55
58
26
31
32
20
45
35
31
46
25
32
24
25
30
35
37
60
25
32
30
24
35
30
25
41
31
39
32
20
27
49
28
38
28
39
33
49
48
43
50
27
30
32
37
31
32
32
35
29
37
31
20
33
24
27
20
32
32
26
45
24
20
27
25
46
33
44
41
30
59
40
39
22
35
45
35
35
32
44
31
36
38
27
21
34
37
30
37
32
35
45
36
23
56
34
40
27
24
38
36
25
35
42
40
34
21
31
40
29
20
28
36
26
31
26
44
34
42
27
25
41
24
47
24
47
55
46
30
25
28
27
