35
29
29
46
42
41
39
22
43
36
29
37
30
24
39
31
38
38
27
31
33
28
26
24
38
25
29
35
20
21
43
20
31
40
39
52
33
33
37
29
27
43
36
29
29
34
22
20
35
32
43
30
35
30
38
29
40
27
22
32
22
31
29
20
29
25
41
47
22
29
32
34
21
21
23
26
30
44
38
23
34
38
21
30
33
28
25
33
42
21
39
37
28
40
34
29
24
32
28
21
32
33
48
32
41
25
29
33
26
35
22
29
30
25
20
30
29
26
34
23
50
39
35
20
22
21
34
31
20
26
20
25
24
24
24
32
30
20
32
25
23
33
34
34
22
20
31
29
30
35
20
20
24
30
41
31
36
26
43
23
33
25
20
24
25
36
44
33
23
28
37
34
60
38
35
39
24
35
30
32
34
39
36
29
29
30
32
41
33
47
35
25
31
20
26
28
42
34
20
31
36
30
27
34
37
26
20
31
21
35
31
48
28
41
42
34
31
26
23
41
44
33
23
29
32
37
31
30
26
21
23
34
36
22
21
27
34
36
31
30
31
38
36
42
37
36
35
29
25
30
31
35
25
24
23
21
29
47
29
43
44
38
26
31
38
29
46
31
29
29
42
32
23
31
58
23
35
34
22
40
40
26
29
28
30
30
23
21
27
