23
32
35
43
43
44
24
51
44
43
39
29
20
34
20
45
34
47
26
20
39
44
29
32
35
42
52
27
27
25
29
29
37
26
20
41
38
39
30
40
40
30
42
30
20
35
32
30
50
37
33
20
21
42
42
46
25
37
35
38
36
35
38
28
34
33
23
20
49
37
28
22
53
45
37
35
20
24
32
20
43
26
60
25
35
29
28
49
23
33
31
28
49
30
40
35
27
39
23
34
40
35
25
40
41
31
24
36
37
21
39
26
33
39
40
36
20
37
36
33
39
23
33
20
33
32
50
45
20
29
33
20
45
20
48
30
29
31
37
27
38
37
28
38
41
28
43
40
21
21
43
44
35
32
35
20
28
42
40
21
25
31
20
24
32
28
35
27
36
26
39
34
43
29
30
34
28
40
22
21
26
35
38
34
44
36
22
35
36
30
38
24
33
26
37
32
36
40
20
35
24
33
24
32
25
37
29
23
20
49
33
42
38
20
33
29
20
37
35
36
45
38
46
33
35
27
38
23
41
32
50
56
38
20
26
34
37
28
49
28
22
48
41
39
28
33
42
22
20
25
50
29
20
25
37
33
43
30
47
37
28
26
46
42
37
30
40
53
44
46
20
40
43
29
39
35
39
20
33
27
23
20
51
21
31
20
21
28
58
