29
26
27
20
37
38
54
24
38
26
41
32
46
30
40
22
31
27
36
45
36
36
26
20
22
37
33
36
34
29
29
29
35
30
38
31
25
20
33
28
27
22
23
34
33
44
28
27
43
21
29
27
36
22
38
31
36
22
22
30
35
26
38
20
32
41
48
26
39
20
39
33
31
20
21
30
42
35
37
33
31
40
30
23
37
37
35
37
28
20
26
24
22
27
26
37
34
20
25
37
33
31
38
28
31
36
30
20
32
22
54
36
52
29
33
34
55
33
32
27
30
39
20
20
28
23
42
20
20
38
60
38
54
29
31
32
28
35
34
39
36
34
24
46
33
26
49
54
34
30
35
27
27
41
52
34
43
20
30
21
28
34
40
24
21
27
20
39
40
35
27
41
27
34
52
42
33
31
24
25
37
28
29
21
40
24
38
20
22
36
23
39
27
32
45
31
22
21
21
51
27
37
40
35
28
35
27
33
31
23
29
29
54
30
46
44
28
38
39
28
32
28
21
20
32
38
32
29
29
36
30
47
28
32
27
27
24
35
32
27
36
44
43
33
29
34
28
46
53
20
41
41
29
26
41
50
23
41
31
23
24
31
34
25
40
34
32
30
35
36
31
39
41
24
41
39
34
50
39
42
24
32
28
41
28
36
25
40
40
