21
25
27
31
46
27
36
21
39
29
32
44
20
39
30
38
26
34
24
34
25
24
34
47
47
20
39
27
32
38
38
20
30
27
40
29
22
34
29
29
21
29
25
34
40
38
36
32
36
20
28
26
34
30
28
31
31
48
24
26
37
42
30
20
29
35
22
37
42
20
45
38
21
26
28
37
24
36
31
29
32
41
25
51
26
43
21
32
25
27
44
23
34
20
36
29
55
32
30
21
26
36
24
21
22
45
20
21
31
47
29
37
36
23
38
30
26
31
32
26
31
30
28
20
34
21
20
25
24
34
23
60
27
30
22
41
26
30
36
30
35
31
42
34
34
24
45
30
20
49
38
21
37
24
32
29
22
28
31
39
33
45
45
33
30
20
29
29
48
32
46
35
46
25
36
39
40
36
30
31
26
31
25
26
47
32
38
23
21
22
29
23
43
41
27
24
20
22
44
27
37
36
42
38
29
30
45
32
31
37
32
43
29
32
38
23
21
20
22
33
35
34
22
35
20
32
20
30
44
32
33
31
29
35
21
27
30
27
33
33
27
41
36
22
26
24
42
43
24
42
41
29
25
20
22
39
30
44
29
31
20
20
25
24
29
36
38
40
37
32
36
34
48
21
36
24
35
27
38
25
22
24
40
25
26
42
36
29
31
