36
41
23
29
26
34
30
20
34
35
34
31
28
35
37
28
39
43
26
27
31
47
20
33
30
26
23
20
31
31
37
29
27
37
37
32
22
41
32
36
44
20
24
28
39
27
27
24
20
34
23
24
25
36
20
23
44
42
36
25
29
36
21
29
32
24
23
39
29
33
21
26
47
32
22
25
31
22
27
45
34
36
37
25
40
26
22
27
60
20
20
31
30
32
38
24
20
29
22
40
36
26
27
20
37
20
40
20
40
27
20
36
26
30
21
32
32
36
41
23
31
31
28
23
33
24
32
24
36
30
41
30
28
36
47
29
25
20
33
28
27
41
31
37
23
23
34
25
38
33
29
24
27
27
27
30
25
27
25
35
42
20
25
26
28
29
33
30
39
27
30
27
28
32
26
34
27
22
27
23
24
26
28
25
35
40
22
36
35
36
28
38
30
30
31
30
42
22
25
25
31
25
39
41
23
27
26
43
37
22
25
25
30
24
35
20
26
27
33
23
30
37
38
42
20
35
32
29
28
35
28
27
39
24
28
24
28
33
23
23
26
20
32
29
29
31
36
34
29
34
20
39
29
26
26
47
23
30
31
23
25
29
23
25
22
35
31
27
36
22
37
36
37
29
27
31
28
30
28
35
21
28
22
26
21
32
32
23
22
