45
30
43
20
34
28
42
20
20
50
47
42
48
26
27
35
39
34
26
34
42
44
32
32
33
42
24
39
54
27
32
27
49
26
26
37
39
36
51
39
35
35
21
49
49
29
48
38
35
42
42
32
23
43
50
31
29
48
20
20
33
37
41
32
31
42
35
36
25
42
22
24
28
41
22
37
26
28
26
30
28
30
36
34
39
34
20
31
33
32
38
24
27
36
53
48
27
25
44
58
30
28
41
20
48
41
37
33
23
27
20
31
53
43
35
41
47
21
29
54
30
26
35
50
20
33
32
28
38
25
33
48
28
35
40
38
33
29
20
39
34
33
33
38
35
38
51
39
48
20
30
36
52
28
36
32
31
25
21
30
25
40
33
28
30
32
20
28
46
41
41
33
29
25
50
27
32
23
38
44
28
34
40
42
51
31
23
35
42
42
26
22
36
31
28
54
25
33
35
54
38
42
55
33
23
28
41
34
25
30
36
46
37
20
38
35
27
22
49
51
44
24
46
37
39
32
27
44
48
20
42
29
33
41
44
35
20
24
42
36
30
37
46
30
51
39
48
35
20
28
26
29
60
26
40
26
28
32
34
41
48
28
24
32
20
29
57
35
45
35
20
30
39
37
32
23
20
32
37
43
20
30
25
24
36
22
37
34
42
