34
31
58
41
39
33
37
25
42
23
35
37
21
32
37
22
35
21
34
40
26
36
38
29
33
22
31
28
28
60
43
21
38
23
22
23
34
34
20
26
31
33
41
33
29
29
27
24
30
36
27
51
28
35
29
20
33
40
27
32
27
29
35
22
40
39
40
43
40
31
31
45
48
38
23
31
28
22
35
35
30
46
32
37
25
30
26
37
24
42
25
21
30
32
50
31
29
32
40
33
25
40
22
41
21
46
56
36
24
20
20
25
32
26
22
37
24
33
20
20
35
31
45
26
30
45
33
33
27
33
27
52
43
33
37
28
43
42
30
28
29
22
45
32
52
24
56
30
26
24
29
26
45
37
42
40
29
30
43
43
30
50
35
30
32
37
41
30
22
29
30
36
22
43
36
26
28
33
28
30
27
29
43
49
25
29
45
30
21
39
30
52
35
50
40
35
45
27
24
23
21
32
47
35
40
34
39
39
21
39
34
20
26
22
34
27
49
28
24
32
34
20
30
36
34
35
23
34
40
35
40
40
29
29
42
38
35
54
50
45
27
20
32
28
38
38
28
36
38
37
51
32
32
30
26
24
33
26
29
33
36
32
27
21
20
45
41
52
26
41
31
27
41
25
27
54
33
35
34
26
28
21
43
29
38
30
29
49
27
