56
24
21
37
27
24
41
20
54
60
26
23
44
55
22
29
45
50
29
20
49
28
32
28
27
20
40
35
56
45
30
28
39
23
44
20
32
35
32
45
39
43
52
28
43
37
36
39
30
36
42
27
45
26
32
28
38
20
52
39
47
36
22
24
34
29
30
44
38
39
30
35
58
40
38
28
22
36
38
27
25
49
42
36
33
44
21
49
52
47
31
39
39
31
25
34
20
30
33
30
35
38
36
42
50
29
37
36
31
27
44
29
49
20
26
33
38
29
25
26
33
29
44
27
44
27
29
41
44
28
30
32
31
23
50
29
44
33
42
27
30
35
57
36
22
29
35
36
38
32
32
23
27
40
54
34
31
31
33
33
32
49
35
28
28
30
24
30
57
31
24
55
26
39
35
36
30
36
20
35
37
24
29
34
30
30
36
33
29
35
46
30
41
30
40
38
24
24
38
36
53
30
39
24
32
46
39
36
32
34
24
26
29
32
36
20
35
26
27
45
43
20
25
31
35
29
33
22
27
44
46
46
35
37
37
28
20
36
34
25
31
30
26
20
26
39
48
28
20
30
49
31
37
40
32
44
24
31
49
57
20
25
40
46
43
33
32
30
41
20
47
27
28
33
23
53
34
37
37
25
26
35
44
34
20
48
32
29
24
