25
37
40
30
20
60
27
31
32
33
22
24
20
35
30
34
31
40
23
27
25
30
39
27
25
27
39
34
24
50
27
41
24
29
31
47
27
20
32
26
20
30
30
41
20
31
40
33
44
33
28
36
31
23
25
39
27
46
39
43
40
24
35
20
20
24
25
46
46
30
26
31
35
37
31
31
23
23
20
44
44
40
25
40
34
41
35
20
32
37
33
28
26
53
31
45
30
42
27
44
24
22
28
21
44
29
47
34
29
49
25
36
30
29
55
20
35
49
31
34
31
40
20
34
20
26
30
27
35
34
44
34
38
20
40
24
46
32
40
42
41
40
49
27
46
53
34
23
29
43
32
20
29
24
43
57
23
33
27
40
46
40
33
36
39
43
25
32
59
20
36
20
34
31
33
33
45
26
36
29
50
33
42
27
20
40
30
31
33
25
20
27
37
23
51
30
24
30
27
33
32
31
23
33
46
30
35
30
25
26
28
23
25
20
30
35
36
25
22
22
37
39
34
33
20
43
35
43
28
40
23
41
30
24
32
20
35
23
29
39
42
36
28
26
27
28
38
32
29
34
47
23
35
31
30
37
36
41
32
38
24
45
24
44
24
30
34
46
26
31
40
43
24
50
29
41
37
34
37
38
31
37
26
27
27
20
26
31
28
