32
35
20
34
25
45
33
24
30
44
40
45
33
44
20
29
40
23
41
22
38
28
29
36
29
33
29
30
35
35
20
43
23
31
34
32
38
33
42
24
27
56
34
31
34
32
22
30
50
33
52
35
29
39
24
49
30
44
32
24
36
28
27
30
36
29
31
22
49
29
40
22
35
47
37
31
28
27
35
32
47
40
34
20
35
30
33
21
32
28
29
48
37
55
45
48
25
39
26
34
41
30
31
42
23
31
48
25
39
25
29
33
40
46
46
41
31
39
47
36
26
35
41
58
36
20
36
36
33
20
20
55
23
25
20
29
31
49
40
22
33
25
45
20
26
20
23
42
34
50
37
33
33
33
30
27
51
39
36
26
23
55
32
23
33
20
31
53
40
38
26
30
40
24
25
33
39
31
22
30
34
30
39
22
27
49
55
24
43
60
40
41
31
31
45
32
49
20
27
24
49
34
22
20
52
21
33
34
44
25
37
31
23
20
36
34
39
38
21
30
38
47
32
32
49
38
24
22
24
41
23
46
23
25
32
34
30
20
27
26
38
57
20
36
39
34
25
42
25
34
33
33
29
38
48
40
32
37
20
29
43
43
20
38
40
37
43
34
24
25
35
32
36
34
29
47
43
21
26
31
36
20
36
28
22
27
59
27
29
