23
32
41
25
20
44
30
21
24
34
42
29
37
41
42
28
28
21
25
25
22
25
36
28
25
33
27
37
29
34
32
38
45
28
39
39
30
28
35
34
34
39
22
22
25
31
42
23
24
22
31
29
26
37
30
24
45
20
26
37
36
39
49
20
38
20
30
42
48
42
35
29
43
30
33
21
32
42
36
22
33
51
28
49
30
43
36
45
26
44
22
33
39
23
31
34
30
31
32
37
44
21
29
20
23
27
36
28
20
21
24
23
26
32
35
38
40
30
42
26
27
25
39
45
23
21
24
37
39
33
44
44
40
38
32
24
28
32
39
31
21
30
25
34
31
37
20
29
24
38
39
20
35
23
33
35
33
25
38
40
29
29
28
60
30
31
35
31
40
38
35
28
29
36
32
44
31
33
42
42
35
47
27
26
31
37
40
23
38
43
21
28
21
24
20
31
22
34
20
40
42
35
32
37
28
42
30
30
40
32
32
29
38
42
32
47
46
26
40
46
26
33
32
37
40
43
39
47
28
36
30
34
28
44
25
40
30
27
41
22
46
41
26
41
52
26
37
33
22
53
23
46
33
46
32
38
47
41
39
41
29
43
33
20
21
25
23
26
29
35
32
35
37
20
42
20
27
33
31
39
27
52
27
33
32
25
27
29
30
