34
45
36
36
40
50
31
22
20
39
58
35
38
39
29
30
46
20
34
33
35
24
43
44
30
36
22
37
51
45
31
34
29
20
51
41
37
23
29
54
36
29
37
42
25
36
26
39
20
38
39
50
42
26
28
36
28
43
36
29
30
48
22
21
25
29
41
27
24
35
28
27
35
36
48
26
31
39
47
33
43
20
39
28
52
43
25
26
30
43
46
37
44
24
20
20
33
33
28
36
39
46
24
34
27
42
26
27
39
37
47
22
33
21
28
35
56
42
39
48
37
33
40
22
26
47
26
47
36
24
29
22
39
23
25
36
35
32
26
34
36
41
40
44
20
34
24
34
31
39
27
49
28
34
26
41
24
20
39
20
35
29
28
34
29
28
46
20
29
35
26
48
31
26
50
48
41
21
48
34
39
25
20
23
38
36
37
29
38
44
25
23
35
26
52
36
31
27
60
39
42
42
33
31
25
47
28
21
31
29
21
38
26
30
43
31
29
29
37
20
23
37
29
46
27
27
43
20
32
22
26
44
28
51
25
37
21
33
26
21
43
31
21
35
43
48
38
30
41
37
30
32
24
31
44
49
42
48
22
32
32
52
26
32
32
27
50
23
42
22
27
39
45
20
27
21
44
28
25
30
22
36
54
58
24
39
27
35
46
