35
21
28
32
24
31
28
25
33
44
45
27
45
26
26
25
40
28
30
27
38
27
25
20
33
32
32
37
45
20
32
39
50
29
33
60
40
32
30
35
21
45
27
24
26
28
43
35
25
43
26
30
26
27
35
20
37
22
41
47
35
36
29
24
49
30
31
52
41
42
37
28
40
47
30
21
25
29
20
35
33
29
39
45
22
31
20
20
30
38
29
23
29
38
38
22
39
26
25
20
25
29
53
36
33
34
26
35
33
20
37
40
24
21
29
22
20
32
20
20
27
50
29
32
34
44
28
34
33
20
31
48
37
27
28
28
23
33
23
35
34
36
30
40
43
26
20
33
49
36
32
22
26
37
49
45
22
48
22
20
39
30
42
35
25
40
20
34
45
35
36
36
36
24
29
37
30
26
44
41
34
44
22
22
41
41
25
37
49
27
33
32
35
37
35
40
50
20
40
38
54
40
46
39
22
20
28
40
31
31
28
35
40
24
39
25
25
39
23
24
27
44
22
22
30
33
22
26
25
32
27
28
46
24
36
36
39
34
24
22
20
24
44
20
38
33
27
28
30
28
26
24
34
23
33
30
53
43
28
26
42
34
29
27
22
40
20
29
33
34
39
29
41
35
24
39
20
30
27
28
32
30
31
46
30
21
50
22
26
