41
26
31
48
24
48
33
40
35
49
35
52
34
30
24
46
32
32
29
27
20
36
29
57
24
36
38
42
33
38
42
29
30
46
43
35
21
35
41
35
33
30
24
24
32
35
51
32
51
40
33
30
29
20
50
25
44
29
25
25
25
30
21
44
30
41
39
33
46
35
48
35
35
38
28
41
33
24
34
42
40
33
33
37
33
36
49
42
32
32
37
35
30
54
25
25
22
30
30
50
40
23
37
26
34
53
49
41
42
30
27
37
20
30
20
27
24
20
39
36
39
23
33
32
30
46
28
25
26
41
34
51
48
47
43
37
40
25
41
26
42
29
30
36
21
43
41
21
30
39
24
58
32
46
41
44
37
29
33
39
39
30
21
25
25
28
27
32
33
60
25
40
40
31
27
24
38
39
32
39
54
35
31
20
43
20
20
51
35
31
29
32
24
28
56
32
41
30
45
42
42
20
23
34
38
40
36
21
43
28
30
34
36
24
43
27
20
37
26
45
26
31
33
20
38
40
25
30
41
41
41
31
46
39
20
40
56
28
45
27
28
23
41
47
47
35
27
23
27
33
27
31
28
45
36
39
45
28
39
43
30
28
50
57
56
31
30
30
32
56
57
48
20
45
32
20
44
51
28
28
32
21
40
36
51
47
20
23
30
