36
26
46
46
45
29
33
40
24
30
22
37
29
34
39
34
44
31
23
59
21
30
52
40
37
20
28
29
48
31
51
53
45
38
36
31
30
57
28
36
23
41
20
41
23
29
29
48
26
20
36
31
20
46
39
46
46
26
34
35
35
28
27
34
26
35
20
20
33
25
38
43
28
32
30
35
33
29
45
29
32
28
27
33
45
26
46
40
34
25
27
35
31
36
33
41
48
48
44
55
41
29
29
28
26
35
34
32
31
45
44
31
41
40
30
42
28
30
41
26
34
26
36
20
49
41
21
22
43
32
30
35
33
41
43
36
33
41
34
44
37
50
36
35
20
26
37
27
21
25
35
21
26
57
22
26
28
24
41
46
20
35
26
24
31
32
23
28
20
20
41
25
33
38
20
27
21
27
28
30
36
30
28
40
38
28
28
34
44
39
32
36
35
29
48
41
30
34
35
24
39
27
51
27
50
20
35
34
26
26
33
22
49
36
50
52
20
40
33
21
30
27
39
31
32
25
35
29
47
39
27
20
42
42
26
28
20
26
22
35
23
37
32
20
25
32
22
31
38
27
36
31
42
26
25
41
22
45
20
44
33
37
32
34
35
60
33
20
35
31
28
24
24
31
29
37
26
33
28
37
34
25
32
36
27
25
37
32
20
