26
37
33
26
31
25
26
20
34
34
30
26
42
35
20
31
27
26
20
40
26
41
20
25
34
22
38
35
50
22
23
33
34
26
35
25
32
21
29
37
30
40
24
20
33
22
39
25
30
38
33
24
42
20
20
39
36
43
31
29
23
38
20
29
40
30
26
39
20
27
44
21
34
46
29
29
33
23
20
25
25
46
22
47
29
40
31
46
30
28
46
27
32
36
46
55
31
27
20
34
23
38
32
33
27
44
30
29
30
26
42
60
48
22
43
42
48
35
29
35
28
46
39
36
37
24
40
28
29
20
31
34
29
44
31
50
42
42
45
26
35
23
36
39
37
29
32
32
28
26
43
26
40
39
20
41
21
53
45
50
39
47
37
26
39
27
49
26
33
31
41
28
47
27
51
38
26
45
38
37
40
32
30
38
50
37
39
32
41
30
39
44
23
29
30
21
32
37
20
39
33
36
24
21
35
26
20
53
23
25
20
24
36
27
28
36
26
28
39
34
36
28
32
42
22
46
20
47
35
29
33
34
41
36
25
46
22
39
26
30
42
31
31
27
53
27
26
35
28
23
55
35
32
35
36
27
24
59
50
25
29
28
22
32
37
26
44
43
25
36
31
31
38
30
26
33
23
40
32
20
22
43
29
35
23
41
20
52
26
