27
42
36
34
33
20
58
40
24
49
22
20
36
37
29
33
41
22
34
26
39
48
32
32
38
38
45
29
20
28
21
50
25
39
39
41
49
26
33
32
35
29
32
31
30
51
26
30
47
21
20
30
23
42
20
31
43
50
37
31
54
23
22
28
37
33
48
53
39
38
34
46
39
26
33
26
45
36
26
33
41
37
47
29
21
44
34
45
28
32
53
35
39
20
20
37
28
35
31
36
38
23
27
31
41
20
44
31
26
31
22
27
28
30
41
44
40
27
35
32
33
26
31
26
24
47
21
22
26
35
41
30
26
26
27
29
28
37
35
47
25
45
26
45
20
31
36
44
33
35
43
32
40
41
27
27
34
33
23
24
28
30
32
35
20
29
30
26
23
29
27
35
48
25
37
35
21
23
32
24
21
40
20
40
32
36
33
38
40
31
20
34
50
39
30
36
48
29
36
34
26
28
51
20
22
32
33
34
29
32
30
28
37
27
29
35
41
30
25
25
27
36
32
32
38
49
35
30
36
29
41
35
30
26
40
23
43
32
44
38
39
34
29
35
43
40
44
23
36
30
39
32
20
40
40
39
34
32
38
22
26
27
34
20
31
24
31
30
35
47
29
60
43
30
34
34
34
31
31
26
38
31
49
27
43
20
41
50
31
