23
20
23
50
30
24
20
35
38
33
31
26
29
39
22
30
29
39
39
31
38
30
44
30
20
27
37
34
53
36
37
38
30
21
34
23
30
27
30
30
24
38
26
25
39
43
41
27
46
25
21
34
38
28
21
28
31
43
22
35
28
25
39
44
20
20
24
20
31
23
37
47
39
44
22
34
35
24
41
20
32
21
35
36
28
27
31
31
25
30
23
28
55
28
29
26
34
60
34
39
27
29
27
20
20
27
29
35
44
34
26
30
37
46
31
40
20
33
36
45
28
22
35
21
35
31
35
22
33
27
30
20
39
31
41
27
31
45
41
30
35
37
23
34
31
27
33
31
30
26
39
44
41
39
23
23
51
39
20
36
46
33
39
37
41
31
42
33
36
27
26
42
46
50
44
25
27
28
52
20
26
21
24
50
32
26
47
33
29
32
22
25
31
35
28
41
35
20
33
43
32
32
26
30
20
34
23
28
32
28
48
36
28
33
36
38
24
31
38
46
30
23
43
31
29
33
44
25
43
24
57
29
21
23
23
41
39
31
20
30
37
47
37
25
30
38
45
34
36
39
39
33
36
20
25
34
32
29
33
34
31
35
22
25
20
33
30
31
29
20
41
50
46
42
20
48
40
30
44
36
25
34
29
35
41
42
20
31
31
