21
25
34
39
20
24
20
28
28
24
33
56
25
29
26
28
32
41
39
42
46
26
42
35
44
45
38
39
49
47
53
27
37
29
36
27
27
35
47
30
43
50
33
42
44
25
25
22
33
22
43
42
20
42
22
36
41
48
22
37
27
41
34
25
32
28
30
35
33
34
32
25
21
41
27
25
35
25
36
23
20
23
25
40
33
22
54
26
35
20
40
24
42
21
26
31
52
54
50
35
20
24
28
26
24
53
46
31
32
44
24
34
29
33
30
27
23
55
32
26
26
27
25
27
26
21
36
22
38
42
44
24
52
29
33
25
49
36
22
31
22
44
40
47
32
27
28
29
37
41
32
36
35
30
36
38
44
30
25
28
55
37
35
22
41
37
31
21
55
33
40
31
32
26
34
24
20
20
30
37
42
20
40
35
22
42
45
29
31
35
31
34
20
29
22
32
28
41
35
30
22
31
39
20
20
26
29
44
29
23
54
26
24
31
28
22
60
43
21
27
38
27
20
27
34
38
37
36
31
30
41
24
27
31
34
26
41
38
20
33
33
34
20
45
27
21
24
31
42
25
32
25
49
47
29
32
46
42
27
30
24
30
28
29
42
40
27
26
31
34
51
44
38
40
26
32
46
20
33
30
34
25
36
38
46
25
26
37
31
