21
46
29
44
20
37
24
23
28
30
40
43
25
42
41
20
35
43
32
21
32
40
33
29
23
40
26
39
37
52
32
20
26
30
37
23
31
26
47
43
24
25
46
39
23
22
53
20
49
42
34
29
28
32
30
30
30
34
25
25
25
43
36
20
30
40
23
44
28
44
24
36
35
32
26
33
53
20
33
31
20
29
34
45
27
29
25
32
32
57
28
34
28
48
37
41
25
38
25
59
39
42
21
26
24
60
34
27
20
32
31
23
43
32
30
27
24
28
42
32
24
45
29
25
32
42
38
21
40
35
23
47
33
26
23
34
35
40
42
35
27
30
35
36
29
43
42
20
29
36
35
37
45
26
40
58
28
25
22
39
34
23
32
30
33
39
46
24
36
32
25
34
29
29
34
33
24
41
33
21
33
30
30
28
33
42
32
22
35
20
22
30
38
23
31
20
20
27
34
20
26
30
20
31
39
26
32
40
27
25
33
25
34
33
26
23
28
36
20
31
20
20
29
20
28
39
33
31
32
54
42
20
33
30
22
27
29
30
27
40
29
32
24
27
20
27
21
50
22
29
32
29
48
46
25
25
20
31
32
30
24
31
20
25
24
28
34
31
33
49
34
21
32
32
45
45
28
40
35
34
33
28
25
41
33
35
35
28
20
