47
20
21
21
24
33
31
42
29
37
37
29
20
32
31
22
33
37
36
27
38
29
36
37
21
37
20
30
24
33
37
25
35
36
35
37
42
25
20
31
33
30
25
25
26
20
34
33
24
33
34
33
31
29
30
35
46
22
21
59
29
49
26
43
22
32
29
24
22
36
35
27
37
36
37
41
34
20
28
25
25
37
38
28
38
32
41
21
39
32
31
31
29
30
44
39
21
37
36
37
48
36
60
24
28
20
21
28
22
33
51
42
32
35
20
28
28
35
46
33
32
49
24
37
26
34
26
34
40
24
28
41
41
38
48
30
43
26
29
34
24
45
30
30
43
20
31
26
40
29
27
47
35
28
20
25
34
29
27
27
34
25
33
41
39
35
28
30
25
39
25
30
24
48
27
41
25
22
42
46
33
31
51
36
46
37
38
28
31
20
23
38
25
32
33
35
20
22
36
50
29
35
32
42
25
20
32
23
25
53
25
27
20
28
31
22
37
24
44
22
36
40
38
27
39
37
40
31
33
39
32
38
37
26
51
31
20
29
30
20
31
24
37
35
36
30
32
30
33
45
30
28
34
29
43
20
34
30
49
20
31
27
33
21
34
34
28
33
36
34
30
25
36
24
20
20
36
39
28
28
20
21
48
26
30
31
40
32
27
