35
46
36
27
36
29
42
31
29
29
25
34
32
20
36
20
23
45
34
32
27
26
20
26
23
33
26
43
20
31
30
20
28
32
29
26
20
32
26
33
35
32
24
25
34
33
27
34
33
29
20
25
40
46
33
27
25
24
34
31
22
29
24
29
28
24
21
35
25
26
30
20
25
36
42
28
42
37
44
37
31
36
21
26
48
24
44
30
20
20
21
31
29
33
28
34
46
30
35
37
31
44
28
26
44
20
31
44
49
29
21
43
21
32
20
21
24
39
26
29
32
25
29
25
20
25
23
20
35
20
30
34
30
21
26
36
42
35
29
31
27
24
21
27
30
31
34
24
30
20
43
27
28
36
20
33
35
27
54
29
35
33
27
36
42
30
39
20
30
37
25
20
29
31
37
28
35
24
38
34
28
23
25
29
53
28
22
41
34
25
39
28
34
31
30
35
27
39
21
32
44
31
29
39
29
25
28
21
33
32
46
25
51
26
23
31
23
26
31
29
24
22
36
37
46
34
46
25
31
26
41
20
25
30
38
32
42
51
24
20
42
24
24
25
40
24
24
28
20
24
31
22
26
37
34
27
20
60
40
35
30
43
30
31
34
37
34
20
27
27
30
33
28
30
26
36
20
58
25
20
30
31
43
34
28
23
20
35
27
