25
27
50
38
32
29
20
34
34
27
34
27
29
23
28
50
33
36
32
22
24
20
25
28
41
28
52
36
35
29
30
31
31
43
25
42
27
50
29
34
20
32
20
21
30
27
33
34
45
32
34
29
37
23
38
43
38
42
30
29
40
26
28
48
34
27
30
20
23
36
26
23
29
32
27
26
42
20
37
43
27
33
41
23
47
26
34
40
31
28
42
30
23
31
46
48
47
24
41
20
36
37
25
33
31
29
32
24
26
29
28
36
38
33
37
20
23
30
31
35
38
49
37
28
30
50
27
32
33
23
24
28
24
26
39
20
36
39
25
55
34
43
33
21
27
35
29
22
42
21
25
29
34
37
33
32
26
38
43
30
25
35
29
22
36
22
36
43
40
28
27
32
45
31
25
23
60
33
48
27
30
30
33
30
33
20
25
27
33
27
42
31
38
31
31
37
28
34
22
29
31
41
23
26
47
43
23
33
30
30
20
26
22
39
24
28
35
36
48
25
33
22
36
38
28
23
31
44
30
24
45
20
26
36
32
26
26
31
35
33
26
43
32
31
20
27
33
20
25
32
26
47
37
23
36
33
44
25
35
40
32
29
20
44
33
31
24
26
27
37
20
24
23
36
32
25
23
28
44
33
38
30
25
43
34
28
49
28
43
