44
37
26
24
36
30
30
29
36
46
34
36
26
25
42
36
36
20
29
25
21
35
34
32
40
34
35
35
27
33
38
60
27
35
43
29
28
36
34
28
23
26
26
29
34
30
23
20
30
22
28
23
30
34
23
20
27
27
29
37
43
23
38
23
23
44
27
20
21
21
35
30
52
23
24
44
41
25
33
20
32
23
26
30
25
43
20
30
30
36
21
20
27
35
31
30
23
30
39
23
40
20
21
20
33
22
28
21
41
33
20
22
32
37
28
32
34
38
35
35
25
27
28
31
35
24
35
34
45
25
26
28
28
26
34
42
21
29
26
39
28
22
38
20
29
24
30
34
27
27
32
37
26
34
40
26
29
25
33
28
23
48
34
22
46
33
36
35
37
23
33
48
29
23
49
33
37
26
30
25
31
33
35
27
27
30
33
22
25
36
41
40
52
30
37
29
20
21
33
30
31
32
43
31
26
35
33
28
45
36
30
21
31
32
26
21
20
28
30
21
36
20
28
32
29
27
22
34
20
26
20
31
41
23
20
32
30
34
45
40
28
23
22
31
21
44
25
27
34
36
31
41
33
32
27
34
32
30
27
20
36
31
35
23
29
34
51
32
24
22
30
27
20
40
32
21
31
20
32
31
25
35
30
43
27
35
21
24
39
