31
21
31
20
38
20
45
49
32
48
36
23
35
20
41
22
37
26
48
54
31
31
23
43
39
31
24
48
51
38
24
29
34
29
47
31
33
31
34
28
28
24
31
40
20
38
23
39
28
36
40
43
27
30
28
57
45
34
23
29
30
32
24
27
60
26
24
39
24
29
37
35
24
30
21
37
46
25
29
38
20
23
34
26
39
23
30
36
37
23
27
43
45
31
30
29
28
30
24
30
27
42
29
35
20
26
30
25
42
36
33
39
34
35
26
39
43
39
39
25
35
38
31
50
41
32
35
35
32
31
31
40
35
49
36
46
31
20
27
23
26
32
36
44
26
29
45
21
30
34
36
27
39
33
23
36
40
30
28
34
28
28
29
52
33
27
20
20
32
34
30
33
38
28
23
34
37
28
23
31
37
32
33
29
25
30
27
33
42
23
42
22
39
42
31
27
24
28
20
37
32
29
48
47
30
27
31
26
43
25
26
44
34
22
28
29
33
26
28
23
20
36
37
27
27
24
32
37
28
27
25
25
20
32
39
26
35
24
20
27
28
26
24
34
41
45
33
22
53
32
22
30
28
24
25
31
22
32
48
38
30
27
25
36
29
42
49
32
29
21
45
25
46
43
40
28
29
20
45
39
24
35
20
31
31
37
27
34
35
