20
27
20
30
23
20
52
30
31
43
33
34
27
21
22
30
24
25
36
20
35
38
30
24
40
37
34
28
43
41
26
36
43
28
26
20
20
50
33
24
26
30
34
39
24
33
20
37
34
29
40
34
23
22
36
35
39
31
32
22
20
30
56
35
26
24
34
29
40
25
39
27
50
35
22
23
33
35
33
24
25
36
32
31
29
30
27
28
31
24
32
20
40
35
45
60
40
20
35
25
20
29
31
26
29
24
25
28
21
29
20
31
40
42
34
34
31
33
36
37
20
48
55
53
35
24
24
33
32
20
37
31
22
43
22
30
20
34
26
26
32
30
33
41
31
28
30
39
29
26
20
32
24
25
24
41
31
30
36
37
29
34
20
40
23
34
24
42
31
21
24
33
44
23
28
30
24
30
31
33
34
35
23
29
46
33
39
32
21
41
20
52
32
24
33
25
29
29
38
35
30
34
26
29
39
48
28
21
35
33
34
36
26
20
30
24
36
32
48
32
35
36
40
25
30
33
29
26
32
20
32
20
24
43
34
43
23
29
34
31
25
27
57
27
23
20
29
32
29
27
31
21
36
21
41
38
47
25
36
20
32
33
41
36
29
43
26
32
29
22
20
44
24
29
32
42
24
22
31
40
38
37
44
20
37
30
24
27
41
