34
33
28
41
53
27
34
27
38
41
39
33
32
28
22
26
46
41
50
41
31
26
52
41
33
25
44
30
30
44
24
33
49
21
37
31
24
32
37
44
41
28
22
22
36
25
25
34
35
29
30
31
43
20
37
26
21
26
24
29
34
23
23
46
30
30
29
29
27
29
35
25
33
21
24
29
36
21
46
35
27
22
29
39
26
25
29
36
22
42
43
28
47
36
32
23
23
26
28
37
31
26
36
30
26
32
54
27
29
26
25
25
35
36
32
40
21
24
23
33
29
42
30
35
24
36
30
21
22
22
33
30
42
24
31
37
23
23
28
23
22
22
20
44
37
24
31
48
46
26
33
20
37
22
29
43
41
26
36
33
20
43
20
39
30
35
24
42
29
27
37
21
38
34
24
35
23
27
38
38
31
20
23
34
36
30
36
26
29
42
37
28
32
41
31
32
46
35
60
34
46
23
36
20
34
46
20
27
21
25
36
31
42
29
37
41
38
36
39
29
37
38
31
33
21
29
41
23
31
25
30
37
21
38
27
29
20
31
26
23
41
29
42
39
47
35
29
25
34
30
29
29
27
40
20
26
26
24
40
44
28
26
43
35
25
25
35
20
33
34
33
39
35
36
28
22
24
29
39
28
41
33
23
20
20
34
31
28
22
