36
25
24
24
35
36
35
39
43
43
34
37
41
38
20
25
52
39
43
20
25
46
29
21
41
37
23
53
29
25
34
35
30
37
40
41
41
26
39
27
37
28
20
38
20
52
26
39
30
43
34
34
35
34
24
30
35
27
30
50
49
30
28
41
29
32
25
27
29
26
34
36
37
36
20
46
35
39
35
20
48
43
28
35
26
36
32
25
38
24
29
32
28
40
31
37
36
36
46
22
34
25
40
23
45
45
25
35
26
33
28
32
42
20
34
30
41
43
48
33
41
29
25
31
20
29
38
37
35
26
37
33
27
40
57
51
27
27
35
41
60
33
33
35
40
29
23
35
42
44
42
22
32
20
29
29
25
32
22
20
28
37
20
31
27
24
30
21
28
23
40
20
26
41
35
22
54
31
23
26
41
49
46
37
20
42
42
22
39
35
22
25
24
38
44
20
24
31
27
29
20
20
43
20
28
45
51
43
27
38
26
36
35
24
20
29
27
43
40
33
31
32
37
26
43
39
41
31
29
20
49
32
31
34
43
20
33
34
36
34
36
27
37
22
27
32
36
37
30
34
31
23
37
24
39
45
28
20
34
22
40
55
28
34
47
50
37
24
32
33
27
51
41
21
41
31
24
23
36
31
24
22
57
23
26
25
21
38
27
