45
33
40
42
28
25
36
35
30
33
21
33
23
43
38
37
20
20
37
20
34
43
30
26
45
34
21
38
39
45
25
36
28
32
44
44
40
26
36
24
46
20
47
46
32
22
28
29
43
37
21
35
30
38
49
44
51
33
42
45
41
36
24
25
37
48
52
33
41
20
20
60
36
22
36
26
44
30
33
47
38
40
53
48
24
29
35
23
31
40
28
31
30
20
29
47
23
31
27
35
49
43
28
20
22
23
37
28
46
50
35
25
37
42
34
23
34
23
24
35
32
20
28
39
35
28
35
35
29
20
46
38
31
51
31
31
41
33
30
24
36
32
40
47
33
34
46
35
31
36
50
34
23
27
38
22
26
27
41
43
41
32
47
37
37
40
36
41
31
43
54
20
20
34
36
40
20
32
41
24
41
41
43
47
25
49
35
34
31
43
39
47
34
35
33
35
43
40
53
28
34
31
48
30
32
36
28
35
50
28
35
39
29
30
27
42
30
38
41
28
20
20
20
21
39
39
37
26
28
21
27
45
33
32
52
28
34
35
41
22
36
30
20
33
47
26
35
37
35
35
31
48
41
50
23
39
51
35
29
37
27
33
31
30
44
45
30
30
38
22
23
30
41
38
43
25
20
40
26
40
32
35
26
36
22
52
23
31
46
