30
20
37
38
43
30
33
39
20
37
27
42
44
35
36
37
36
27
40
43
41
39
50
33
32
37
49
49
26
31
24
36
50
36
26
29
35
45
31
36
40
30
40
54
33
21
48
43
36
32
45
35
46
39
36
31
43
36
27
37
28
39
29
27
20
22
33
28
49
31
29
27
45
23
24
39
42
49
32
50
23
31
34
25
48
48
24
20
25
44
54
40
30
45
28
29
44
30
44
36
27
48
32
24
22
29
45
21
44
22
31
34
25
49
42
43
37
25
27
32
30
48
25
26
42
40
38
35
57
24
20
33
35
43
42
44
39
26
22
25
40
25
32
39
35
28
33
32
36
30
31
20
49
25
20
33
23
25
33
60
23
23
30
33
28
43
23
37
31
33
29
20
22
26
53
20
46
32
39
33
32
26
32
39
34
20
35
28
25
20
26
35
28
34
44
34
26
40
39
29
35
30
22
47
37
40
30
38
37
30
25
37
39
20
28
37
32
33
23
20
20
33
29
57
20
46
43
26
29
24
43
27
28
40
26
36
42
48
57
39
52
44
31
34
28
34
40
43
44
34
37
29
20
34
36
26
37
32
53
45
25
31
20
27
37
28
24
35
34
27
40
35
32
39
27
35
27
20
47
30
26
46
37
25
26
40
26
39
40
