37
25
31
27
28
20
44
31
20
48
37
41
20
29
22
27
24
39
47
27
29
21
21
26
25
20
44
30
25
34
22
20
32
30
27
48
28
29
26
30
39
32
28
32
34
31
34
31
24
26
36
27
37
27
21
24
22
26
44
20
40
31
30
30
38
35
20
37
20
31
46
60
39
27
43
43
28
37
37
36
36
43
33
26
32
27
29
25
26
26
20
26
32
29
20
22
34
25
23
31
25
26
24
41
32
37
37
20
41
34
20
21
21
32
23
25
21
25
45
24
43
30
32
26
35
27
29
23
33
29
30
27
25
46
28
36
34
23
31
37
44
44
32
29
39
31
22
25
20
24
20
35
38
31
26
26
23
27
21
35
35
51
43
25
38
34
44
34
25
30
42
25
30
32
20
24
45
27
27
39
30
26
31
34
39
26
46
31
27
27
33
38
28
33
31
28
36
28
20
28
27
29
20
27
21
25
41
20
24
36
31
29
35
32
23
32
38
36
22
38
37
23
26
26
23
27
27
27
39
37
43
23
38
33
27
31
30
28
24
21
22
23
47
27
21
35
34
41
40
32
23
31
41
25
45
20
20
33
20
23
36
27
27
34
29
20
22
29
36
20
31
30
38
20
32
46
44
44
38
42
37
32
38
27
29
20
28
44
32
