29
29
44
39
26
28
51
37
36
54
30
36
39
28
33
23
25
36
35
25
42
23
28
37
42
39
32
41
39
24
32
27
28
24
20
33
51
23
26
34
32
40
23
26
43
42
20
36
54
39
31
44
30
27
39
28
25
22
44
25
41
23
33
44
22
35
35
38
39
57
30
34
24
20
26
28
31
27
28
41
34
27
38
36
32
39
26
37
39
20
35
27
42
43
32
20
30
36
33
46
33
36
22
34
32
31
44
34
38
48
40
32
20
20
29
30
26
35
30
40
35
26
33
29
21
22
29
30
25
27
38
20
34
23
20
26
33
50
24
48
25
43
35
57
35
28
24
42
39
28
26
33
41
43
35
26
33
21
28
25
38
33
31
42
27
33
27
23
50
20
32
38
43
37
36
31
35
36
26
39
41
30
28
43
36
26
26
44
26
44
26
30
37
41
44
32
27
29
40
26
38
29
20
34
31
27
50
31
48
28
40
42
37
34
27
40
60
36
49
36
30
33
29
32
33
31
47
23
29
36
27
34
28
34
22
34
21
32
29
44
23
49
27
51
32
34
27
41
23
30
25
41
30
42
36
35
46
34
38
25
23
30
38
22
43
28
31
36
24
35
27
39
22
31
39
30
35
41
33
28
31
35
29
20
33
25
41
32
34
