58
36
24
20
53
26
27
22
33
20
49
43
34
30
26
23
43
30
39
42
29
27
28
30
23
25
46
38
41
30
41
44
43
23
36
29
34
37
30
33
55
38
20
30
34
20
46
48
43
35
35
27
35
35
44
47
48
34
29
55
39
25
42
46
30
39
35
43
20
33
29
36
37
47
30
40
24
34
25
21
25
39
35
40
29
32
44
24
36
35
35
20
43
29
23
20
35
33
37
32
27
52
29
25
24
35
36
34
33
44
35
25
26
43
29
46
24
24
51
54
37
44
43
46
33
53
44
33
37
37
39
41
20
31
45
33
59
35
21
22
30
27
33
20
33
20
60
37
34
40
42
28
38
40
30
20
48
43
48
34
22
21
39
21
49
30
40
28
49
34
41
40
30
44
33
30
25
44
41
27
42
39
49
46
44
21
32
21
34
28
46
26
27
35
46
34
39
38
25
28
21
27
26
27
37
33
25
25
39
43
32
30
31
31
25
38
39
36
31
37
45
52
32
47
33
22
45
27
37
44
28
28
30
29
39
43
50
26
38
20
41
43
23
39
27
29
28
26
32
27
28
35
41
54
29
29
42
25
47
31
21
41
40
36
32
51
39
44
37
43
53
32
37
46
25
28
21
44
47
29
26
42
24
38
28
37
39
49
20
