29
29
31
42
28
60
32
20
44
32
45
42
32
26
29
32
52
38
35
26
25
28
24
32
28
49
21
51
24
36
43
22
21
31
20
21
27
30
31
21
46
29
26
36
43
42
42
25
51
53
38
44
35
44
23
33
29
30
30
47
26
27
25
47
36
43
26
21
35
37
28
33
38
26
30
47
35
36
23
34
28
24
23
21
31
29
51
37
20
24
27
30
35
59
38
26
36
47
38
40
25
27
45
33
30
31
43
24
40
33
51
51
35
31
36
51
24
52
36
24
36
28
34
34
27
42
32
24
37
26
30
26
28
32
28
20
25
26
20
24
26
21
20
46
57
28
26
24
21
42
35
51
40
43
22
30
21
33
43
36
24
37
27
30
24
26
44
25
40
38
40
54
30
45
25
36
33
36
28
28
29
23
41
52
27
51
33
49
24
30
50
31
27
23
28
28
29
44
45
34
20
34
20
39
42
46
20
33
33
38
54
38
27
38
51
35
28
49
31
47
51
25
40
39
20
37
39
45
35
48
49
34
25
30
20
36
38
37
29
27
35
20
37
37
31
21
39
56
31
37
36
20
25
20
33
55
28
38
53
29
24
43
30
27
34
33
50
30
52
30
31
51
35
31
22
25
35
45
39
27
40
28
41
29
34
20
28
28
49
