40
29
27
39
37
36
33
35
34
37
39
35
29
41
45
38
22
31
29
30
37
36
21
59
35
20
37
32
40
42
45
23
25
44
47
36
37
28
35
26
34
26
44
31
37
20
44
40
42
28
20
28
33
20
32
33
33
24
55
38
42
37
29
30
31
58
31
53
50
39
27
47
20
32
32
20
35
42
41
47
29
50
42
37
28
26
40
33
30
34
44
27
53
29
20
58
39
23
35
43
43
35
30
38
29
41
34
48
49
33
29
20
23
24
26
43
47
23
40
58
27
20
37
57
52
39
44
24
32
33
48
46
27
34
20
25
30
40
30
52
35
31
44
37
30
30
31
42
40
41
40
25
36
33
29
25
35
51
42
38
39
28
20
47
38
44
40
38
45
41
39
30
27
26
42
37
29
45
39
29
30
20
32
35
27
32
47
20
36
29
41
24
51
25
53
42
54
34
51
24
33
20
31
24
24
20
26
22
28
28
22
31
21
48
31
20
23
45
39
35
29
36
32
36
38
28
39
52
38
38
55
27
41
47
37
20
49
35
27
31
20
46
34
20
39
22
20
32
36
28
41
27
20
34
25
60
33
23
37
37
40
33
33
31
41
26
51
25
32
29
25
31
37
37
47
35
25
42
38
42
27
35
40
40
37
41
32
33
28
