27
23
45
28
28
20
31
45
37
52
29
33
20
27
27
32
38
43
35
39
29
21
44
20
54
23
23
30
26
37
39
45
22
36
37
35
32
25
33
38
27
26
27
20
34
33
48
31
25
41
25
30
41
42
50
40
32
25
33
30
46
33
27
24
36
22
32
34
43
43
21
43
38
20
55
27
24
56
22
32
22
29
27
60
37
23
29
20
26
20
25
37
23
26
25
26
28
29
43
47
23
20
29
36
29
36
39
34
21
20
32
31
40
25
29
37
49
27
32
52
31
26
30
27
38
32
27
37
38
26
28
30
50
21
21
25
30
24
21
41
20
29
32
25
20
32
24
34
32
20
26
21
30
20
26
32
27
39
41
49
33
33
34
28
20
29
33
39
38
36
44
23
23
25
34
20
24
29
24
24
36
26
27
24
25
27
38
34
26
28
31
20
22
29
34
34
24
35
26
33
37
26
28
27
34
21
31
37
43
33
37
28
29
34
23
37
27
35
30
27
30
23
25
32
20
32
37
27
35
24
36
22
23
39
20
47
34
23
51
36
40
44
24
41
25
35
29
31
32
27
38
22
30
24
24
46
43
32
29
23
33
36
32
23
31
28
34
27
29
33
21
38
27
22
33
47
35
40
39
32
36
26
40
23
29
27
24
25
30
