31
26
50
38
45
32
21
38
52
30
40
36
41
22
21
44
37
22
42
27
34
37
31
37
43
39
33
35
36
28
39
21
33
26
32
34
39
27
33
41
24
21
23
27
26
23
33
55
48
20
29
24
20
28
25
40
33
29
20
36
40
27
28
40
35
28
31
33
28
21
30
20
43
40
41
35
42
33
28
28
27
27
30
47
31
24
30
28
36
21
22
48
22
21
29
29
30
40
20
50
27
30
32
30
32
30
29
31
27
43
26
23
27
27
27
31
36
43
45
31
27
35
32
20
21
44
31
28
22
41
27
42
24
37
28
32
25
25
27
26
36
49
29
30
24
37
27
36
36
46
22
35
20
27
21
35
31
25
34
34
46
40
43
29
43
37
44
26
42
31
28
24
21
33
29
28
24
32
30
41
23
30
33
29
40
34
20
43
24
23
38
36
26
32
30
27
28
31
26
24
24
38
28
52
28
20
28
21
36
22
30
32
41
38
33
34
40
28
35
20
37
29
27
30
28
27
53
41
38
41
23
41
31
39
22
34
31
30
40
42
32
35
29
33
27
39
46
27
20
45
25
20
40
20
43
29
36
30
27
34
27
25
45
24
31
32
32
32
20
30
31
30
40
29
34
20
30
32
30
35
34
39
27
26
29
27
50
60
31
