41
31
36
27
24
31
22
26
32
34
36
38
23
32
20
48
28
25
24
47
34
34
49
36
32
44
24
30
24
27
20
26
57
34
40
20
27
32
38
29
40
41
32
55
35
24
27
37
32
41
37
20
39
29
20
41
34
40
27
31
28
31
32
23
25
39
37
20
27
45
30
22
30
42
32
30
33
52
38
30
28
38
31
20
31
47
20
53
39
29
32
39
34
20
26
33
40
41
43
54
20
26
29
37
35
26
30
38
44
38
34
20
33
33
45
54
21
28
34
40
37
24
31
32
30
43
38
37
31
28
39
25
29
22
38
41
22
41
36
27
33
44
42
23
40
27
26
31
20
43
36
24
43
30
38
42
36
30
30
26
34
30
34
36
41
38
45
21
20
22
35
26
29
30
29
31
35
43
46
54
27
27
35
23
34
38
47
25
30
31
28
27
35
42
23
48
28
22
29
45
20
29
42
31
60
28
40
36
33
53
37
33
30
20
33
27
53
23
42
46
27
29
28
29
31
44
43
53
37
20
31
44
33
26
37
29
41
32
21
28
34
39
32
39
25
34
35
46
28
41
34
37
45
25
26
24
20
29
25
26
33
32
29
30
34
47
26
31
31
26
44
41
27
27
28
25
20
25
28
33
27
22
26
22
37
31
42
30
25
