20
25
29
30
46
39
35
32
27
43
47
23
32
28
38
32
35
29
37
34
45
32
20
27
32
42
32
22
22
35
31
25
37
24
29
27
35
22
25
32
24
28
49
46
20
25
25
48
26
28
41
46
22
44
23
20
33
37
30
29
30
36
24
33
24
25
28
29
32
33
38
37
20
42
26
22
20
33
35
32
34
37
25
32
28
32
30
25
42
26
28
34
20
37
29
21
39
43
44
36
28
21
38
20
36
27
33
21
25
30
24
27
35
40
20
44
25
22
56
37
28
35
37
31
31
30
32
21
33
29
37
29
50
25
32
32
25
35
37
41
36
25
24
43
29
39
29
29
33
29
27
32
53
20
24
33
29
38
34
27
35
27
32
31
26
37
37
34
52
26
32
20
40
30
25
33
30
27
39
39
40
39
41
26
25
32
39
30
28
34
50
23
28
45
22
27
40
30
26
33
25
44
41
39
35
48
60
31
28
26
41
32
31
41
27
20
34
48
32
38
27
42
35
23
39
36
30
37
33
20
25
40
28
40
45
48
34
30
24
32
33
33
25
48
41
40
25
43
25
36
51
25
31
41
37
37
32
36
34
33
27
40
53
20
32
32
20
30
33
39
47
28
38
31
32
20
30
42
25
40
30
38
26
37
23
39
28
36
28
