35
42
37
25
23
38
34
40
32
22
38
29
29
36
20
32
20
43
34
43
39
25
38
23
32
20
37
43
20
32
32
21
34
31
33
35
28
34
24
25
38
36
35
30
41
34
29
49
34
28
32
20
27
42
20
43
39
34
48
21
26
29
23
31
26
23
28
20
34
47
48
42
29
30
37
23
22
46
24
30
24
27
42
20
23
33
36
26
36
23
37
20
30
38
36
26
41
38
44
28
30
24
29
43
22
27
31
26
25
29
23
23
23
22
25
42
28
20
34
25
30
60
30
26
41
32
30
32
20
30
38
35
33
30
27
29
35
21
26
27
27
20
36
36
30
30
24
23
26
31
25
27
35
39
36
23
21
36
30
23
34
26
45
28
44
26
41
25
30
20
39
24
35
34
27
22
26
33
30
41
48
35
20
23
45
35
30
32
20
41
20
46
20
32
39
30
27
28
21
32
24
29
29
31
24
27
26
20
20
43
28
42
25
24
28
31
30
22
22
32
30
31
36
28
27
35
28
22
35
27
35
35
33
23
24
32
20
41
40
26
38
28
28
43
28
44
26
23
34
22
39
24
20
29
25
48
31
48
25
29
24
25
46
27
31
24
33
36
33
31
42
22
20
34
42
43
27
21
20
26
31
41
21
29
35
37
23
40
24
