35
39
25
26
28
29
27
39
31
32
42
39
37
40
42
38
33
34
20
56
39
22
32
37
28
24
23
23
33
48
32
49
44
36
43
46
24
35
34
42
28
30
38
45
42
44
39
28
47
37
32
39
44
39
20
41
36
37
38
23
27
36
38
53
25
49
22
43
20
31
37
46
56
34
28
31
24
38
20
27
52
28
29
41
20
33
35
36
26
35
20
27
31
37
41
24
29
31
32
46
20
42
27
25
36
31
28
27
20
27
39
39
42
21
37
31
26
34
28
43
31
23
35
20
21
38
40
28
30
37
43
20
26
30
20
36
45
49
28
29
27
28
41
31
24
35
45
32
47
32
60
31
43
36
25
42
24
22
35
38
32
53
45
20
34
24
41
30
40
21
47
25
44
32
53
28
26
34
38
31
38
38
37
40
36
39
33
45
29
33
23
44
39
23
31
33
33
39
28
29
29
54
40
28
41
35
34
45
37
37
25
38
23
46
36
30
36
28
28
26
29
42
53
20
43
20
44
24
28
47
32
29
32
26
27
58
29
46
31
30
21
20
36
31
25
34
25
32
28
24
26
37
36
27
25
25
38
48
43
25
49
25
28
48
23
29
45
25
28
43
27
29
27
30
55
29
40
35
36
24
22
29
31
48
20
39
33
42
28
