28
29
20
23
21
31
33
34
40
35
20
35
38
24
34
21
37
32
25
32
36
45
28
29
37
38
45
27
21
31
26
36
25
42
30
46
31
32
29
36
45
36
31
24
43
54
23
28
39
31
28
43
25
27
26
28
25
24
26
38
29
32
28
33
25
56
29
23
28
32
35
41
20
39
26
20
34
24
28
37
22
23
31
23
22
37
34
45
30
41
28
20
29
27
34
27
35
36
37
39
20
38
24
29
20
20
30
25
42
20
31
33
27
31
32
34
29
36
32
51
20
22
29
39
30
21
30
40
54
29
22
37
35
34
25
51
38
37
21
29
36
37
43
43
31
40
48
31
46
39
28
25
29
38
36
33
23
27
20
26
43
27
48
40
25
36
29
25
25
50
26
48
24
45
29
35
35
54
26
30
46
41
26
53
54
25
30
27
20
47
31
41
39
32
54
27
35
23
39
29
34
40
37
40
40
29
39
40
31
42
32
25
20
44
23
28
33
21
30
33
36
42
20
23
45
36
24
23
44
20
60
20
33
22
30
31
35
20
35
43
42
30
38
38
36
27
32
45
46
32
28
20
27
39
20
56
40
20
55
41
37
42
37
49
24
30
50
46
36
23
24
27
33
28
27
31
47
26
20
29
31
42
31
26
39
54
44
46
34
