33
22
35
33
24
28
22
57
36
29
34
41
40
52
57
28
38
30
24
21
35
34
20
32
31
31
31
26
39
45
34
42
23
40
22
32
25
35
43
34
37
27
38
23
40
27
50
31
33
22
34
20
20
37
38
23
26
40
37
46
44
26
31
21
42
29
33
21
38
37
25
22
21
21
32
48
31
28
26
44
26
33
49
23
26
38
29
33
29
27
37
20
32
37
25
46
28
20
24
60
36
33
40
32
41
24
36
20
48
20
33
29
20
31
20
34
38
35
36
31
39
29
46
33
35
29
29
45
48
37
21
35
28
21
34
21
36
31
43
50
28
50
38
25
22
51
35
20
25
46
33
24
29
21
30
36
42
26
29
38
31
33
28
48
24
31
34
40
27
31
23
42
36
39
48
34
56
25
36
26
58
31
21
21
35
29
32
26
35
33
26
24
34
37
38
36
22
39
20
22
31
29
37
34
30
45
37
40
36
29
51
25
34
47
40
52
31
25
23
52
24
34
29
34
41
36
39
32
37
38
39
40
33
35
55
37
31
21
31
50
33
26
30
37
29
29
39
20
29
44
27
28
30
33
22
32
20
26
36
32
43
30
27
41
40
30
31
20
28
32
22
25
34
52
21
25
25
43
21
34
38
36
45
28
33
26
25
32
33
