24
25
42
26
41
37
40
26
36
36
46
32
43
30
42
36
34
21
33
31
28
28
33
39
32
32
33
28
36
29
23
34
33
27
43
35
42
27
23
29
35
21
33
22
24
27
32
41
36
48
32
60
31
40
27
36
21
21
44
32
34
21
33
36
29
21
34
55
22
30
27
32
28
22
24
21
20
38
36
24
35
41
36
30
35
40
26
20
40
26
33
35
42
41
30
38
48
24
40
40
39
23
32
36
30
24
25
23
23
56
47
49
33
25
33
26
37
29
35
31
57
44
35
20
24
41
35
30
41
27
23
25
26
31
22
25
35
29
38
20
30
33
23
28
31
22
23
26
25
44
28
26
32
37
39
23
35
34
44
54
28
24
46
40
37
33
30
30
30
38
22
25
23
33
21
36
24
26
31
21
25
29
27
27
33
41
44
26
33
29
30
21
28
30
25
33
31
32
36
31
39
20
46
34
38
50
26
40
23
27
26
36
28
31
43
24
37
22
22
22
30
30
20
27
31
32
35
29
44
22
21
48
43
22
39
44
29
29
26
23
20
39
27
44
53
35
32
28
21
27
29
46
25
27
35
26
40
20
34
32
57
33
22
27
32
40
23
36
31
28
31
27
30
49
29
34
38
20
34
32
44
43
38
29
26
31
29
31
30
