46
20
40
39
34
25
28
23
24
29
43
27
25
20
26
39
29
41
38
39
26
26
37
27
36
28
26
20
38
26
22
33
37
41
32
32
31
28
31
46
22
33
22
22
28
28
43
29
27
25
44
26
41
31
28
30
29
29
38
29
30
27
43
32
20
24
33
46
36
20
35
34
24
36
37
20
29
38
28
20
42
46
35
45
45
46
30
27
29
39
32
20
38
30
31
39
23
34
50
44
30
41
26
40
24
32
45
24
36
39
27
23
34
47
34
26
24
26
33
25
30
33
49
38
49
33
29
37
51
29
31
20
60
47
20
35
37
32
49
42
28
27
37
20
20
43
20
38
29
43
55
29
35
48
24
25
20
27
39
21
28
27
41
29
38
28
33
54
25
26
26
47
38
40
20
24
25
36
23
44
39
33
45
24
32
32
32
20
29
28
27
23
32
38
32
30
42
28
27
27
29
38
32
30
24
40
21
45
41
42
24
43
38
29
43
46
33
28
49
44
40
33
21
26
40
35
41
36
40
25
51
32
28
35
42
22
22
43
44
37
47
39
49
35
33
31
57
44
27
39
42
32
30
29
30
37
30
55
20
45
31
26
32
24
34
38
26
35
23
36
37
20
54
37
38
24
27
45
35
35
27
34
27
28
34
35
31
20
48
