41
24
29
30
34
38
30
46
27
27
29
22
31
25
37
31
23
34
38
38
30
23
39
30
33
28
24
34
25
34
34
25
37
38
23
29
37
32
20
34
24
33
25
35
40
43
30
20
33
35
39
31
23
33
30
49
24
39
35
22
20
39
22
23
22
20
27
26
37
31
25
30
31
47
33
24
20
26
32
40
42
30
35
44
37
37
30
30
39
60
46
20
40
43
35
37
26
21
25
22
28
37
23
39
29
32
35
35
27
28
24
36
20
36
35
39
29
21
20
47
21
28
37
20
45
53
55
34
50
23
24
32
28
22
31
34
46
48
23
37
46
40
35
28
41
40
27
47
31
26
20
31
23
31
26
27
54
34
39
20
37
20
25
42
20
29
23
32
33
42
40
24
23
25
45
46
32
41
45
27
33
43
33
49
25
31
25
40
24
39
36
28
45
32
29
31
32
34
34
31
31
25
51
41
23
29
45
28
36
53
24
20
47
24
34
31
21
23
37
36
28
37
44
38
35
35
32
41
36
30
31
28
21
32
31
42
22
30
27
39
28
39
30
24
39
32
23
33
39
50
24
20
29
33
25
25
33
45
22
25
30
30
36
27
21
31
51
28
27
25
23
22
27
22
21
32
45
39
30
21
25
23
44
47
32
30
25
50
32
