20
27
39
24
25
35
21
31
52
20
22
46
49
44
30
35
25
34
42
38
39
35
46
34
21
29
30
26
29
22
29
33
32
33
37
32
60
32
20
27
24
41
27
38
50
34
30
41
35
28
27
26
41
20
39
42
20
30
27
26
26
36
26
22
38
26
32
39
24
30
24
27
23
49
29
32
22
34
31
36
21
24
27
46
44
29
32
25
30
42
35
36
23
21
50
28
39
46
23
40
33
38
28
36
30
28
25
35
28
25
50
30
24
23
31
36
20
39
45
36
42
24
23
21
25
27
24
41
40
30
45
26
26
30
31
21
30
32
37
35
24
44
44
48
31
35
32
34
30
27
25
35
33
34
39
25
35
26
27
45
32
34
35
33
45
23
28
32
30
26
26
27
40
24
33
26
29
38
20
23
36
30
24
27
20
33
28
43
27
28
34
41
40
42
20
32
36
33
34
38
34
32
53
26
39
44
26
37
20
22
41
31
30
39
40
23
34
29
29
25
33
20
25
30
38
23
37
27
34
22
32
21
24
46
20
36
32
34
43
27
30
37
32
20
40
32
25
27
46
24
34
20
33
45
27
30
23
41
20
20
24
34
40
41
27
44
38
40
44
33
23
58
32
37
29
38
20
36
22
31
35
33
20
43
40
25
29
20
20
