36
36
53
29
35
39
47
33
38
25
22
44
20
34
48
24
31
29
40
39
39
45
28
39
39
36
39
42
31
27
32
40
39
51
20
22
33
26
33
31
27
32
34
43
28
60
27
43
29
45
23
20
26
30
38
39
34
30
34
37
55
33
28
36
22
37
37
31
37
33
35
41
22
33
20
35
40
32
28
20
32
28
45
28
39
43
30
39
27
27
33
27
26
24
30
22
45
23
46
49
34
27
32
21
49
24
33
37
20
26
44
20
43
35
41
51
34
37
34
36
28
29
46
21
44
41
28
28
35
29
40
38
25
47
27
39
39
48
36
28
29
37
46
32
23
25
24
40
20
26
42
32
34
38
28
42
43
37
20
25
25
20
25
25
26
31
27
48
26
24
39
26
20
37
42
27
26
20
31
20
43
28
30
25
43
48
32
45
30
23
39
36
21
37
38
33
47
22
47
42
33
35
52
27
20
44
23
40
31
27
43
23
47
31
20
31
25
40
55
34
29
23
35
28
35
21
27
25
28
28
29
34
35
35
35
45
34
30
22
37
30
49
42
35
37
37
20
37
45
24
57
24
33
20
24
43
31
20
42
29
25
51
40
39
36
23
44
36
20
30
44
37
24
35
30
32
32
30
51
33
42
25
45
24
38
32
24
22
28
