36
54
39
34
30
37
43
29
20
34
32
26
47
34
27
41
26
38
35
43
42
32
31
25
28
40
32
33
33
24
24
36
39
33
46
28
21
36
29
27
42
33
48
37
31
21
37
24
28
37
32
35
41
27
34
27
20
28
33
39
53
39
32
34
22
28
29
35
40
31
21
44
60
29
49
30
25
56
26
26
33
42
22
22
22
26
28
23
40
41
32
50
24
29
25
25
32
33
35
23
26
47
40
38
34
40
32
35
32
31
34
27
37
20
41
36
23
20
28
40
23
29
45
32
38
24
43
26
32
31
30
23
32
43
20
39
28
32
33
41
38
33
31
39
31
39
20
31
32
31
37
31
36
43
38
40
42
34
35
24
23
22
20
27
25
39
36
40
39
24
28
26
38
26
25
49
21
34
37
41
43
24
24
27
28
23
33
35
27
20
22
42
38
29
59
37
37
23
28
32
32
58
22
22
34
28
37
30
36
32
31
40
54
32
31
27
34
25
28
34
23
40
35
29
28
35
35
26
34
25
26
26
44
26
40
32
27
21
24
36
46
23
24
44
34
23
35
20
34
27
28
25
37
36
42
35
32
53
25
27
35
24
37
48
25
29
40
35
26
35
29
40
20
30
32
37
33
31
28
37
20
29
23
24
28
40
34
25
38
