22
24
25
40
36
40
39
23
30
51
33
37
34
32
29
30
43
41
47
28
25
24
29
21
43
35
38
44
38
39
32
49
20
31
25
42
33
43
39
24
36
28
45
42
28
29
27
20
34
34
36
45
31
32
35
27
29
45
44
32
34
27
45
28
28
33
37
44
28
34
43
46
37
30
22
33
24
39
25
25
37
53
50
44
34
30
40
30
35
34
44
35
27
34
24
22
40
30
39
36
38
39
40
30
45
27
53
48
23
43
31
26
28
39
28
38
20
29
20
40
38
24
37
21
28
43
57
29
45
43
44
24
33
28
34
37
60
30
48
28
20
33
24
42
31
42
27
20
20
32
34
28
48
20
34
30
28
32
36
38
36
37
45
25
20
29
42
27
24
45
20
32
48
20
29
20
35
24
40
20
36
25
33
34
30
28
37
28
21
30
39
52
36
58
26
23
31
39
23
25
20
43
28
24
39
20
35
42
30
21
45
29
55
44
20
28
36
47
42
34
39
20
24
35
37
31
39
22
28
32
38
36
30
51
40
40
49
23
29
20
36
42
22
41
20
24
43
32
36
27
45
35
27
25
39
21
40
25
26
27
21
36
48
20
41
46
36
24
34
40
20
31
34
26
37
37
22
38
30
36
38
33
35
38
20
34
24
34
21
