27
27
27
38
29
30
20
21
29
39
26
22
25
39
31
26
33
41
31
23
37
30
25
33
21
20
21
32
20
29
32
35
30
40
28
30
23
20
38
36
31
24
27
27
30
45
28
37
26
25
20
30
35
36
27
35
22
25
36
24
39
30
48
31
38
27
51
24
34
33
25
32
20
45
23
36
24
43
39
20
27
28
32
27
34
38
20
20
43
31
34
34
37
36
38
29
26
37
28
34
21
34
31
39
33
32
26
26
34
20
32
22
22
29
36
20
25
28
25
33
42
31
38
24
29
36
23
30
20
29
34
28
20
35
28
20
25
27
35
31
26
20
34
39
25
21
36
23
29
27
32
22
20
32
40
20
31
30
28
23
23
34
20
27
35
32
26
37
25
35
26
27
24
23
27
26
25
34
20
37
28
25
24
28
44
44
26
33
27
49
30
33
39
38
22
24
34
27
29
39
35
22
39
24
33
23
24
30
24
33
31
23
32
25
26
22
44
33
34
27
41
26
24
25
37
30
28
36
38
32
20
33
37
20
20
30
37
21
20
22
32
31
32
30
27
33
23
29
35
23
28
27
34
27
21
35
35
31
60
36
33
25
32
47
30
32
31
33
25
34
26
33
28
41
20
25
27
38
20
35
28
29
28
41
24
28
24
20
23
