28
58
27
30
29
32
24
37
23
29
34
37
51
45
34
49
22
28
44
21
30
34
32
36
35
37
32
47
38
28
31
45
22
21
40
48
37
41
31
55
33
44
34
35
31
58
38
24
39
41
20
32
28
24
22
30
38
21
51
27
27
55
25
37
50
20
44
25
34
39
34
40
30
31
31
46
32
58
41
35
42
27
40
32
21
27
60
20
37
31
29
40
36
44
30
27
21
46
23
41
40
27
47
20
43
35
39
31
28
38
36
45
25
25
26
50
38
35
46
28
20
36
46
22
35
37
24
21
30
29
34
48
33
36
25
33
37
30
36
28
31
27
41
28
36
28
32
38
22
48
47
38
28
29
21
37
27
29
23
27
26
35
36
40
22
31
21
35
29
49
31
48
21
34
20
33
44
31
35
48
20
21
32
31
44
38
40
26
43
26
27
30
25
32
53
31
30
28
52
29
27
23
35
46
38
22
47
50
29
34
34
34
33
50
35
42
37
24
45
30
35
43
24
36
34
29
20
30
22
20
20
20
38
32
42
46
29
23
24
24
29
44
25
35
31
51
20
31
20
47
36
57
43
40
33
27
37
39
25
46
37
31
31
34
23
33
29
43
20
38
29
42
21
27
21
38
32
27
54
33
38
38
27
42
36
39
29
46
52
