20
34
25
35
24
41
23
41
22
32
35
23
25
22
36
32
35
35
50
29
26
34
36
26
41
30
23
28
35
28
46
39
33
26
26
44
34
34
45
21
29
34
23
34
27
31
37
20
29
26
30
39
32
42
34
32
25
36
27
21
20
34
25
28
41
26
20
43
32
23
34
45
25
36
51
28
34
37
33
33
34
30
28
38
29
27
31
28
41
39
29
26
35
43
29
32
46
30
32
22
37
39
27
27
30
32
36
24
31
30
38
31
31
37
58
31
28
38
30
33
46
40
28
25
31
33
29
23
27
20
27
32
22
23
25
23
28
20
25
29
30
39
29
21
42
21
32
43
35
43
23
60
31
23
20
27
44
30
25
34
32
41
37
34
51
25
37
44
29
32
33
56
30
24
39
31
37
37
31
23
23
41
28
30
25
35
50
41
38
28
37
30
47
34
24
24
40
20
22
34
38
42
27
49
20
41
20
43
29
24
24
26
36
27
33
30
30
33
42
27
22
40
23
39
33
45
35
38
32
20
41
30
29
33
20
40
27
20
22
32
20
36
29
43
26
20
35
34
42
43
24
36
24
38
41
31
26
28
43
39
31
28
35
27
20
24
29
20
20
20
43
32
33
26
23
24
30
24
23
32
46
46
33
36
42
25
21
28
37
