20
39
41
33
36
51
37
33
31
27
48
28
37
46
32
45
30
37
31
37
23
33
29
46
30
32
31
27
28
20
39
45
32
27
28
27
37
35
31
24
29
60
28
36
31
24
41
45
34
38
24
32
25
34
37
34
38
31
34
26
20
40
23
32
20
31
21
32
33
29
41
22
35
27
30
25
44
23
47
37
26
20
32
28
37
36
28
37
41
41
31
25
47
30
30
20
32
28
41
21
48
46
25
35
41
32
48
29
35
45
33
28
28
25
29
34
22
34
20
38
37
34
43
28
32
39
26
27
29
25
37
27
46
31
28
34
20
33
33
22
24
44
35
33
42
48
32
37
31
45
35
24
42
38
27
37
29
20
22
32
35
34
20
29
36
30
43
20
30
28
25
20
25
22
39
38
28
34
28
23
20
22
34
34
30
27
27
25
23
23
37
29
36
38
39
29
35
40
35
20
27
29
35
30
23
35
31
32
23
30
37
36
34
44
39
21
32
27
27
41
20
33
48
44
30
34
34
27
34
34
42
37
38
49
20
23
27
22
23
24
23
48
22
33
30
23
23
49
50
27
23
43
28
28
30
37
32
38
37
27
25
23
23
32
27
38
45
28
39
44
23
43
37
34
36
31
44
23
39
23
33
24
28
34
32
34
37
35
28
