30
28
20
27
28
20
28
29
23
27
40
37
21
24
27
20
40
37
36
34
45
36
21
35
30
37
43
44
36
35
35
38
39
40
27
21
27
24
30
26
30
46
23
28
27
20
20
27
39
41
25
47
40
22
30
31
32
26
30
37
31
32
37
37
40
27
26
29
43
31
35
24
27
20
25
20
30
37
33
24
35
23
31
29
53
32
35
38
27
28
40
30
21
50
40
39
44
40
32
39
37
23
26
31
27
29
38
32
29
33
38
23
24
25
33
42
21
47
26
29
51
35
34
36
33
38
50
34
41
28
33
31
37
25
42
32
47
49
24
33
31
36
29
23
24
21
31
38
34
22
34
20
44
29
25
37
27
21
36
41
35
38
38
25
54
20
32
33
46
27
37
30
37
29
34
30
21
30
26
34
29
29
25
33
29
29
34
27
40
26
31
25
23
30
40
28
22
20
33
26
35
30
60
25
35
32
33
26
21
27
20
35
27
27
39
52
44
24
29
27
40
20
38
21
20
28
22
40
22
35
23
34
36
27
24
23
39
32
30
31
28
32
41
44
32
20
24
38
31
24
40
23
24
20
28
25
23
28
31
23
35
26
22
22
27
27
21
22
38
39
25
24
21
35
26
41
29
37
20
29
32
37
21
44
38
39
27
32
42
