35
22
27
31
37
26
27
38
28
33
35
31
27
26
20
32
30
34
27
33
23
48
25
23
35
32
44
36
42
32
27
36
27
22
23
41
39
43
25
23
25
40
42
26
42
20
26
42
33
21
26
20
43
20
48
31
29
29
29
36
30
26
24
38
21
34
21
33
22
33
27
26
38
20
21
47
25
25
28
23
24
43
33
30
36
36
23
26
44
28
30
30
20
33
24
42
33
31
24
30
39
20
35
21
21
24
29
20
26
29
33
28
40
20
40
34
28
22
43
20
42
36
29
33
27
25
44
35
30
20
22
60
31
26
30
35
31
47
27
26
33
37
40
31
20
29
28
26
20
50
41
20
37
26
38
25
24
37
30
29
32
29
39
36
35
20
36
37
37
42
33
31
45
29
27
27
24
42
51
38
33
41
37
52
29
26
26
21
36
31
28
22
20
35
34
35
22
32
30
28
38
20
28
43
22
26
36
26
29
36
31
26
28
23
29
34
46
32
27
26
28
41
38
41
25
36
27
26
31
34
37
32
37
34
24
42
47
28
29
41
30
39
31
33
20
26
36
34
26
34
33
32
28
34
25
27
28
22
41
39
37
32
26
26
52
29
34
51
23
35
30
32
36
39
34
33
28
36
33
44
32
34
45
25
37
37
34
40
31
