28
26
22
38
28
35
36
20
37
44
29
29
29
43
21
38
29
22
20
40
23
28
46
43
35
28
30
41
32
41
27
33
29
24
31
50
40
45
38
22
35
35
26
36
43
40
29
33
32
36
28
27
42
24
20
34
42
41
27
42
36
30
49
29
29
46
29
37
29
20
39
30
25
42
21
34
25
32
46
44
37
37
37
56
26
30
37
36
48
32
43
33
34
22
43
39
34
30
27
36
34
22
37
30
22
34
33
24
39
20
29
44
46
34
34
27
35
20
44
28
38
36
29
30
27
60
27
36
26
37
37
25
31
41
28
30
30
22
26
23
32
32
22
40
35
23
35
27
34
24
40
28
22
42
26
42
26
24
36
45
31
20
31
26
28
35
37
28
52
41
36
36
32
33
46
44
25
20
31
36
32
31
50
45
46
29
32
27
42
21
26
31
39
26
25
26
44
25
45
36
30
28
29
36
35
38
41
30
32
31
22
32
33
40
33
23
34
32
23
28
28
48
38
20
23
31
25
22
28
26
21
28
27
45
37
30
20
31
44
28
25
37
29
20
31
47
29
26
27
31
30
28
43
31
24
40
27
36
29
29
21
47
24
39
25
34
42
29
42
44
32
40
28
30
34
33
27
32
31
27
36
27
32
34
31
23
27
46
42
