40
36
27
21
31
39
42
33
21
31
38
39
28
31
41
29
31
57
49
43
44
25
38
44
43
30
31
28
28
25
36
46
28
25
35
42
49
37
33
42
30
28
33
29
26
23
31
56
36
20
53
60
27
38
28
52
38
46
46
26
39
38
36
33
33
23
25
46
28
30
33
28
37
37
39
29
30
29
32
27
35
29
20
27
26
45
37
30
26
22
31
36
37
38
20
42
29
26
42
39
22
41
34
22
53
20
33
30
40
25
41
39
22
38
32
40
26
39
35
24
40
45
33
30
28
25
24
31
23
39
20
28
20
27
33
40
43
20
37
33
27
24
26
20
20
29
25
26
26
20
49
40
29
47
38
38
46
33
27
35
40
35
20
30
58
36
41
43
20
24
34
22
20
37
53
34
25
33
29
36
25
40
29
36
36
21
32
33
25
34
39
41
35
40
20
32
29
44
41
21
33
37
38
39
24
47
25
56
40
32
27
32
40
41
34
34
26
49
30
31
50
34
33
31
43
34
43
46
26
36
25
26
20
42
39
44
32
30
46
20
25
28
48
47
31
29
30
34
36
24
29
28
24
30
31
27
49
46
40
25
31
44
20
40
24
51
22
43
40
41
32
31
29
20
34
37
36
46
30
38
55
22
41
44
22
32
30
45
42
