49
42
36
21
38
34
44
27
29
27
32
39
27
33
26
38
34
28
34
26
31
38
34
28
46
31
20
36
44
40
34
32
22
27
38
29
36
33
36
31
36
29
32
50
23
47
22
46
43
33
53
34
34
34
31
45
26
20
38
25
41
45
23
38
27
39
40
26
39
38
25
28
27
32
25
35
29
22
33
32
25
35
33
20
35
23
23
28
38
21
30
42
28
20
35
29
41
41
41
23
35
49
26
36
34
20
28
29
32
30
32
33
32
32
32
26
20
32
23
24
25
44
45
30
28
32
60
21
33
39
46
33
37
32
30
30
34
24
36
26
27
32
37
30
20
22
43
26
37
27
37
36
28
32
40
38
26
28
21
27
33
30
26
27
46
25
24
21
36
41
25
22
38
24
35
33
23
20
22
25
20
28
40
40
35
28
21
20
34
42
43
34
31
38
55
20
36
44
40
27
21
21
41
30
44
29
43
43
30
38
26
34
27
32
39
27
32
36
41
39
38
24
25
38
33
29
34
36
29
26
33
31
25
42
33
20
43
36
32
36
29
32
22
30
40
48
38
24
20
20
21
33
35
27
32
45
40
24
32
32
28
21
37
23
36
46
48
30
22
20
32
23
25
28
20
30
26
35
38
42
40
44
26
36
26
37
33
32
36
