25
36
39
27
39
25
20
39
30
34
23
29
20
28
29
22
28
25
35
35
41
30
33
39
23
31
20
39
38
30
27
24
32
20
20
41
22
32
20
37
44
26
27
22
23
36
31
48
33
26
27
29
35
26
41
41
27
49
38
35
25
34
23
31
35
26
60
25
25
36
21
36
37
23
41
41
23
33
23
38
47
20
46
21
43
28
23
36
21
34
34
38
30
23
30
42
34
28
30
30
22
29
27
39
55
39
36
53
24
39
40
49
38
46
30
28
20
40
23
48
38
40
34
42
26
46
36
40
22
29
26
34
37
31
43
26
22
25
33
25
26
29
44
45
35
38
35
35
22
32
34
27
41
26
28
23
42
24
48
43
31
47
20
34
30
32
34
27
24
36
41
23
37
28
26
32
49
22
31
20
46
46
31
29
30
48
32
29
31
40
27
34
46
45
32
30
37
55
21
30
41
50
40
33
37
23
31
20
47
42
44
43
44
39
33
35
24
27
38
38
48
37
36
21
37
43
26
23
22
42
27
26
49
40
27
27
36
22
52
31
41
47
40
26
23
21
24
27
46
32
32
29
30
31
34
30
25
20
29
22
41
33
42
47
23
31
38
49
27
29
33
30
31
29
20
27
37
33
29
52
40
22
26
20
49
25
30
33
39
