35
44
42
24
30
24
29
37
38
43
46
35
29
60
34
31
23
41
44
41
28
36
20
41
33
46
20
40
24
31
55
35
35
27
46
38
35
40
25
39
39
47
31
30
30
21
22
31
41
37
31
38
21
35
25
37
30
24
31
32
44
42
41
34
21
20
21
27
40
44
42
23
42
30
43
30
31
28
27
28
39
27
36
37
37
40
26
40
31
22
37
42
30
54
25
39
27
21
20
57
35
30
22
33
32
53
37
30
32
41
20
45
46
37
36
51
22
23
28
26
35
34
22
28
26
34
32
30
27
26
52
32
24
37
40
45
50
37
42
33
44
29
20
40
28
40
45
27
21
54
20
20
30
29
23
31
46
28
45
46
27
28
27
20
32
20
31
38
25
41
20
25
31
31
20
45
28
41
30
22
42
33
27
41
28
43
44
34
38
39
26
28
46
46
39
54
35
24
43
20
35
30
35
29
32
24
36
39
43
37
22
21
27
43
25
30
26
36
30
26
31
38
49
46
33
27
35
44
51
51
31
40
31
28
30
30
39
33
35
20
29
22
20
49
27
36
29
22
20
20
32
33
24
32
50
20
25
41
25
31
24
23
28
55
24
34
21
20
39
33
20
27
42
27
45
23
36
48
42
32
38
34
48
45
34
33
32
25
46
