24
52
23
32
24
35
23
27
30
47
28
28
37
26
35
21
30
32
41
22
34
23
24
36
35
33
53
27
31
37
29
36
22
25
23
32
30
39
34
39
37
36
24
42
38
51
22
34
35
34
30
46
25
26
25
26
29
32
40
30
44
42
42
39
37
49
20
42
26
38
27
21
41
27
41
38
25
34
36
28
47
34
37
25
41
21
25
44
27
32
21
24
31
38
45
33
38
37
37
49
22
22
21
28
47
46
29
30
48
40
31
44
31
23
40
31
28
38
31
24
21
37
27
30
21
34
34
21
20
20
52
27
27
38
42
38
30
48
36
34
33
44
37
20
28
32
27
26
34
48
40
22
31
34
32
24
33
33
43
22
32
40
53
36
22
48
24
47
30
33
26
38
37
44
38
34
51
32
41
35
40
31
35
32
51
47
37
38
35
27
27
24
27
39
30
49
20
34
35
30
32
55
28
46
38
25
32
37
31
44
30
35
45
35
30
32
49
20
43
32
60
25
30
25
27
30
27
33
42
39
36
41
20
26
27
35
33
24
34
27
20
41
32
38
36
50
37
36
46
32
43
43
32
22
41
38
32
38
38
35
39
25
29
39
45
28
32
27
31
26
35
34
20
20
39
25
24
41
21
33
47
40
40
28
46
32
36
38
33
