25
46
33
44
23
41
31
31
20
38
46
33
29
40
32
48
20
42
26
32
27
38
30
43
31
33
25
48
38
43
20
40
35
37
49
29
36
33
33
47
28
29
32
42
30
23
26
44
46
32
42
23
30
44
41
35
37
37
50
22
20
45
30
35
28
21
26
29
45
20
23
40
24
20
29
26
35
20
20
25
24
36
27
20
34
44
31
36
20
26
33
20
28
35
34
41
37
29
31
28
30
42
29
39
27
36
26
26
35
32
21
28
38
37
28
28
37
37
29
32
29
41
46
50
28
27
30
36
30
24
32
32
36
40
45
25
58
27
26
34
52
38
26
32
35
36
23
35
22
35
24
24
39
33
22
34
33
39
46
23
30
32
24
30
22
42
20
32
32
24
43
38
39
38
25
34
28
26
20
25
45
34
23
46
43
39
30
24
41
32
32
29
32
32
32
23
32
29
38
20
33
34
41
20
31
34
26
24
42
31
32
22
25
35
34
26
38
35
34
46
26
31
34
48
34
39
40
37
29
27
30
33
27
44
25
35
31
24
42
25
20
38
33
29
20
32
41
40
21
58
30
41
33
60
43
33
33
52
32
39
33
52
39
38
36
23
34
54
29
22
32
29
41
23
20
35
42
28
33
36
29
36
30
41
35
23
27
44
31
