51
24
33
39
23
32
33
30
37
22
41
37
39
35
32
20
33
36
39
27
37
37
30
50
36
38
44
24
48
30
37
32
41
27
34
25
41
20
33
38
27
39
36
30
31
31
25
51
20
28
25
27
23
42
27
30
41
39
35
26
26
30
36
35
30
46
40
39
35
31
34
31
43
21
22
47
40
31
24
37
24
24
50
39
20
26
39
34
60
34
36
29
35
29
38
47
30
41
44
21
36
26
49
39
22
24
30
25
29
27
38
32
21
43
30
33
49
49
29
24
23
34
32
30
45
30
44
49
26
30
48
50
28
31
27
46
26
41
20
20
29
39
24
28
39
20
33
39
32
45
20
54
43
33
24
29
35
36
28
20
50
50
42
51
29
42
35
35
39
41
49
28
33
20
22
32
37
39
26
22
23
37
34
40
25
38
36
31
32
30
20
28
28
48
44
32
37
38
31
50
40
25
20
28
32
33
28
26
31
27
31
29
20
37
39
31
20
37
44
29
25
27
43
52
27
30
46
20
30
33
37
35
46
20
41
47
35
31
49
37
43
59
28
34
37
35
28
27
37
24
33
22
37
34
34
28
39
47
26
39
42
36
36
20
25
25
23
40
32
35
23
20
27
36
36
48
23
36
22
40
43
31
22
25
58
45
29
34
35
