30
33
36
31
41
36
46
27
29
38
46
23
35
31
39
29
37
29
31
30
35
32
60
31
40
30
30
39
28
30
32
23
29
24
23
29
28
41
45
34
24
35
29
43
30
20
30
33
27
26
22
23
20
31
32
40
28
32
34
34
37
25
27
24
22
26
22
31
31
20
33
33
38
35
31
30
34
41
36
32
40
36
29
34
31
30
32
31
43
32
25
24
33
25
28
30
46
27
20
29
35
36
39
26
41
36
29
34
20
31
21
21
24
51
21
37
28
44
32
22
22
33
39
24
23
26
27
32
34
29
25
43
46
20
39
38
24
32
28
23
30
35
25
20
29
36
26
32
35
26
36
35
27
33
34
22
26
39
46
22
32
24
35
40
28
34
28
36
28
27
35
37
31
38
27
30
29
24
43
40
49
36
36
23
30
26
36
28
29
28
32
30
41
33
29
44
30
20
27
32
31
25
31
34
31
28
36
20
23
28
34
30
30
28
25
30
25
31
39
41
34
26
20
21
40
27
26
21
35
22
20
40
32
25
21
20
23
21
26
37
20
26
39
28
29
23
20
34
35
43
40
42
32
41
30
26
23
25
41
21
27
25
25
28
34
45
21
20
23
21
36
23
42
26
21
37
20
20
20
32
23
25
33
23
31
37
40
31
39
