26
41
60
29
24
29
32
20
34
24
46
25
32
24
51
27
38
29
30
28
24
38
28
31
34
20
33
26
37
33
33
20
20
27
31
35
34
48
43
20
43
34
42
54
20
39
37
35
36
23
21
30
47
22
26
30
30
20
43
28
27
24
44
30
39
26
24
26
39
23
29
26
37
33
41
24
32
41
23
42
24
31
32
37
36
29
34
20
36
29
20
51
41
27
23
28
43
44
55
27
40
22
29
22
44
43
20
35
46
41
20
32
28
28
37
47
25
25
24
44
20
23
20
43
31
24
34
38
53
22
42
45
25
20
42
29
34
36
26
35
32
30
21
46
55
20
30
34
23
35
26
33
49
25
25
29
36
39
28
34
24
45
21
29
44
22
45
44
34
31
37
45
26
37
31
38
43
29
32
34
25
37
22
32
33
50
29
21
22
32
32
41
31
24
36
20
52
50
24
30
40
50
21
32
38
43
27
35
35
24
30
38
34
26
51
43
36
37
26
29
26
36
21
31
27
36
36
34
27
25
25
22
29
21
24
44
37
37
41
25
35
20
34
47
22
33
21
45
36
28
22
33
24
35
38
48
24
28
40
34
29
30
25
25
24
46
35
28
28
35
31
50
35
48
23
29
30
20
38
34
22
26
38
42
44
24
38
25
27
