48
51
31
20
20
37
36
28
27
24
52
29
36
25
24
46
38
23
26
33
34
48
21
21
41
41
28
48
40
31
30
35
29
22
44
39
30
46
32
31
48
43
45
20
30
20
38
41
35
33
43
30
38
60
20
42
21
21
50
25
41
26
31
32
55
50
40
33
24
36
43
33
48
35
27
30
37
43
49
31
33
25
34
22
23
27
35
21
50
20
30
28
46
30
22
28
37
27
31
20
34
37
26
35
47
55
39
42
58
47
35
40
30
39
26
30
32
27
37
29
35
44
56
33
30
36
41
32
32
31
44
31
24
21
27
25
27
38
21
46
36
23
41
30
27
34
32
29
28
40
28
32
29
33
41
29
26
30
32
38
41
44
23
39
21
23
29
20
39
32
32
55
34
40
37
33
34
27
45
35
26
33
24
37
28
39
36
38
43
46
43
39
21
41
38
37
32
41
51
47
28
31
25
35
32
59
37
40
33
43
37
31
24
25
32
44
33
30
40
29
40
20
35
23
24
38
28
31
56
21
25
36
39
31
33
35
31
35
29
29
27
49
20
29
29
31
51
24
28
32
37
42
24
40
37
24
25
34
51
37
38
27
26
27
27
30
30
32
45
50
48
22
51
38
20
38
35
29
31
30
38
29
40
26
24
24
30
41
26
