33
30
26
32
34
30
27
34
23
28
26
43
41
38
43
36
29
35
30
34
45
38
22
36
20
26
40
27
20
43
28
29
41
32
49
32
26
20
24
25
23
24
27
58
30
35
29
28
26
21
40
33
22
32
26
25
35
35
33
40
20
45
37
27
45
27
30
37
23
34
23
25
40
33
31
27
36
45
31
22
30
27
40
40
36
20
27
30
35
28
54
26
20
21
29
30
27
22
25
21
29
20
35
42
28
60
25
36
21
31
40
34
31
28
38
25
30
47
41
35
53
36
37
37
39
20
35
41
41
44
32
36
20
39
23
26
36
32
27
24
36
24
36
26
36
22
26
34
22
44
38
31
36
32
25
27
32
27
21
43
36
46
22
37
37
29
30
32
28
49
40
27
46
22
26
36
24
29
21
27
31
43
36
27
48
20
28
39
21
39
41
37
22
50
31
26
47
31
26
35
49
20
25
44
44
23
35
20
26
41
32
42
42
32
41
22
21
41
23
43
31
36
36
43
31
42
20
29
30
20
31
25
38
38
35
31
46
34
49
32
50
27
21
30
21
24
38
31
20
23
31
31
38
38
26
33
39
34
35
57
25
28
33
42
25
22
47
26
34
45
28
31
25
25
30
38
20
34
28
25
31
23
37
28
35
25
29
36
38
