26
29
34
42
26
41
27
45
31
38
25
31
30
30
20
32
26
24
32
34
22
32
30
36
20
26
36
41
25
33
28
21
29
27
38
27
28
37
25
28
34
27
27
29
35
38
30
45
46
37
31
38
26
38
54
34
40
29
31
20
23
24
24
32
41
34
50
33
56
31
36
26
21
31
31
34
52
23
28
29
35
34
39
31
25
40
24
25
26
37
43
27
30
32
33
36
39
35
20
37
25
20
38
27
32
23
25
35
30
35
31
35
24
36
29
20
23
35
35
30
20
44
31
28
30
52
27
24
39
25
21
37
41
33
27
25
20
45
32
34
28
49
46
34
20
25
36
44
38
24
36
30
36
24
27
23
24
23
25
26
22
42
23
40
20
22
34
48
28
38
23
22
27
30
42
24
40
31
20
21
36
25
32
22
44
27
34
23
20
28
45
34
43
39
25
31
37
34
22
35
33
20
33
28
24
38
30
33
20
30
40
22
36
28
26
28
28
23
38
42
22
25
27
40
32
25
22
37
42
21
27
23
33
33
26
36
25
36
34
42
29
29
21
31
24
32
43
39
20
27
33
29
25
41
29
29
22
39
28
51
26
34
40
36
35
34
41
33
43
40
36
22
27
25
31
35
32
29
54
26
20
26
29
37
29
36
60
20
26
