49
32
36
29
25
33
35
25
25
31
42
29
28
42
34
31
33
28
21
31
36
38
39
21
24
27
29
31
34
38
26
22
31
23
37
34
28
29
36
36
24
28
37
37
33
34
44
29
20
38
34
20
30
23
33
35
30
30
38
34
34
40
23
35
41
23
26
38
26
31
32
22
23
20
20
26
23
36
20
36
31
29
27
20
32
20
33
21
33
23
22
38
39
39
20
37
48
23
26
44
34
56
26
42
29
40
35
35
23
27
24
37
46
43
31
42
26
28
33
23
26
20
29
20
28
36
45
30
31
31
50
38
28
34
37
27
32
22
24
26
31
31
36
22
20
20
32
33
39
33
36
30
48
28
20
29
30
38
20
35
31
31
36
25
29
35
34
32
33
39
20
20
44
40
29
37
20
35
31
24
24
31
40
42
30
21
31
30
23
34
25
33
47
28
38
30
25
35
34
34
37
23
37
37
32
20
32
35
42
31
27
32
23
22
25
20
40
36
38
24
33
32
22
35
30
43
20
23
35
40
43
39
35
28
30
37
39
35
38
22
35
29
40
32
20
35
24
32
42
25
20
33
40
37
20
23
20
33
22
43
39
45
23
24
23
25
33
33
37
20
52
39
49
28
31
25
41
42
20
35
36
60
22
32
32
22
23
30
26
