36
30
32
38
39
29
36
30
23
42
20
32
20
27
55
33
47
36
24
32
40
22
37
42
50
29
23
31
33
26
22
42
22
43
25
25
29
32
21
25
27
28
47
37
33
49
25
35
24
28
29
20
48
38
26
24
25
37
38
28
29
43
30
26
24
38
33
39
26
37
37
21
23
45
48
20
23
30
21
38
29
34
30
26
20
44
46
24
23
46
22
56
46
28
37
42
36
29
33
45
25
37
39
43
30
36
34
48
29
20
34
35
38
34
26
27
20
26
36
23
24
22
41
32
29
20
20
32
28
37
24
39
33
44
31
37
28
38
30
25
31
30
27
32
29
34
35
32
37
29
34
37
39
34
37
40
30
45
37
25
20
21
49
59
21
37
26
24
40
24
20
40
27
31
32
21
26
30
26
40
29
28
34
41
32
60
33
34
27
26
31
42
21
48
25
28
23
32
32
29
20
35
47
25
41
43
40
40
37
20
23
55
20
28
43
29
36
30
29
38
36
37
23
52
20
27
40
41
37
37
34
23
39
30
37
31
30
23
28
36
20
29
30
40
37
44
34
32
23
35
29
24
29
30
51
27
30
37
44
30
20
28
40
23
40
40
43
33
39
30
33
20
22
20
35
34
36
30
33
26
37
49
36
56
36
39
34
25
41
