26
34
38
25
36
45
53
31
38
33
21
29
35
29
23
28
23
30
30
25
33
34
20
40
47
26
38
35
38
38
35
20
28
47
24
30
37
29
35
31
29
23
49
60
28
43
22
48
37
32
25
36
37
21
26
47
39
23
20
28
27
23
26
38
32
36
33
20
30
32
35
31
36
26
38
26
29
33
28
31
30
53
42
37
35
38
35
28
20
20
27
40
21
30
35
27
23
33
25
37
29
42
44
33
38
23
29
27
29
28
37
32
29
31
32
22
31
25
26
32
37
39
38
34
46
26
44
34
36
27
28
34
37
28
32
20
22
31
23
45
20
39
35
20
23
29
32
43
50
35
37
28
47
29
28
36
31
37
30
26
27
22
30
31
21
33
22
35
33
26
35
45
33
28
29
38
24
36
43
32
32
37
21
39
20
34
40
36
20
27
35
40
24
31
45
28
21
22
21
33
31
34
25
41
34
32
23
30
31
39
43
45
32
33
55
30
35
20
29
24
30
49
29
42
39
39
48
33
25
28
34
33
33
21
26
31
29
41
38
35
32
30
42
47
28
33
38
27
35
26
30
45
28
30
30
23
27
25
28
27
39
27
36
35
35
36
29
27
34
25
31
40
32
31
31
32
42
38
42
29
22
35
50
36
36
44
40
36
27
