23
33
40
29
32
38
33
33
30
30
20
24
20
32
28
20
24
21
38
28
33
22
37
37
46
31
31
23
24
41
32
38
42
40
31
31
46
35
41
25
39
33
21
23
31
33
48
42
46
60
24
26
38
24
22
30
20
39
24
34
44
38
34
40
22
24
22
25
27
31
23
40
33
23
22
27
41
33
32
20
33
28
21
45
24
32
24
30
29
37
29
40
34
42
23
32
26
36
38
41
29
39
43
27
22
27
29
33
28
23
28
29
20
38
31
46
39
20
36
35
36
33
28
32
27
25
25
31
28
36
31
20
29
41
23
40
48
43
35
27
40
44
22
39
29
52
37
29
41
36
33
24
37
31
29
30
23
26
36
31
20
33
37
30
41
23
37
45
33
43
29
20
29
21
46
27
31
21
51
28
32
30
46
35
33
24
25
42
25
34
25
32
27
39
24
20
20
29
52
28
35
26
25
38
20
29
25
24
31
40
34
20
26
28
33
29
47
43
28
43
23
31
39
21
24
33
20
23
35
31
22
34
38
36
28
26
33
27
55
45
26
24
29
36
32
37
34
40
37
37
22
20
25
31
24
30
42
29
46
41
26
29
44
37
49
35
33
34
46
47
40
26
48
31
33
30
35
30
28
29
31
34
25
37
30
28
22
21
42
