34
30
20
21
41
24
33
31
26
22
28
35
33
24
24
37
33
37
40
32
22
41
34
30
25
23
29
37
37
24
22
38
38
21
20
24
35
35
35
39
27
39
35
21
20
30
21
23
35
31
29
27
21
39
30
47
32
39
25
36
34
37
28
31
38
30
25
35
51
27
21
38
24
27
26
35
34
25
30
25
21
20
24
44
43
37
28
31
25
32
37
20
20
32
49
32
31
33
41
35
23
28
39
40
36
20
46
37
32
31
28
29
23
37
44
27
27
37
31
39
30
38
30
29
33
31
47
26
20
20
40
20
32
39
20
36
31
29
23
37
38
29
45
20
31
38
41
34
45
36
25
41
27
33
33
26
29
41
40
42
23
24
24
26
43
34
28
20
27
20
23
35
23
23
24
23
24
26
29
38
30
39
43
39
30
25
29
38
39
38
41
20
44
36
60
36
34
21
31
47
33
30
27
20
20
28
32
26
21
27
26
29
20
30
37
26
35
28
40
26
35
25
28
27
47
33
25
41
31
29
26
40
40
21
45
20
35
35
25
31
38
35
20
39
30
24
50
43
20
38
38
31
26
35
31
26
22
37
49
30
38
23
45
29
30
37
20
31
38
32
48
20
27
34
40
27
42
36
36
27
20
27
36
29
35
23
34
24
33
