32
39
31
56
34
31
45
32
23
21
23
35
43
33
26
48
49
52
58
23
37
43
26
29
23
35
42
20
54
20
33
49
23
23
36
33
41
23
43
35
44
20
51
38
32
38
31
25
35
42
35
27
23
56
34
20
28
41
49
33
30
50
42
50
41
23
31
43
27
20
40
42
36
30
35
33
49
25
24
25
38
34
28
23
39
22
54
40
39
29
25
29
54
33
40
28
26
29
36
35
28
32
35
24
32
31
37
23
41
44
27
21
31
58
39
35
34
37
44
37
37
33
20
32
32
25
31
39
28
20
40
25
20
33
54
28
53
26
38
46
20
46
39
28
36
55
27
46
26
31
26
34
20
39
21
27
24
30
33
41
50
30
28
36
29
47
35
33
31
41
30
27
30
35
30
52
52
26
40
42
26
30
42
34
35
41
27
25
37
20
34
28
38
47
40
54
42
42
40
26
30
30
20
45
40
36
33
38
20
20
26
26
41
41
36
32
41
35
26
26
39
33
24
38
48
28
23
33
34
60
23
31
33
35
29
36
39
45
33
33
38
25
24
30
29
34
32
31
39
22
42
24
29
29
42
21
38
39
46
41
38
33
40
32
33
38
22
38
31
38
20
21
45
29
27
32
41
33
42
26
29
34
21
34
34
34
43
31
20
