29
20
25
21
36
21
25
29
31
29
44
31
30
32
42
30
30
51
26
26
20
33
22
36
22
46
40
20
28
24
36
49
32
31
34
33
32
20
33
21
40
25
29
23
24
27
31
20
31
31
26
45
39
33
49
22
42
34
51
24
30
29
35
31
55
26
20
31
55
31
50
40
23
26
28
50
60
27
27
33
45
35
23
51
31
29
31
36
50
33
34
20
21
37
23
32
31
40
31
39
20
20
37
43
21
24
48
58
28
37
32
51
28
20
31
38
42
35
39
30
33
31
37
30
37
30
28
22
39
38
29
20
26
38
41
32
23
51
40
56
34
45
29
37
29
48
35
31
30
26
26
42
29
46
24
30
38
30
31
20
45
39
35
34
20
36
28
21
35
25
28
35
33
39
22
34
20
33
50
38
28
34
56
20
23
34
41
23
31
35
24
30
40
43
25
58
58
39
42
26
30
32
20
27
30
33
26
39
29
40
41
20
22
49
52
26
25
35
20
20
22
32
25
51
27
30
36
27
20
31
29
29
27
33
39
32
43
43
42
41
40
40
31
29
38
40
45
40
38
31
22
35
21
41
33
26
20
26
40
26
29
33
43
37
20
25
27
31
35
40
20
38
38
35
35
41
47
43
30
34
23
46
39
29
40
39
28
31
26
