35
35
20
28
43
24
36
32
35
30
26
36
23
29
42
34
35
28
29
29
21
36
30
28
38
29
31
24
37
25
30
28
31
27
24
38
20
25
34
26
33
34
43
44
23
20
20
34
39
56
37
21
30
27
30
36
20
26
23
21
32
28
22
39
29
30
24
30
31
33
33
35
25
53
37
24
42
32
35
21
27
35
30
29
25
42
37
32
42
23
24
28
20
43
34
33
24
45
36
46
60
28
22
20
20
28
35
33
26
40
52
34
31
44
28
33
20
42
39
37
33
41
31
20
28
48
36
32
32
50
20
35
27
20
27
44
35
46
41
25
29
20
25
42
22
42
42
43
22
36
27
31
21
27
28
37
35
40
28
34
46
31
40
33
24
40
21
20
28
28
34
41
39
28
23
36
33
23
29
34
46
31
25
24
20
40
35
29
36
42
30
21
36
48
46
36
26
33
47
22
28
29
30
24
23
21
38
23
34
30
41
20
33
41
46
37
39
23
26
21
22
28
25
30
33
33
43
22
57
31
22
44
36
37
21
41
20
28
20
24
20
27
35
29
51
20
37
28
20
44
25
50
36
20
30
27
37
22
40
42
27
32
46
27
20
21
27
26
32
29
28
28
39
24
36
29
33
22
24
31
26
37
23
27
20
23
44
44
35
