27
20
24
24
34
26
23
29
29
24
20
35
27
32
31
26
41
38
30
34
25
39
25
21
23
27
24
32
45
30
42
60
27
41
32
23
21
36
23
24
35
24
27
21
38
23
23
31
26
36
25
23
31
28
23
28
25
24
21
25
22
29
28
27
30
27
31
33
34
25
26
26
41
38
35
20
31
32
40
20
26
31
37
27
36
26
28
34
36
27
33
39
20
36
31
32
43
25
39
41
20
27
24
29
28
39
24
35
34
42
40
35
28
38
34
37
34
20
25
28
36
21
26
24
23
28
30
32
37
21
27
22
23
35
31
27
20
27
27
20
23
32
37
30
21
22
41
28
24
28
20
36
35
21
21
27
20
20
22
33
29
20
29
33
31
46
20
34
30
35
33
29
32
22
35
38
33
30
30
34
23
32
35
26
32
25
34
22
37
29
21
34
29
33
27
30
24
23
34
22
26
26
34
21
33
30
31
30
27
27
24
31
33
43
24
33
26
20
38
31
20
31
22
24
35
24
22
30
28
25
33
31
35
25
29
31
52
32
47
40
25
22
32
38
21
35
22
26
31
26
39
49
23
24
36
30
24
28
21
24
24
29
20
24
29
27
30
29
30
34
37
22
25
39
35
29
30
33
32
50
29
40
22
34
26
37
31
25
24
