25
33
28
28
25
40
40
44
33
41
35
29
34
35
38
47
23
36
36
23
34
33
32
37
30
33
27
32
31
29
38
47
20
43
25
37
38
43
25
43
29
32
31
34
46
50
50
41
29
22
29
38
35
20
35
22
43
28
39
42
36
25
39
53
22
41
34
23
28
47
50
47
23
30
28
32
28
21
23
26
28
26
32
34
41
41
48
47
37
33
32
39
35
30
39
37
42
32
31
31
20
27
23
25
25
47
32
34
28
47
24
48
25
47
35
43
34
41
54
26
29
52
41
32
36
24
25
24
21
36
52
27
40
31
24
31
27
37
24
34
25
29
24
25
30
41
34
26
33
32
37
43
27
30
31
49
44
28
43
27
35
59
40
24
37
46
49
33
37
27
37
26
24
46
39
31
42
34
33
30
40
48
29
25
32
25
46
52
29
41
38
50
35
32
27
44
34
24
40
25
43
22
43
26
37
30
54
31
49
34
23
39
23
22
33
27
24
32
35
39
20
46
31
41
55
31
30
55
20
31
25
20
36
33
51
33
23
30
32
37
29
26
33
26
37
39
56
27
37
25
24
30
60
48
35
52
37
33
25
36
23
29
20
34
20
20
26
28
50
33
59
31
25
43
29
47
35
26
29
29
32
28
32
27
20
38
46
34
40
