22
26
21
26
44
28
32
31
22
33
42
28
36
27
30
31
47
28
31
29
36
35
25
49
37
23
24
25
34
34
20
35
20
36
29
36
30
44
30
32
37
42
44
36
36
36
35
27
23
34
40
36
23
22
43
20
29
40
33
44
42
30
44
37
24
40
48
25
33
28
35
24
35
27
33
45
50
37
33
26
41
23
30
29
27
38
22
31
26
43
42
32
34
34
26
28
35
36
36
26
31
29
20
42
38
26
28
39
29
42
31
33
36
29
32
34
46
45
23
22
42
28
41
27
34
21
34
43
28
32
40
33
20
36
27
25
20
29
35
29
36
44
46
52
37
27
30
33
29
44
47
27
32
24
23
40
27
34
21
39
34
22
29
38
24
28
38
36
30
29
24
27
60
38
37
49
28
37
27
33
26
26
41
34
21
38
47
35
32
30
20
40
32
24
26
30
27
30
24
34
43
28
34
41
27
48
20
20
37
26
42
35
32
31
33
26
24
29
29
39
43
32
26
28
47
24
42
30
26
45
44
34
39
46
40
36
32
38
38
28
21
40
44
41
29
39
27
28
32
20
22
32
27
43
35
25
20
49
35
45
34
31
29
27
39
20
22
26
44
27
28
37
32
36
28
30
39
46
39
37
30
20
36
29
25
33
21
46
34
