35
36
33
26
33
34
33
32
26
35
26
33
20
41
40
27
22
38
26
31
30
44
34
35
37
43
28
33
29
20
37
27
35
36
33
36
27
31
46
31
28
33
37
28
31
35
27
47
29
28
28
45
31
26
30
28
28
24
38
31
41
46
27
21
33
43
20
29
38
41
35
27
34
60
26
41
34
22
34
22
33
32
45
39
46
24
53
37
28
38
34
39
30
26
38
28
45
31
34
30
22
33
26
56
34
40
26
20
28
40
22
40
37
24
27
52
35
25
20
20
35
33
20
25
35
36
26
30
20
25
30
26
24
43
39
40
34
26
41
27
57
20
26
36
41
21
40
24
23
42
32
49
41
26
21
41
43
32
37
29
34
27
35
31
28
29
29
34
23
37
40
35
26
29
31
30
29
37
37
20
35
30
29
23
35
47
29
33
21
36
44
34
39
38
23
24
31
39
28
20
20
38
20
26
22
41
41
21
28
48
38
29
27
38
22
33
20
37
41
24
35
22
27
22
38
22
45
30
29
37
20
48
38
29
40
29
27
21
35
37
31
29
36
20
34
32
25
32
42
40
45
25
21
24
31
25
27
26
25
31
21
32
23
32
26
23
40
44
32
31
28
34
29
30
34
35
20
33
34
30
32
28
29
25
30
34
36
36
20
