39
35
41
34
51
25
24
39
22
39
27
32
27
33
50
25
36
42
36
42
40
20
23
20
33
32
29
42
22
26
20
26
28
32
28
27
43
20
30
23
42
35
42
30
28
22
30
37
29
27
40
44
28
32
26
20
39
44
25
41
28
35
26
39
32
29
20
38
27
33
26
30
60
20
25
24
34
27
35
40
32
23
20
25
31
42
20
29
44
41
39
31
39
33
24
33
31
22
27
20
24
30
34
34
32
25
33
29
23
43
37
42
32
37
26
25
23
22
32
41
35
35
25
23
42
35
36
20
44
30
28
37
26
26
40
34
20
32
26
20
44
34
32
45
27
34
24
46
23
36
22
49
20
24
24
43
30
33
23
28
42
37
38
31
31
30
40
40
22
32
33
40
33
26
31
33
45
31
33
23
32
29
32
32
32
36
31
37
31
38
42
37
30
32
32
34
34
23
33
31
32
31
39
54
31
20
31
39
49
29
23
36
26
21
46
33
20
20
33
39
23
29
27
33
45
31
46
20
44
24
28
20
26
30
38
22
20
21
24
46
41
36
29
41
27
24
29
35
50
35
23
29
32
34
30
26
24
32
27
20
20
27
21
30
38
20
28
38
34
29
26
41
20
33
20
30
20
27
25
49
30
28
44
32
33
40
30
32
39
