23
43
24
33
41
39
35
36
41
58
28
37
29
34
24
35
32
20
26
25
36
20
34
22
23
23
36
32
31
20
41
34
33
38
29
40
44
48
42
35
48
32
34
42
33
41
35
23
32
20
35
59
35
24
38
25
20
27
32
33
40
29
47
22
30
56
34
33
39
20
26
35
28
29
20
32
36
45
28
43
35
26
32
40
39
36
49
37
23
55
38
30
30
23
28
34
31
20
32
41
37
58
20
30
42
27
44
31
29
21
29
32
31
35
26
32
30
46
56
33
28
27
22
37
36
20
55
52
43
36
30
36
25
40
48
60
24
36
27
36
22
39
37
49
36
27
25
29
21
34
33
23
35
29
35
30
30
30
38
36
27
38
24
51
30
39
33
33
24
36
38
38
32
25
42
48
31
36
30
21
30
28
32
21
32
29
37
24
46
36
40
27
36
49
59
23
31
44
37
20
23
27
38
20
30
27
24
57
23
36
38
20
47
30
26
43
27
43
40
32
23
43
33
21
24
30
27
39
25
38
22
42
20
35
20
45
29
41
30
32
26
27
39
53
25
30
26
20
36
37
23
36
43
24
31
33
27
38
23
30
39
26
22
32
26
26
46
38
30
41
30
42
38
32
21
32
20
25
25
32
47
53
27
29
22
31
41
24
43
