35
31
41
32
23
24
27
26
34
35
42
46
44
37
45
34
24
39
35
30
24
40
36
43
34
26
39
58
30
32
35
30
52
31
46
20
30
27
20
50
35
27
22
22
52
20
22
52
40
29
36
36
38
33
36
41
26
55
33
35
30
24
31
21
36
30
35
32
22
38
33
48
51
32
37
40
29
29
44
35
30
22
33
53
42
25
33
21
25
32
47
27
33
20
33
34
38
34
38
33
32
29
39
39
36
33
46
37
21
39
30
25
48
38
51
41
39
37
37
34
28
36
24
29
36
22
21
33
37
37
34
50
29
37
39
59
31
44
25
49
42
26
44
33
29
22
28
31
28
31
45
29
32
32
47
37
25
33
39
31
43
28
30
21
30
28
43
26
51
22
20
24
44
32
41
43
31
36
54
35
41
40
29
27
20
27
55
20
54
33
29
47
20
30
35
32
33
32
36
44
28
20
36
55
24
27
42
29
20
48
20
20
32
36
28
31
46
29
43
28
37
31
34
36
39
34
33
31
42
43
31
60
22
44
32
32
25
29
30
45
51
33
36
48
21
36
36
29
33
35
25
28
46
26
39
28
33
38
30
23
27
38
35
56
44
35
31
35
28
33
37
43
20
26
24
22
53
34
35
28
32
37
34
28
41
31
34
21
52
