40
31
38
44
30
32
24
56
25
40
21
30
51
31
26
45
25
22
40
36
37
30
60
27
36
35
32
46
27
26
20
28
20
26
38
20
31
23
43
41
34
33
40
26
38
23
32
20
37
31
34
44
26
43
41
39
23
33
45
40
31
28
34
32
42
38
36
21
52
41
32
21
32
34
31
20
39
22
32
34
20
25
32
35
35
35
22
26
31
30
33
28
30
41
31
34
34
30
26
26
30
20
31
35
30
31
20
35
34
22
32
36
33
31
27
46
49
20
24
35
38
39
43
31
36
27
40
41
27
23
27
26
37
41
34
50
39
40
27
40
38
34
20
40
20
50
36
21
32
34
31
22
50
31
30
33
47
31
46
36
37
40
44
45
41
29
44
20
22
40
30
28
41
20
35
46
34
46
29
35
26
44
30
25
21
21
20
31
31
36
58
23
38
20
51
23
35
31
38
36
31
29
38
32
37
56
22
27
41
35
20
45
31
22
26
25
31
20
33
49
20
27
24
34
35
39
37
36
23
31
27
36
21
26
49
35
40
21
20
45
29
23
27
40
29
30
38
30
32
22
36
35
39
30
36
35
38
32
33
48
27
43
29
30
45
22
34
46
59
40
46
34
34
28
26
32
24
39
45
29
51
34
28
42
41
29
46
30
48
