32
32
20
23
25
40
32
27
31
33
27
36
24
21
24
47
28
40
23
46
24
41
25
33
28
20
43
28
31
31
36
32
21
30
38
40
24
36
28
26
20
27
31
37
33
31
27
44
26
28
43
32
48
37
41
38
26
25
39
21
60
30
34
49
40
23
35
24
28
39
30
32
24
24
27
43
47
35
45
33
24
38
20
27
30
23
26
23
31
32
27
30
23
25
32
20
34
47
36
24
31
26
24
20
23
29
29
33
21
34
20
28
22
21
20
22
28
25
26
33
36
20
39
35
25
45
29
32
35
28
30
46
23
26
41
29
36
34
26
44
27
32
40
27
28
24
35
30
25
22
33
25
33
28
21
21
38
30
38
28
41
32
42
42
26
23
30
20
30
24
31
26
20
37
26
20
33
32
20
33
32
28
21
34
49
34
20
25
28
32
32
45
22
20
27
36
39
40
34
27
33
35
29
57
41
31
34
20
20
38
20
41
29
29
33
32
20
24
29
22
26
37
23
36
25
39
26
38
26
21
35
32
22
35
25
31
38
50
28
36
28
43
24
36
52
25
27
20
32
25
21
42
29
35
49
43
29
33
32
26
45
33
38
41
28
29
20
33
57
26
31
22
22
44
20
28
37
25
29
30
37
45
35
29
32
24
47
34
27
