32
33
20
39
20
20
37
20
43
33
34
22
33
45
42
34
35
32
37
21
35
39
29
37
25
36
20
28
32
40
31
28
39
21
38
35
31
27
28
21
31
24
47
41
32
21
36
46
21
30
30
27
40
35
46
22
20
38
37
44
46
25
21
39
20
27
26
24
23
25
23
26
34
20
26
23
45
38
36
21
27
26
28
29
29
40
49
35
41
28
30
29
35
49
25
28
43
24
38
23
26
21
35
43
38
31
23
31
36
32
22
31
44
30
26
40
35
43
20
22
34
42
30
32
38
36
29
47
45
27
32
36
37
35
26
50
32
37
47
42
41
27
31
26
36
44
44
41
20
41
31
38
31
26
25
44
37
33
20
29
28
30
24
24
43
40
35
33
27
25
42
36
38
31
39
26
29
27
35
28
43
20
28
32
33
39
29
34
41
31
46
28
31
32
41
22
26
23
44
35
36
60
21
36
20
32
25
33
43
30
25
21
33
35
28
33
28
35
26
38
20
38
35
29
24
42
40
28
22
26
22
43
23
30
23
36
35
21
37
26
21
26
30
35
41
28
23
37
20
20
26
22
44
26
29
29
38
34
28
35
48
30
34
21
32
32
34
35
44
34
36
25
34
30
32
24
30
34
53
28
27
31
23
37
32
20
31
31
32
