38
26
34
43
27
25
60
34
41
27
20
40
24
32
29
42
31
48
28
40
34
33
22
27
40
28
32
36
25
20
36
28
23
36
26
32
24
54
25
28
26
39
33
25
33
20
25
33
30
27
25
20
37
31
42
24
36
26
46
28
57
33
26
45
39
36
24
22
34
33
47
34
32
29
23
28
25
29
29
21
26
43
34
20
27
36
31
31
42
23
20
46
32
27
20
26
39
20
32
27
24
35
20
37
32
41
29
40
27
29
27
27
26
39
35
31
38
30
54
34
22
20
31
27
33
41
29
29
29
34
39
24
34
35
34
20
33
39
20
28
28
25
21
28
27
34
25
30
35
30
25
39
38
24
27
39
37
43
21
29
35
23
26
20
36
31
37
44
37
30
37
31
28
37
28
26
25
40
47
32
27
28
28
21
24
47
26
49
44
26
21
27
20
40
33
43
20
35
32
29
48
32
33
34
21
34
32
35
24
44
39
34
26
21
20
20
38
43
20
37
24
30
31
29
37
31
31
22
25
29
34
56
32
23
20
52
20
28
21
39
26
47
54
27
20
39
30
23
34
33
29
23
32
40
29
32
49
39
22
30
23
33
30
32
22
20
26
32
33
29
23
47
32
49
30
31
29
20
24
31
25
42
20
33
34
33
23
26
27
