39
39
29
25
24
43
34
26
22
32
40
24
24
25
32
31
29
56
20
43
26
35
32
30
50
42
33
34
33
27
25
28
30
25
21
24
36
24
27
22
34
20
36
34
31
41
36
27
20
20
35
45
43
30
36
31
38
22
46
27
26
37
35
60
34
30
48
33
29
28
35
22
30
20
36
39
28
40
35
24
37
31
32
28
29
41
37
40
38
45
27
23
35
38
21
26
29
24
32
42
28
20
23
27
46
34
37
47
34
44
32
30
33
43
35
25
49
22
42
33
20
54
42
30
33
39
21
33
40
22
28
39
25
31
29
25
31
36
33
20
21
20
35
22
25
31
37
37
55
25
42
30
40
47
21
34
29
25
30
26
28
33
31
35
24
34
25
36
20
43
42
35
36
35
27
21
29
26
37
39
28
36
36
44
31
24
34
25
24
31
44
20
33
26
25
41
23
21
33
20
31
38
34
32
24
40
33
38
24
28
32
35
21
33
51
33
28
44
32
37
34
32
32
30
21
23
28
25
24
40
20
35
23
26
33
27
35
47
43
40
23
22
36
30
42
22
35
28
21
33
20
27
35
44
33
34
35
43
23
43
40
34
29
31
20
41
33
53
34
23
27
25
53
26
51
30
24
31
25
20
28
29
24
29
20
33
39
28
34
