46
30
33
31
37
32
33
41
37
35
34
55
31
41
20
22
56
48
26
26
37
24
36
36
45
25
30
41
40
26
60
31
35
32
46
23
29
24
24
30
40
42
50
40
30
24
22
38
36
28
20
20
38
34
40
39
24
31
43
24
37
36
32
41
27
40
37
29
20
51
20
25
56
33
32
49
42
29
28
34
38
42
44
20
35
34
29
33
38
28
45
44
27
36
27
43
40
34
49
36
38
37
43
47
26
35
59
30
30
23
24
46
27
22
23
40
29
34
28
34
21
36
21
33
29
23
27
29
32
42
38
37
31
32
23
29
42
36
24
43
35
25
36
27
21
34
24
32
31
22
34
37
38
46
24
37
37
33
35
29
35
31
32
46
51
42
39
29
23
44
36
37
37
20
32
29
35
21
20
30
34
28
33
30
24
50
27
36
33
23
37
39
34
42
49
35
22
36
29
41
39
27
39
23
29
33
34
33
23
28
31
22
45
32
36
56
22
35
30
30
40
20
43
31
33
50
38
37
48
26
34
44
49
39
27
30
28
31
35
40
33
42
44
45
26
33
35
25
27
34
20
56
25
30
35
33
25
39
23
24
37
47
26
30
35
24
34
40
33
26
20
34
46
23
42
35
38
20
41
41
37
42
32
32
42
37
27
51
39
