40
27
22
20
27
28
29
28
22
20
45
33
26
39
20
24
26
31
24
27
29
28
46
34
28
25
32
40
20
22
22
30
27
32
36
36
30
25
26
42
29
35
34
33
23
26
35
20
35
31
20
33
39
33
22
22
25
32
23
26
26
23
25
39
37
29
20
34
22
20
23
23
27
24
46
31
24
21
32
33
34
21
32
25
43
35
30
40
26
41
26
32
46
27
25
48
34
27
30
37
29
22
23
37
22
31
23
37
21
36
29
33
34
37
24
27
27
40
35
44
31
27
20
20
23
28
39
34
23
31
22
34
30
35
28
30
21
31
34
34
33
27
25
39
33
29
33
22
40
43
36
29
20
23
25
25
28
36
33
33
32
38
28
29
22
24
32
34
32
25
23
29
29
32
22
30
39
35
33
22
24
32
20
23
35
27
27
20
32
25
33
25
32
22
34
31
31
28
36
28
29
26
26
25
23
20
33
21
26
33
24
31
24
33
24
25
42
31
21
24
39
34
20
20
25
29
22
20
34
21
32
20
33
40
35
26
25
28
41
37
27
27
20
26
20
31
34
31
21
21
31
25
23
20
36
31
21
31
33
21
26
21
25
30
33
24
34
31
26
20
24
30
26
22
32
60
35
41
49
29
41
31
33
35
30
20
28
26
28
