28
41
29
34
25
39
35
27
34
33
37
45
42
22
35
27
39
23
31
35
42
27
35
33
48
27
36
31
31
37
28
20
20
22
21
40
35
34
28
29
20
28
28
24
38
27
37
31
28
49
27
34
37
26
40
33
34
30
37
40
31
24
30
28
26
40
41
30
20
30
39
26
35
32
31
36
30
27
31
28
58
31
26
20
21
32
31
56
30
20
20
25
26
26
29
43
20
35
30
27
38
33
39
42
31
21
25
23
39
43
22
36
33
34
36
32
35
34
32
20
20
38
32
22
39
37
24
32
43
40
37
33
45
33
25
24
29
34
36
47
20
44
24
20
33
26
32
21
45
44
34
25
31
25
26
26
24
41
33
34
34
29
28
20
25
40
51
35
29
20
37
29
25
39
46
28
30
30
25
41
22
37
24
36
45
27
39
36
35
24
43
32
41
37
31
20
31
27
27
31
31
34
40
24
28
45
39
28
31
41
60
42
34
39
32
35
34
52
32
38
34
27
36
28
30
20
54
35
35
34
24
40
21
31
46
27
20
28
29
31
35
46
29
33
26
42
38
30
30
20
49
25
26
24
34
21
23
28
21
26
30
30
36
21
38
35
46
32
37
24
28
20
20
22
24
32
24
44
35
24
42
22
33
33
41
45
23
36
20
