28
36
23
23
42
30
38
41
30
31
44
20
24
32
30
36
37
35
34
26
32
44
28
22
33
28
24
36
42
42
24
42
26
24
39
39
28
21
21
41
25
31
35
29
20
25
40
27
35
33
28
37
29
39
45
37
27
40
34
34
40
28
20
27
27
51
34
28
36
41
38
21
27
20
30
29
37
24
39
24
31
31
28
40
31
20
43
28
29
27
26
38
26
29
47
20
22
41
30
32
24
28
28
36
40
38
31
30
42
37
24
33
20
38
21
24
23
53
28
33
29
20
37
60
45
30
52
33
32
21
39
22
32
42
42
40
42
23
26
33
31
31
32
26
28
21
24
48
35
29
33
36
26
39
48
23
32
41
21
20
35
34
29
27
34
32
40
36
44
49
27
31
31
31
25
32
25
36
20
56
32
25
23
31
38
26
36
35
29
45
25
35
31
24
44
26
31
35
23
35
32
32
34
39
43
24
37
32
34
32
37
39
38
36
41
26
33
39
39
20
26
26
24
42
27
20
24
24
38
34
34
33
28
20
33
40
28
31
39
39
32
31
35
27
22
36
37
41
20
21
41
20
46
26
39
31
29
28
34
35
42
37
37
36
44
41
20
39
20
32
39
30
28
35
46
33
20
35
31
38
35
37
29
39
36
37
47
20
40
