31
26
39
24
24
22
24
21
26
32
22
44
20
29
33
37
37
41
31
40
26
29
42
27
26
32
31
22
23
36
40
23
44
20
37
28
20
26
25
31
20
39
28
20
32
39
42
21
34
40
32
30
29
24
43
36
39
33
20
20
26
23
39
32
42
34
30
31
31
40
39
33
29
38
39
26
35
30
26
39
28
38
20
33
26
27
27
39
37
20
41
31
40
22
32
27
28
33
29
27
28
37
34
34
30
27
28
39
41
25
24
46
23
27
31
27
20
24
22
20
27
34
41
38
36
26
22
27
36
27
37
29
33
25
27
37
22
22
39
31
31
43
36
28
33
43
43
39
38
29
38
35
29
43
25
30
28
38
31
39
31
38
42
29
27
20
41
21
31
21
28
24
29
42
31
20
29
21
24
26
26
37
35
33
29
33
31
43
28
27
39
20
26
24
35
26
26
31
20
26
30
36
60
24
29
29
35
27
27
34
38
21
28
20
26
27
24
32
32
24
25
36
21
20
26
53
25
24
28
27
44
32
47
37
39
20
27
26
40
25
42
38
27
38
33
33
44
41
36
21
33
31
31
26
21
33
27
21
40
31
20
33
27
28
23
22
25
28
32
31
24
34
29
45
20
33
29
28
20
26
22
35
23
23
22
30
36
24
38
