39
38
27
34
33
44
36
48
42
22
38
25
48
28
29
57
45
43
30
36
21
47
34
26
40
23
50
29
20
43
47
28
42
36
30
20
29
23
36
20
30
34
28
26
33
25
21
21
20
33
25
40
31
37
27
29
41
31
27
41
35
36
33
20
36
51
38
32
41
20
37
34
23
27
30
35
30
37
34
34
30
48
37
25
29
26
25
26
33
37
28
41
25
33
36
30
23
42
24
26
34
51
26
43
38
40
28
42
54
20
22
34
28
27
23
35
25
33
28
40
34
37
46
44
33
34
34
26
30
23
24
38
32
26
44
26
20
47
29
35
28
32
37
25
30
38
20
25
32
37
20
22
24
54
34
30
37
20
22
22
52
25
23
25
35
31
24
40
44
34
36
27
29
36
20
30
40
42
36
49
33
35
26
20
36
35
25
26
33
33
30
24
37
60
43
44
26
35
23
31
34
36
43
31
37
20
44
21
33
34
39
46
27
24
28
29
31
43
36
24
28
47
20
43
25
26
21
31
41
26
43
41
24
39
37
33
31
45
25
24
23
33
28
34
43
29
22
31
47
47
25
34
23
21
33
32
35
44
40
31
42
45
20
20
22
39
21
28
29
55
31
27
34
32
41
43
20
20
43
23
30
32
28
33
54
38
46
40
46
