23
30
31
30
29
21
51
31
23
41
20
28
23
35
35
32
35
33
22
20
36
24
20
25
31
20
32
25
33
22
27
51
20
27
20
33
20
26
33
41
40
36
23
27
41
20
35
30
38
41
20
29
20
35
38
36
30
31
54
25
31
38
31
33
24
30
25
21
37
44
33
26
36
30
41
33
25
26
20
35
30
28
20
28
30
42
26
32
33
39
30
21
30
20
35
30
44
47
20
30
30
21
22
22
27
22
40
36
23
36
31
31
45
32
32
34
40
21
24
21
33
31
31
32
22
21
24
20
45
26
20
34
40
36
22
20
23
22
32
29
34
32
29
34
37
31
22
20
40
44
35
34
28
60
29
43
27
26
30
20
27
37
30
36
24
20
34
34
30
26
23
33
25
36
29
25
27
39
20
26
23
30
22
42
41
26
26
23
43
35
29
32
34
29
27
20
38
27
43
38
28
29
22
23
22
26
34
35
35
45
44
24
30
33
29
24
30
34
24
26
42
28
36
25
22
27
36
23
20
33
22
31
44
24
35
34
26
37
43
29
20
29
31
39
36
27
26
35
30
22
36
22
24
23
20
32
28
26
27
34
26
25
34
33
20
31
26
35
27
29
20
20
22
34
31
25
31
35
44
32
23
25
30
30
37
31
20
24
23
