25
31
22
25
20
39
24
27
41
37
30
24
40
36
48
35
43
34
35
31
45
21
46
27
32
52
24
22
20
32
23
40
34
45
27
24
38
25
49
38
44
28
36
32
21
38
41
30
22
25
35
30
52
32
35
20
36
25
28
35
39
32
26
31
32
37
44
31
36
30
45
20
26
31
24
32
31
28
38
34
27
42
37
45
44
31
24
46
22
46
24
35
26
36
37
28
41
28
30
29
32
33
60
38
43
27
37
38
33
30
53
43
57
25
20
21
20
29
37
29
28
20
37
46
41
36
29
31
37
35
42
32
39
23
23
27
39
36
36
20
31
29
42
49
36
25
55
39
46
23
35
25
40
33
42
29
32
27
29
27
25
55
28
41
33
37
24
27
29
27
22
36
28
23
40
25
28
31
36
30
27
21
29
48
43
45
30
31
31
34
30
22
42
27
36
29
30
31
41
33
38
28
31
21
32
41
32
25
20
23
43
25
38
43
41
24
35
31
49
37
27
35
35
46
27
39
46
35
38
35
28
34
24
25
32
31
20
20
35
38
29
40
20
57
24
20
28
36
39
36
40
39
49
27
45
33
29
43
20
28
39
33
27
20
28
38
23
35
33
23
35
38
42
29
39
37
23
29
27
36
41
30
35
32
42
22
34
47
20
