35
23
38
30
42
39
43
29
37
33
20
27
33
31
29
25
23
34
30
30
21
30
38
30
43
32
26
51
41
32
36
27
28
37
29
36
47
26
24
33
44
30
24
47
36
31
35
20
35
24
28
33
32
27
43
25
35
29
44
27
24
40
36
20
40
32
20
30
28
30
24
29
29
27
40
25
34
35
28
24
29
30
33
30
40
25
26
23
23
20
28
35
32
22
34
31
35
39
54
37
30
40
21
32
20
21
42
33
30
37
36
45
23
25
27
29
34
33
30
28
44
23
48
53
36
31
23
31
28
30
42
38
39
40
34
52
38
30
32
41
38
21
56
35
33
44
21
31
28
37
29
26
22
29
30
28
30
60
31
45
35
25
50
27
27
37
27
34
26
36
32
28
29
29
38
21
25
34
20
23
41
36
34
43
41
25
34
47
36
37
40
39
27
27
21
38
30
24
34
30
21
37
20
25
35
32
51
25
32
41
31
36
47
27
21
24
35
25
32
39
41
32
32
29
33
37
34
35
29
36
48
56
41
26
40
24
42
21
27
41
24
36
34
37
45
25
23
29
33
51
20
48
39
56
36
23
20
32
20
20
32
22
28
29
52
34
20
42
39
41
20
46
36
20
29
32
44
24
22
20
34
27
23
28
20
30
33
33
38
