30
39
37
26
25
29
34
24
26
36
36
41
30
33
31
39
31
39
28
28
20
46
23
30
36
32
22
21
37
31
21
20
20
32
36
37
27
35
30
54
28
31
35
20
32
38
26
20
20
29
41
24
25
30
28
27
23
26
34
28
24
42
35
28
41
41
30
22
34
20
28
23
36
40
43
21
25
33
34
20
22
46
41
42
28
33
34
29
30
23
27
33
34
39
35
35
22
40
26
22
34
31
23
20
35
31
40
36
20
33
36
20
24
31
28
23
24
39
23
29
21
37
33
25
27
43
30
29
34
29
20
39
20
46
38
23
26
20
25
26
33
37
30
43
26
20
38
31
27
39
30
29
34
25
35
24
34
32
24
33
22
27
39
24
20
29
26
33
23
46
28
36
34
42
30
35
29
20
35
29
32
20
36
28
22
37
34
32
40
26
37
39
34
38
43
28
32
35
28
29
21
31
28
31
23
34
24
25
26
35
20
40
24
21
42
37
23
27
20
25
33
23
34
41
36
45
29
37
27
33
33
52
28
24
36
38
39
24
40
24
31
32
28
41
27
23
25
34
49
44
33
26
26
21
26
38
41
24
27
43
34
40
22
26
41
28
41
55
36
23
30
36
39
29
37
23
38
44
28
41
30
37
36
34
28
49
30
35
60
