20
21
32
27
36
24
43
20
23
34
44
38
20
24
23
38
32
31
33
41
26
29
20
33
36
35
23
28
20
40
47
23
37
34
21
22
27
54
34
24
27
47
48
30
25
35
34
31
26
20
35
23
34
47
46
20
20
43
38
37
37
30
21
34
32
27
20
32
27
34
26
35
25
40
39
52
33
24
34
36
30
34
32
22
34
31
30
21
44
38
42
36
20
30
60
30
37
27
42
24
24
25
26
38
23
37
25
31
36
31
33
31
20
36
26
29
39
28
44
21
34
37
36
49
23
34
36
32
38
43
27
47
34
26
39
20
34
33
35
26
35
40
31
37
20
31
30
27
26
39
39
37
30
24
32
20
33
34
47
29
30
26
36
37
33
30
24
41
22
51
22
40
33
20
28
39
24
30
38
27
31
26
31
30
28
47
24
35
28
35
44
52
41
35
39
33
28
39
20
34
30
41
44
37
40
34
38
20
34
49
29
42
38
26
32
39
44
42
22
31
38
35
38
58
27
26
44
37
29
45
30
22
20
24
32
20
34
30
29
25
22
31
25
47
22
36
47
38
28
33
27
33
33
36
37
41
37
20
33
31
56
36
37
41
46
24
48
28
44
47
26
40
35
35
38
36
20
28
44
38
34
24
40
31
20
36
35
34
20
