34
39
23
44
59
23
24
30
20
30
29
39
36
27
35
26
20
27
34
37
35
41
27
47
28
28
26
29
38
38
30
30
27
22
34
20
56
20
38
28
37
34
35
20
58
37
27
39
47
46
20
36
42
30
41
22
36
22
31
44
45
32
33
33
39
34
26
35
30
21
24
29
47
44
37
44
57
39
30
25
36
29
35
38
30
26
41
21
35
42
28
33
30
20
41
30
35
28
44
30
32
38
38
23
22
44
28
26
38
34
57
38
21
27
43
40
40
46
33
33
30
23
35
37
31
37
36
27
38
38
32
26
33
41
33
37
21
32
27
25
27
22
32
48
37
22
23
30
27
33
29
37
27
35
37
22
29
25
26
31
24
20
27
31
42
32
26
37
28
23
21
40
28
39
25
42
37
20
33
35
29
34
53
29
42
23
48
35
28
55
20
32
34
20
29
21
40
49
42
25
30
29
29
37
25
49
32
23
34
28
25
40
34
33
31
20
34
38
52
32
20
38
24
32
25
36
40
32
28
25
42
24
37
45
59
35
47
29
45
33
38
45
60
31
20
27
43
35
28
28
28
32
32
20
24
24
33
29
32
20
37
27
22
23
29
22
29
20
30
25
33
32
53
28
29
33
23
26
21
29
35
28
36
29
31
27
44
39
26
