30
30
22
30
27
37
37
32
31
20
33
30
23
25
37
45
20
33
22
39
29
36
20
40
21
28
22
33
32
28
53
32
37
37
33
26
34
37
40
30
39
21
36
30
28
33
39
24
39
33
30
33
21
36
31
22
26
32
23
23
32
43
29
33
30
22
24
23
20
38
32
43
43
35
34
30
34
25
41
32
39
30
34
38
23
30
22
35
20
35
23
26
32
32
43
24
31
38
27
31
34
21
21
23
34
30
34
38
41
20
29
34
20
20
25
32
31
34
22
23
34
25
21
37
29
41
38
24
27
23
31
40
31
24
34
31
38
34
20
22
31
32
24
28
30
44
35
20
20
20
35
28
24
38
26
27
38
30
38
38
28
36
35
29
24
48
24
24
28
22
27
23
23
27
30
21
37
31
35
20
35
46
35
31
37
29
28
26
36
36
25
26
24
29
20
30
31
25
20
20
40
35
22
34
30
29
32
33
30
21
32
20
21
29
27
30
31
44
29
28
34
28
34
28
25
34
27
34
38
37
36
60
32
33
23
26
28
30
46
23
29
53
46
35
26
20
35
24
26
25
29
23
30
29
32
32
32
30
25
40
28
31
31
25
32
38
36
26
38
26
27
33
22
32
42
22
24
43
38
25
32
22
50
39
26
22
43
43
29
