28
20
33
22
27
26
33
20
27
33
41
42
30
35
36
27
23
36
39
20
43
32
21
22
20
27
25
28
30
20
34
31
30
31
29
50
24
35
23
39
33
44
45
23
31
30
40
30
32
33
22
40
27
29
29
26
20
48
38
38
29
43
27
38
20
27
28
35
41
51
22
31
40
43
22
45
26
34
39
20
31
38
20
31
20
37
20
32
30
33
33
21
25
28
42
28
44
46
39
24
31
49
22
45
20
34
31
34
60
20
30
20
41
30
38
50
31
30
28
36
38
20
44
22
23
35
20
21
41
27
41
38
27
26
44
29
23
41
29
35
24
37
31
26
40
23
27
31
38
40
35
51
23
42
25
30
32
32
27
40
20
41
20
39
25
25
26
40
32
46
27
27
56
36
20
20
33
28
27
38
23
39
28
33
34
31
24
50
20
30
40
27
22
26
40
39
39
39
39
23
28
20
57
48
50
26
31
30
42
45
35
32
34
23
25
29
34
20
43
27
20
41
28
29
34
27
27
39
44
42
25
31
38
47
40
25
31
36
27
37
52
28
34
33
33
30
36
36
31
30
39
32
29
28
26
29
38
38
20
40
38
31
54
43
20
47
20
20
46
28
29
26
22
29
20
27
31
35
25
39
45
31
26
44
39
22
23
20
30
