58
37
43
28
30
21
42
35
35
34
32
29
25
31
56
32
25
36
23
20
29
49
26
39
42
31
46
20
21
24
42
42
43
35
41
31
20
38
39
46
28
27
21
29
34
40
40
28
31
45
20
47
33
27
24
36
34
27
26
38
25
42
35
20
20
28
31
42
35
34
26
25
29
35
24
47
32
39
39
21
38
29
28
25
41
23
38
25
38
37
26
20
33
46
20
28
29
25
32
31
20
24
22
26
25
20
29
32
37
29
26
34
33
30
45
35
32
40
33
20
41
26
42
25
41
31
27
25
24
33
39
32
37
27
37
31
37
23
25
26
31
27
53
25
26
29
27
42
40
38
31
37
25
30
45
45
31
34
31
39
35
41
22
22
33
35
29
38
24
38
20
20
37
30
47
20
37
29
31
22
23
35
23
38
20
33
52
27
37
27
21
36
30
35
37
36
26
32
28
32
24
24
31
29
36
21
38
25
34
30
21
40
25
32
29
30
51
39
21
50
60
35
31
29
22
44
27
36
26
34
50
29
34
30
28
27
31
26
42
41
34
22
41
29
47
23
29
27
29
44
31
24
29
30
45
37
38
54
40
44
28
21
30
31
44
30
31
52
24
39
47
26
30
20
34
33
22
22
30
20
34
20
21
49
22
35
24
31
36
