34
37
32
38
31
20
31
36
23
54
44
29
29
25
20
46
30
32
21
26
21
36
43
31
22
38
29
39
20
25
52
37
29
33
20
41
34
20
20
34
53
37
33
30
41
25
42
29
36
23
31
48
36
32
29
45
39
26
38
31
35
27
34
24
50
20
41
29
24
25
26
42
23
33
21
41
33
47
32
25
32
28
39
25
40
35
38
20
28
32
40
26
23
45
29
34
45
56
20
23
25
47
20
37
53
21
41
23
35
30
39
28
26
50
31
45
43
49
26
51
35
33
41
33
51
31
51
34
43
29
33
27
20
21
45
38
47
39
31
30
37
20
42
43
29
27
49
40
33
30
38
28
39
34
44
36
40
28
31
39
33
38
48
43
27
30
37
36
30
20
31
25
36
20
40
29
29
46
35
26
20
33
37
43
28
34
45
49
41
39
29
27
46
37
35
23
35
31
41
35
53
33
41
37
35
51
27
33
46
30
51
38
39
30
30
34
41
31
45
20
37
27
47
27
29
28
34
35
60
31
35
20
47
25
56
30
24
28
28
41
31
24
34
35
28
43
24
23
24
25
45
20
51
26
38
41
31
26
25
32
26
25
44
53
39
22
34
43
36
38
44
27
25
34
34
29
24
37
25
45
42
45
37
31
37
51
44
26
46
