39
34
30
37
29
35
26
44
27
20
40
33
44
31
43
33
21
28
33
24
29
27
37
31
37
32
20
24
25
37
24
52
20
20
23
25
53
45
34
21
40
28
56
20
38
31
20
29
20
30
60
33
27
23
20
31
37
32
24
30
26
28
22
38
24
30
22
29
30
20
38
23
41
31
54
28
33
39
42
24
38
31
50
26
30
33
37
20
25
35
40
32
26
25
30
28
20
41
51
42
20
48
43
45
23
47
23
31
44
26
28
44
23
20
32
34
29
32
37
33
30
33
43
26
23
45
20
20
28
24
39
34
49
36
33
36
34
30
30
32
27
37
53
39
54
21
46
28
31
30
30
28
24
46
30
22
21
25
30
27
22
36
23
34
40
31
41
29
47
25
29
48
32
26
20
32
35
29
20
45
39
26
47
29
25
30
23
29
41
27
20
38
40
34
29
44
53
38
37
27
22
43
41
26
28
28
24
29
26
20
47
28
34
20
32
28
38
36
31
22
23
35
20
29
40
44
26
23
45
38
48
33
37
28
35
20
37
35
59
23
51
33
32
29
47
27
24
45
40
40
20
43
26
26
26
28
29
31
44
41
28
21
22
33
35
20
28
38
32
30
39
30
40
34
26
50
45
45
20
36
43
20
24
29
41
47
41
47
20
