49
40
60
34
21
21
22
20
34
34
37
27
41
29
33
31
31
29
37
39
27
35
37
36
30
29
36
33
29
38
30
37
28
28
21
27
29
30
24
41
48
28
41
34
29
29
32
24
29
38
30
32
26
33
21
39
39
28
38
38
33
25
23
35
39
32
33
32
39
42
39
28
28
39
20
30
34
33
32
33
41
42
33
29
40
21
21
20
27
32
41
33
24
35
39
46
23
36
20
26
28
37
20
23
35
29
23
26
34
29
30
38
43
25
43
24
31
23
27
28
29
35
25
56
33
21
28
34
23
34
30
25
20
35
23
35
35
49
33
40
31
37
39
39
23
25
22
34
31
35
29
40
31
22
25
41
20
22
26
30
51
28
26
24
40
34
35
30
36
29
23
24
28
20
26
33
41
22
20
26
24
29
28
24
31
31
26
43
30
38
27
20
37
31
20
32
25
23
39
30
23
32
32
45
40
36
38
26
20
29
45
37
37
39
47
21
29
36
31
24
32
33
38
33
29
25
29
43
37
20
20
25
20
21
32
40
31
35
36
37
55
26
27
39
27
23
28
30
25
38
24
31
29
30
26
44
24
34
37
22
36
32
23
20
21
31
29
23
33
27
36
21
42
43
34
25
50
28
28
34
43
31
27
20
26
24
22
30
27
