35
54
45
21
24
35
48
38
32
30
40
41
27
31
35
35
42
31
45
32
40
36
34
27
45
27
27
21
27
36
30
25
35
20
46
32
43
34
37
47
26
31
40
44
25
27
35
31
22
38
46
20
45
49
44
49
37
29
31
41
30
23
23
44
47
43
25
42
39
38
43
29
21
23
22
38
25
52
23
36
38
34
25
28
41
24
20
52
44
29
37
22
30
48
33
41
27
43
22
45
47
36
37
20
48
32
40
30
26
37
27
30
49
24
26
24
28
38
44
42
47
25
51
50
45
25
48
27
30
29
20
43
29
41
31
49
20
39
25
30
20
42
45
30
37
39
32
46
40
39
27
25
31
28
52
29
29
41
22
20
39
28
34
50
20
42
37
36
40
39
42
22
55
49
33
23
20
41
28
50
20
26
20
23
57
57
49
20
40
51
46
29
20
28
47
49
35
26
46
20
38
42
33
41
23
29
26
29
40
33
47
34
46
43
20
39
35
27
46
30
20
39
23
41
25
44
29
38
46
35
30
33
25
34
32
35
25
25
45
36
20
26
25
50
29
38
57
34
30
43
35
20
21
27
46
26
38
31
35
43
34
21
34
60
20
33
24
39
35
25
35
50
44
30
37
53
29
42
36
53
55
38
35
31
37
25
34
38
31
