20
30
20
37
33
47
43
29
20
39
32
26
20
36
20
28
43
46
33
40
27
40
39
39
40
20
51
24
31
36
24
20
38
25
38
30
37
35
46
43
36
27
22
23
42
22
24
25
33
41
37
30
27
41
36
35
26
48
24
38
32
29
24
20
29
56
36
20
36
24
20
22
27
29
31
40
20
24
38
47
29
25
38
45
37
25
29
31
32
36
30
39
47
22
37
33
40
26
43
30
31
42
43
33
21
31
22
33
20
32
41
33
33
35
39
24
35
31
31
30
34
29
31
31
37
32
25
38
34
48
33
34
53
25
58
45
34
42
31
57
35
41
37
40
32
44
20
25
20
34
52
23
34
37
47
37
37
45
21
46
21
22
20
25
30
25
25
20
26
31
20
23
25
28
25
23
44
20
46
30
49
28
28
44
32
41
31
22
26
22
47
27
27
39
26
26
32
36
21
34
40
20
24
32
24
32
28
21
20
47
47
49
41
38
20
54
36
33
26
34
30
40
27
24
28
37
20
27
22
27
24
50
51
34
20
33
32
28
34
23
40
35
25
37
39
25
32
21
20
34
20
42
28
45
26
36
60
21
28
38
34
45
35
20
23
35
27
31
31
38
20
29
29
28
28
37
35
22
28
25
27
38
29
26
41
37
36
25
42
