25
32
43
34
41
33
26
48
33
56
27
27
32
27
23
28
47
50
31
41
47
47
42
23
37
31
41
34
21
36
41
41
30
20
39
26
21
32
30
46
34
41
45
36
24
36
50
46
40
36
27
42
35
43
37
27
31
30
20
42
31
37
33
42
48
37
27
39
34
33
28
39
34
45
20
40
40
31
27
20
48
30
24
23
21
29
30
28
22
20
43
57
41
28
29
31
21
35
24
56
28
38
43
24
40
45
31
25
30
26
20
33
60
33
38
29
40
27
40
21
50
20
26
32
43
44
55
36
33
23
25
25
28
31
24
27
35
23
36
58
43
39
39
26
32
38
43
33
28
31
26
49
33
41
30
53
37
26
38
31
33
36
37
46
28
37
22
32
21
26
41
39
32
20
39
35
29
44
39
34
35
36
31
42
32
32
20
20
32
50
34
28
41
45
36
34
27
37
26
27
30
36
45
31
40
31
27
21
41
52
25
36
20
45
58
38
31
36
38
25
36
42
59
32
24
32
56
46
58
29
37
29
30
24
37
49
29
30
35
36
20
39
22
40
30
36
28
29
39
25
36
39
22
36
46
26
41
25
34
37
28
25
30
29
22
35
47
39
36
44
34
51
38
20
22
28
36
36
36
45
32
24
31
41
23
48
39
31
37
