30
32
46
28
29
41
46
20
23
22
40
23
38
29
30
27
27
26
20
29
24
33
26
38
21
24
43
37
29
33
44
41
30
27
46
38
38
22
21
38
20
39
28
20
47
20
27
36
30
29
25
39
28
23
25
20
32
35
35
24
37
29
26
26
20
23
20
28
36
22
29
32
40
38
29
43
37
40
27
26
20
29
32
25
34
23
33
20
34
22
29
25
38
27
26
36
34
31
29
47
25
30
22
43
48
34
36
20
24
24
29
53
34
20
35
45
38
38
20
26
27
22
35
20
37
38
30
29
33
29
45
22
40
27
39
44
42
42
43
32
33
34
27
24
30
26
28
26
40
27
33
27
40
35
29
30
49
25
33
32
25
38
28
26
31
35
32
26
29
26
24
38
34
28
35
33
27
21
26
20
37
21
28
22
21
33
27
35
22
53
29
51
37
24
32
33
34
25
33
29
31
20
25
40
37
44
25
41
40
23
35
21
20
28
20
26
35
38
37
28
27
38
23
20
22
33
30
25
37
41
32
21
24
42
33
20
28
38
26
33
28
28
28
40
60
23
31
30
22
40
22
34
23
35
33
36
34
33
21
22
38
25
22
25
30
47
35
35
27
28
28
36
26
26
29
25
29
23
28
27
25
33
29
30
48
31
38
37
30
