28
39
25
28
34
31
45
31
40
32
50
20
33
32
26
25
28
29
30
28
30
32
37
32
41
25
20
57
20
37
35
48
28
40
39
24
22
46
48
31
40
58
50
36
35
27
28
42
43
40
45
39
40
48
30
33
23
29
20
25
35
20
36
41
57
37
20
34
29
25
34
44
42
37
20
35
53
22
28
44
39
36
31
39
28
25
53
32
20
24
31
25
24
31
45
29
39
28
30
29
40
45
21
37
30
32
23
20
36
27
40
41
46
29
51
50
36
39
36
37
34
31
22
44
34
30
60
51
25
38
47
47
42
24
38
27
32
24
44
28
20
31
21
43
31
41
36
24
30
30
20
25
30
47
30
28
22
47
28
27
30
27
30
20
47
41
24
42
34
27
26
27
39
59
36
45
41
27
32
49
25
38
29
31
30
31
26
44
30
35
36
39
55
36
30
24
49
41
26
32
27
38
20
30
20
32
43
30
35
30
20
27
37
49
47
23
36
41
29
20
32
23
28
28
33
46
26
30
26
28
39
48
28
30
20
53
44
36
32
23
41
45
37
26
49
20
29
36
27
20
39
40
30
34
43
32
54
43
30
20
39
28
29
43
31
41
34
33
27
49
46
41
20
55
34
34
28
54
20
20
43
56
36
44
37
25
51
35
32
