33
42
43
39
39
26
38
27
20
34
37
35
37
23
37
40
42
26
31
32
22
31
26
41
35
36
41
25
34
21
37
29
30
32
41
41
28
44
36
37
20
34
24
26
24
20
25
24
29
39
28
37
39
36
30
36
41
27
35
38
20
31
29
41
22
21
23
24
23
20
35
26
25
35
42
60
31
42
34
27
31
36
33
26
34
20
26
34
48
20
31
22
38
23
32
51
38
37
26
20
47
35
36
33
23
34
20
29
36
33
31
28
34
28
37
21
32
50
23
32
21
33
35
46
21
27
38
24
25
41
29
25
40
35
30
28
31
28
31
30
20
25
35
23
40
32
25
35
34
21
30
25
37
31
20
40
39
29
34
33
28
37
50
26
40
38
45
42
31
26
38
25
41
31
34
24
25
20
26
38
33
28
35
24
31
20
31
42
39
40
46
36
40
29
53
23
28
36
27
36
28
28
29
36
20
32
29
23
20
24
22
29
37
36
48
21
20
22
21
38
20
24
37
30
24
41
45
20
25
28
40
31
20
29
24
26
20
36
23
20
33
35
36
32
28
23
25
29
51
23
25
21
23
20
25
28
20
44
47
20
29
20
41
27
26
25
44
34
29
41
22
27
33
42
23
48
39
37
24
24
35
27
41
30
31
30
32
35
51
