22
27
31
35
29
33
34
31
34
26
27
29
24
31
23
34
26
31
35
26
44
23
40
31
24
33
25
34
31
31
49
21
23
22
25
25
28
22
29
26
39
34
32
38
38
31
27
22
27
40
31
29
29
36
24
49
20
34
24
28
43
32
29
33
37
30
25
30
36
32
35
35
20
20
23
35
32
28
26
33
21
39
36
26
33
27
34
25
27
26
42
20
35
20
24
31
24
36
36
25
30
29
20
35
35
27
21
20
32
33
21
33
31
34
25
32
36
28
34
26
24
28
20
24
26
28
26
41
23
44
30
36
24
38
34
37
33
34
25
26
27
35
22
25
35
25
21
33
29
23
37
21
36
38
33
30
27
20
28
38
32
28
34
21
24
26
41
31
33
42
20
31
41
30
33
27
37
34
35
23
32
39
26
26
29
27
30
28
33
35
30
26
40
36
25
38
23
33
33
35
27
20
28
38
27
23
37
26
24
30
21
29
35
20
36
28
40
23
21
20
34
27
24
37
41
27
41
25
22
33
32
23
27
33
23
60
31
32
22
25
37
32
33
21
27
26
20
33
39
36
28
24
25
31
20
35
26
24
37
28
25
36
22
20
34
34
29
23
29
21
24
36
20
27
23
20
25
29
39
29
26
31
22
32
25
22
29
23
21
