44
46
25
30
21
30
26
46
33
26
24
20
46
28
29
31
36
33
27
30
26
26
26
26
29
34
22
34
41
24
28
33
27
43
31
34
31
31
49
42
31
32
37
35
27
20
47
23
42
26
37
29
35
24
29
35
50
20
36
39
33
36
26
35
22
23
22
25
35
35
31
20
57
34
33
30
33
24
24
29
29
30
23
35
30
34
26
40
29
33
49
28
38
30
23
36
31
30
21
32
28
49
36
20
23
20
31
20
35
20
26
27
38
35
21
47
24
36
23
43
33
30
33
53
42
35
25
31
43
39
24
26
41
27
43
31
20
31
32
43
41
55
33
31
47
27
20
30
33
30
32
28
21
35
36
23
21
20
23
29
31
48
31
31
40
44
27
37
20
24
30
39
20
48
39
20
36
34
27
38
24
20
41
23
29
35
20
28
33
22
21
26
25
49
28
41
32
42
39
31
42
35
47
20
31
33
20
46
26
32
33
39
32
32
26
35
28
47
31
22
33
25
22
28
30
20
28
27
28
20
22
37
31
35
22
20
37
34
22
26
26
36
33
36
56
38
31
25
24
21
46
30
36
26
40
21
35
28
42
24
34
26
38
42
23
20
26
38
36
36
40
36
56
38
20
28
40
27
25
34
41
37
24
42
20
55
60
37
31
