38
48
39
29
31
38
32
28
27
30
21
45
33
26
60
26
23
40
44
38
39
35
44
33
20
55
35
23
24
34
29
32
33
26
44
24
36
20
28
34
33
29
48
30
41
20
49
28
39
33
23
20
27
31
33
28
23
48
31
35
30
25
44
44
28
36
29
42
32
30
51
49
28
32
28
34
28
51
31
25
20
26
29
20
48
33
31
37
20
33
21
24
33
39
36
22
33
38
43
28
52
46
35
35
27
44
55
49
53
34
31
32
39
23
42
24
52
30
27
40
37
33
35
26
40
43
20
30
40
46
35
44
34
26
24
30
35
36
28
24
25
28
29
33
32
29
36
45
28
47
24
29
29
22
35
25
21
38
38
21
45
38
30
20
33
25
51
42
36
35
35
24
36
33
26
27
31
30
33
29
30
39
37
41
21
32
25
28
35
22
31
36
31
44
34
41
35
44
21
30
38
41
31
34
24
27
46
33
32
31
33
32
43
27
31
20
31
40
48
25
28
50
25
26
32
47
37
44
38
33
27
27
54
44
42
30
38
27
41
43
33
30
48
29
36
31
28
32
51
31
43
22
26
30
31
31
22
31
20
25
23
29
31
48
20
32
26
40
32
27
31
48
46
41
45
42
20
41
29
32
31
27
39
33
20
26
23
25
35
