45
29
37
33
38
42
31
41
26
57
39
38
23
39
23
20
36
35
42
23
33
33
28
20
35
20
35
40
45
40
34
32
36
35
31
36
21
29
46
32
57
44
21
29
39
28
33
35
29
40
51
32
20
20
36
29
46
30
33
46
28
53
27
49
20
34
28
54
30
27
30
30
20
27
24
41
47
23
29
25
35
30
41
37
42
36
44
49
33
30
38
29
30
20
42
32
37
38
34
57
44
37
31
27
28
46
20
39
31
36
46
24
29
26
40
23
31
33
39
24
29
20
31
33
35
39
39
32
20
33
40
35
30
43
27
31
31
28
38
20
48
38
27
25
36
35
24
30
36
37
29
32
29
27
29
22
30
25
39
42
28
60
27
20
26
30
37
37
41
30
54
27
45
34
28
25
33
33
23
30
47
24
35
31
38
40
41
27
41
45
27
41
40
27
33
36
41
26
40
53
39
28
22
28
49
20
31
32
38
38
43
23
25
35
27
34
34
31
33
23
29
27
26
41
30
31
32
50
34
30
23
38
27
31
20
27
45
30
28
31
50
38
20
44
34
23
41
31
47
46
45
21
30
33
43
28
20
26
30
40
34
35
31
29
49
38
39
50
23
29
37
25
38
20
27
47
25
36
24
44
20
22
26
23
21
28
33
32
42
