30
44
28
20
21
34
22
30
23
33
24
34
39
31
35
39
44
32
44
33
34
45
28
20
32
28
23
36
22
22
30
20
34
43
53
23
37
26
53
33
33
32
42
31
55
20
45
20
39
30
23
32
46
28
47
29
48
36
33
29
30
48
24
37
37
22
52
23
34
31
20
41
32
24
20
30
30
34
26
20
40
38
20
20
22
40
33
27
44
35
32
51
60
44
42
28
29
39
29
26
32
27
40
26
35
29
25
29
31
22
24
37
27
33
32
29
30
40
29
33
24
26
27
28
35
20
37
40
25
34
42
29
30
26
22
29
31
43
38
33
25
33
25
23
36
30
37
48
20
40
20
29
26
20
21
27
31
40
26
25
36
27
20
32
26
35
27
30
28
38
38
29
20
38
36
26
32
20
25
23
25
36
44
48
57
36
33
27
34
40
23
24
31
20
22
31
34
36
39
30
27
23
29
20
23
41
38
41
23
37
30
28
30
22
32
34
33
24
38
20
29
23
22
33
20
34
21
27
21
23
34
33
29
20
36
40
37
31
29
25
32
33
37
24
25
23
40
27
32
33
20
36
26
26
25
21
20
35
34
34
24
38
28
34
34
34
26
30
35
34
27
35
34
32
32
32
21
45
43
34
25
20
31
36
33
35
27
27
35
