36
31
29
35
40
30
29
21
33
36
27
38
52
26
38
30
25
40
25
38
51
27
35
34
30
24
38
33
25
24
30
24
27
41
46
25
34
25
37
28
36
20
44
25
36
43
31
27
29
28
40
29
21
24
47
20
30
39
33
33
22
31
27
46
25
39
33
36
35
34
28
35
35
30
35
34
36
25
32
34
20
25
31
29
27
20
29
28
31
39
40
37
21
30
40
29
24
20
55
30
31
37
34
32
37
34
33
33
22
25
25
36
34
33
28
24
33
35
20
22
20
24
22
22
32
34
42
60
31
32
22
20
28
20
33
38
33
51
35
27
34
35
45
33
23
31
22
24
20
35
48
27
32
24
31
27
52
43
40
20
34
29
30
39
27
31
23
36
34
41
27
29
44
30
27
31
43
27
22
38
41
29
20
35
29
29
41
25
20
33
41
25
29
34
35
45
21
22
35
24
20
31
36
25
24
21
33
27
32
24
35
42
42
34
44
20
27
24
20
24
40
31
23
48
30
38
33
37
21
32
42
20
27
29
34
21
26
37
33
42
21
36
29
20
32
40
33
33
35
29
31
26
27
33
35
27
35
20
20
28
33
27
24
22
48
22
34
27
42
24
20
23
20
25
43
34
31
23
39
43
20
37
26
25
29
30
21
30
35
