46
23
43
41
27
44
27
31
28
39
37
35
27
49
44
48
23
49
27
47
25
20
38
26
30
36
20
25
21
27
37
40
20
29
35
20
31
24
25
28
41
40
32
43
39
43
32
40
29
20
27
35
40
37
29
33
46
37
34
28
31
34
42
26
32
45
28
32
48
41
25
22
20
23
42
20
23
21
30
47
43
45
46
33
45
50
22
21
36
60
23
39
20
28
43
41
25
27
49
26
28
21
40
32
21
30
28
33
37
37
21
37
30
51
38
56
22
34
37
28
39
38
36
30
34
37
36
44
25
20
36
45
26
28
28
48
32
48
28
31
32
21
57
22
36
41
20
43
44
35
46
28
28
33
25
27
29
40
32
56
33
43
28
37
31
28
28
47
20
41
23
24
41
48
40
39
31
51
38
52
36
23
48
38
20
53
25
37
48
22
30
20
48
47
31
40
27
31
28
41
25
21
29
30
27
41
38
20
36
39
37
41
41
28
40
49
35
55
20
31
32
37
33
28
44
43
32
29
45
52
38
30
39
33
31
20
22
48
24
30
36
36
40
33
27
35
43
29
39
36
43
35
44
21
36
21
22
20
56
49
24
21
31
41
34
31
33
41
42
44
41
33
34
51
37
28
27
39
46
34
34
20
39
26
39
26
41
32
37
