31
32
28
34
20
24
28
47
22
45
20
29
39
30
21
40
41
28
51
20
54
28
37
30
29
29
38
31
46
38
37
32
34
32
28
48
29
44
32
45
39
20
30
36
20
38
33
44
27
41
35
29
28
22
30
24
37
33
33
51
32
21
46
38
20
36
32
35
24
32
25
37
25
46
22
29
31
50
49
25
32
30
39
22
33
48
33
33
34
24
40
22
36
32
28
22
44
25
37
36
39
29
46
32
33
29
22
42
33
31
38
28
34
50
22
36
45
35
38
25
38
43
29
30
50
39
28
34
21
44
25
23
25
31
31
47
43
33
27
23
20
35
28
29
33
33
46
25
37
40
45
44
34
33
39
41
32
36
20
40
28
36
33
35
50
36
27
37
28
44
21
30
34
44
32
41
51
25
30
39
29
23
31
36
20
34
41
38
34
47
30
24
53
33
47
26
43
29
34
29
49
26
33
24
37
44
21
22
42
29
36
24
26
34
45
30
22
42
33
34
39
58
24
24
41
20
20
28
50
32
32
30
27
25
31
25
37
26
33
37
27
48
31
34
40
20
32
29
28
30
27
28
39
31
24
33
27
60
40
39
50
32
29
20
43
32
39
31
27
33
36
54
20
37
26
21
35
35
25
25
41
48
20
30
38
27
24
48
36
