32
46
26
28
29
34
32
42
26
34
39
54
31
44
32
41
20
46
32
35
31
26
41
21
45
33
31
26
37
36
33
35
24
46
32
28
20
55
52
23
25
25
33
36
32
23
58
28
38
27
31
29
35
43
23
36
31
49
36
26
30
47
29
44
39
33
24
33
35
28
28
23
24
20
45
22
45
38
33
46
33
20
38
30
35
46
40
48
23
27
27
46
21
34
41
31
50
33
35
44
31
28
24
39
29
49
44
40
33
37
30
40
31
21
23
27
21
27
22
37
35
26
37
32
43
41
47
37
41
20
24
35
20
43
20
35
25
27
43
24
40
34
35
29
37
25
29
38
25
20
30
37
29
34
40
40
34
39
29
49
32
25
38
25
43
26
31
41
27
33
24
38
54
55
44
42
38
45
20
37
26
32
45
30
38
23
35
41
23
38
31
38
42
22
34
31
26
27
37
23
40
38
27
24
21
36
36
42
47
49
28
32
37
35
40
41
43
21
28
30
26
34
23
58
24
24
24
21
20
39
25
32
20
35
37
33
34
31
25
36
26
42
23
32
31
40
37
24
48
32
42
40
31
30
23
30
32
23
33
23
28
42
33
20
26
29
20
52
30
20
37
27
41
35
23
31
38
42
34
47
60
36
33
37
27
36
37
31
25
