32
36
20
36
48
39
26
29
43
26
34
25
25
35
35
39
29
30
43
23
25
40
33
34
43
30
47
34
21
27
32
38
20
46
30
29
43
35
26
24
32
32
20
37
27
33
41
26
45
32
24
43
39
31
40
27
26
41
22
20
29
41
36
34
45
28
44
25
30
34
33
21
47
33
34
33
23
20
38
29
25
60
26
37
37
44
20
32
32
30
34
45
39
44
20
24
25
35
44
20
40
20
22
30
29
28
35
32
42
31
24
27
43
47
40
25
37
35
28
24
45
22
30
29
28
28
44
29
37
26
27
24
32
39
52
36
36
23
36
27
29
20
47
38
55
27
33
34
35
35
27
29
29
20
34
26
34
30
27
37
20
29
38
20
34
25
27
36
26
20
28
40
39
27
24
29
46
45
43
28
34
36
22
38
35
41
38
26
32
30
49
20
22
35
29
30
40
36
39
24
23
32
44
29
46
42
29
51
26
39
36
28
21
41
21
41
32
32
22
43
23
23
33
47
30
40
32
27
30
20
30
25
35
34
29
38
32
24
21
23
39
31
26
50
35
31
39
29
27
28
31
29
25
23
38
20
30
31
32
44
36
40
41
40
24
32
35
20
20
39
36
20
35
38
32
37
28
33
32
26
30
40
20
25
48
26
50
41
44
