29
28
21
29
27
36
50
37
33
25
31
21
40
34
35
29
20
32
33
38
27
42
34
35
30
34
24
28
37
22
30
23
30
36
20
24
60
22
25
26
31
28
33
28
20
41
35
23
40
27
24
21
30
41
21
31
20
31
36
22
26
20
20
26
26
22
23
33
38
37
28
34
42
31
24
29
40
36
30
22
39
27
43
30
35
30
28
29
20
42
31
27
24
35
28
38
41
33
27
40
28
52
35
21
24
20
30
34
49
26
34
35
41
27
23
35
32
30
20
30
32
32
39
44
36
36
21
29
30
39
28
23
21
32
20
30
36
49
30
43
42
23
39
20
36
34
34
33
42
32
39
36
25
36
21
35
43
20
41
21
39
21
29
31
44
23
36
36
32
40
38
28
22
25
24
31
44
47
31
31
24
37
40
41
22
33
37
29
25
35
21
30
30
34
47
21
30
34
29
34
34
20
35
27
33
27
27
40
20
24
20
33
36
26
35
27
30
29
21
38
25
51
29
51
36
30
33
32
39
37
35
43
31
44
39
29
40
33
35
40
26
27
22
29
31
25
36
30
27
24
28
32
30
31
30
27
36
35
31
33
35
37
21
35
28
39
31
34
41
29
20
20
43
38
31
40
38
24
34
37
33
38
31
22
40
22
23
20
22
