29
35
21
34
38
33
38
21
25
33
32
22
28
38
27
22
32
20
24
44
37
24
30
27
54
32
27
25
37
28
28
32
46
34
25
25
34
36
33
22
24
22
30
22
42
34
30
43
25
35
39
31
38
22
35
35
27
25
34
25
21
33
48
35
30
34
35
38
31
34
29
33
31
33
35
34
31
34
40
22
26
36
25
30
42
36
22
33
32
25
31
23
28
30
20
37
26
44
30
26
33
30
43
23
29
30
29
26
27
27
34
37
38
51
30
26
31
36
39
32
30
42
35
31
43
22
34
46
41
20
31
33
25
41
30
34
22
20
23
33
40
45
21
29
34
31
28
30
33
22
42
31
39
43
42
21
28
37
20
27
20
20
40
22
41
49
21
40
45
33
36
36
20
39
32
21
29
26
31
28
23
26
21
24
20
38
28
25
28
34
34
30
35
26
42
25
42
45
32
22
32
21
32
28
29
28
44
30
35
30
30
27
36
40
37
20
25
41
42
31
40
29
35
40
20
31
24
24
29
30
44
20
28
26
25
35
40
58
35
45
25
36
22
32
60
29
25
22
37
29
24
37
48
22
28
30
41
24
44
33
38
29
28
24
24
36
30
35
30
24
39
26
36
27
31
25
26
37
28
45
45
28
27
31
34
26
25
43
20
