45
30
46
28
20
35
26
22
53
33
36
23
37
25
28
27
39
20
42
48
35
42
37
35
32
50
32
32
30
29
38
28
25
33
31
20
26
43
32
24
27
20
39
30
20
25
30
27
48
34
30
23
20
46
23
20
27
27
28
28
40
25
20
20
48
24
24
30
49
39
38
22
42
36
42
36
29
32
30
42
60
29
28
49
23
29
20
33
31
27
31
20
30
39
26
26
37
30
41
39
27
30
37
27
54
51
33
34
31
37
32
32
27
21
30
31
37
36
25
40
20
21
34
45
34
35
31
41
34
24
31
28
32
21
35
34
23
24
31
33
36
27
31
22
24
22
34
33
28
35
26
31
21
21
33
24
36
25
22
34
30
35
35
38
33
26
29
32
34
45
36
25
27
30
27
30
36
31
28
23
27
32
32
26
35
25
29
26
32
23
36
43
37
38
36
39
22
42
20
21
30
26
20
51
37
27
35
30
37
36
29
31
35
21
37
37
35
38
31
41
38
49
25
32
29
32
38
29
24
32
42
33
27
34
39
29
33
30
32
24
20
21
36
25
28
39
28
23
28
47
36
20
47
25
45
37
34
23
30
43
32
46
32
30
27
34
30
24
25
36
36
31
32
22
46
20
30
49
35
37
36
37
33
29
28
40
44
31
34
