29
35
22
28
27
30
23
42
38
40
41
48
20
25
29
26
26
22
33
25
30
46
48
33
39
20
33
41
25
28
26
37
27
33
25
41
33
32
32
21
25
27
27
36
28
22
25
53
38
26
21
26
43
27
20
21
37
39
25
21
29
28
27
47
22
28
32
26
33
27
37
38
38
23
37
23
35
33
28
25
30
44
28
31
29
31
30
21
34
39
36
39
24
24
24
21
28
23
32
30
41
39
27
33
38
29
45
41
56
20
22
51
35
24
24
40
20
33
26
27
31
46
26
23
34
26
33
28
26
23
28
37
40
40
38
31
22
31
49
29
26
24
27
29
24
30
29
41
28
28
41
41
24
25
38
29
23
31
32
29
28
32
32
31
23
36
31
27
26
39
41
30
27
23
34
30
32
36
31
33
24
37
33
20
20
33
31
26
39
21
25
43
43
37
27
28
20
26
47
38
29
41
21
43
25
41
22
30
22
26
30
21
29
20
24
31
24
24
29
20
36
20
37
26
28
37
47
28
20
26
25
28
27
29
31
42
32
33
41
21
24
29
26
30
25
37
27
33
45
40
46
23
25
29
23
36
42
20
31
48
22
30
20
32
36
24
32
41
20
36
20
30
45
40
46
34
60
34
22
24
24
29
44
31
36
31
35
35
31
