29
37
41
37
22
46
32
35
20
37
23
37
26
29
24
23
35
25
27
36
32
50
35
24
23
36
22
24
31
21
37
41
29
34
33
38
31
44
28
21
38
20
34
40
32
43
44
33
20
20
25
41
32
32
35
20
26
25
33
30
26
37
26
20
43
31
47
45
28
24
24
33
28
20
27
37
45
20
42
44
28
49
23
20
37
47
34
37
28
37
35
20
36
38
31
40
23
30
21
30
26
24
26
41
32
26
24
27
34
27
41
28
25
33
30
37
36
43
48
27
26
60
32
20
25
27
20
33
30
31
36
29
28
52
41
27
27
24
20
39
33
25
20
49
39
32
22
20
20
41
30
35
35
36
31
35
30
41
32
40
49
35
23
40
31
35
22
26
28
42
30
42
41
36
30
32
47
37
31
33
24
36
28
34
39
28
33
27
23
43
47
58
35
28
28
20
38
20
37
30
26
28
26
34
26
36
37
27
32
20
32
29
26
34
25
24
54
20
29
28
31
36
27
29
31
41
25
37
28
35
35
28
36
36
32
39
41
28
41
36
39
37
40
35
37
27
40
31
22
26
47
34
32
23
26
31
44
26
29
28
23
25
27
41
37
45
32
27
36
24
23
34
20
35
28
39
43
31
38
34
34
27
21
23
25
35
20
50
20
