24
31
41
40
24
44
32
29
20
36
37
43
29
31
27
34
29
39
28
29
22
29
34
20
43
36
45
20
36
27
35
30
31
26
36
20
37
40
20
20
21
36
29
40
36
31
30
35
27
31
39
20
29
35
35
25
29
28
36
34
39
34
33
27
31
21
28
37
20
45
31
43
41
38
32
42
35
24
25
23
27
41
37
32
35
23
42
31
27
45
32
32
46
36
31
28
27
27
27
39
21
35
27
37
27
51
29
35
25
27
40
23
33
24
26
36
48
21
27
20
25
48
35
20
24
28
27
29
56
28
38
35
36
34
33
34
33
36
28
22
27
30
32
34
23
40
29
25
30
25
27
29
28
40
35
35
28
23
32
38
37
35
35
22
27
33
45
25
38
30
23
41
25
35
23
29
24
49
25
27
33
48
30
29
20
31
42
37
20
28
30
23
26
23
27
25
31
32
43
42
21
27
30
39
21
36
39
35
27
39
34
23
22
28
46
31
24
43
26
33
30
43
28
22
29
20
28
29
36
28
60
26
31
20
35
35
26
28
25
27
42
30
31
40
28
20
22
27
25
24
32
46
35
43
30
20
36
24
28
34
53
42
20
37
37
31
34
27
29
27
22
33
30
26
30
24
44
37
30
28
29
30
45
44
23
22
37
23
46
