25
26
24
29
34
27
20
45
38
33
29
31
32
25
32
44
54
36
35
28
29
42
39
32
20
27
45
32
27
27
32
34
24
41
27
20
23
25
35
30
43
28
34
21
22
33
31
21
38
28
27
42
20
27
31
28
38
30
29
32
50
28
29
27
51
31
31
34
28
27
31
20
39
21
22
28
25
39
31
26
28
24
29
28
27
22
38
42
36
20
29
40
33
51
28
39
55
40
26
34
26
31
42
25
33
29
31
38
30
24
51
34
27
31
20
20
43
33
26
30
38
33
60
41
45
29
47
36
29
34
37
32
36
20
32
30
26
34
25
41
34
29
27
36
36
25
38
27
32
30
40
28
25
29
33
40
41
21
55
20
30
26
23
25
33
23
29
46
36
20
52
42
41
25
43
30
29
32
35
43
24
45
24
34
27
36
20
27
33
36
20
37
27
25
25
35
46
46
28
35
46
20
32
23
28
23
29
30
22
33
37
38
42
47
35
37
35
31
31
25
28
41
36
36
26
25
44
37
40
29
31
33
36
32
33
29
26
20
39
20
22
32
39
27
22
31
20
26
32
33
27
47
26
39
33
39
35
34
29
31
38
26
24
28
20
28
25
37
30
35
31
46
52
30
27
28
28
55
38
31
27
29
24
20
29
42
34
48
38
