32
49
29
32
27
39
25
32
24
26
48
21
55
45
20
51
35
39
28
41
42
35
42
31
20
38
34
28
24
31
28
34
27
22
23
27
20
32
35
30
20
42
38
24
33
42
29
26
43
36
30
38
25
44
21
31
31
23
36
23
26
35
41
32
42
42
25
28
24
27
35
56
42
42
39
21
39
31
24
40
40
31
23
30
38
38
21
28
43
50
48
27
24
39
33
24
29
46
26
53
41
25
23
24
37
37
32
36
34
33
25
30
56
34
52
34
40
33
23
20
35
45
53
42
41
28
20
27
31
40
37
45
48
22
44
20
59
41
32
50
20
34
55
40
53
35
38
34
22
28
31
32
29
22
60
33
48
39
49
47
33
51
31
55
22
32
44
22
28
40
43
23
39
36
39
27
30
42
36
40
38
31
22
32
24
20
20
24
37
31
29
48
23
22
20
31
40
47
49
29
46
29
41
22
44
34
26
25
39
51
40
42
36
29
45
47
54
33
21
28
20
34
33
23
30
27
29
25
36
24
36
30
54
40
30
47
55
21
20
29
25
39
32
47
58
20
33
31
20
20
38
39
38
23
33
36
20
49
26
20
40
32
34
26
32
36
30
31
25
28
23
20
28
26
28
20
20
36
21
45
20
20
40
33
25
36
26
20
29
