31
20
32
34
23
27
28
31
43
29
33
34
38
37
36
28
29
26
39
26
38
47
34
21
25
26
36
29
46
31
20
21
41
45
29
38
36
20
29
41
35
22
35
31
42
34
20
37
32
25
26
35
39
22
38
53
33
26
36
39
35
25
41
29
41
23
34
25
30
33
37
20
35
38
44
27
20
21
29
20
36
40
38
49
38
31
35
30
30
60
20
29
52
47
34
32
46
32
27
33
41
46
27
20
25
24
20
23
23
48
34
20
24
22
42
26
27
33
30
20
37
39
20
37
37
31
38
20
34
29
31
33
38
22
52
22
33
29
30
20
25
36
39
33
30
32
26
21
46
20
36
42
48
40
31
27
31
45
20
26
34
20
42
29
29
28
35
24
30
37
44
20
40
34
40
30
33
37
28
42
40
49
41
34
20
34
24
36
35
28
38
37
47
22
22
24
32
29
32
44
34
41
30
43
47
33
54
47
47
27
36
28
24
32
43
26
39
40
26
26
23
20
41
36
26
35
31
22
39
48
34
26
27
28
46
21
27
20
26
37
27
22
29
32
36
46
23
29
49
30
36
28
42
44
20
29
32
24
35
20
24
33
43
45
31
22
35
39
36
31
38
39
37
27
29
41
38
40
37
27
25
49
26
39
44
20
20
42
44
