31
37
21
43
30
28
34
32
43
36
26
31
22
39
23
34
25
28
33
37
23
24
45
32
26
25
36
26
37
34
38
38
26
28
29
32
44
26
24
42
27
23
38
27
39
28
29
38
22
41
38
31
28
36
35
25
34
36
38
34
39
26
50
37
33
46
20
20
24
21
34
21
35
25
42
37
33
36
35
52
27
34
36
29
41
26
36
28
20
25
41
28
45
38
47
30
26
20
24
34
24
23
30
21
26
28
27
29
25
22
36
29
40
31
26
20
27
22
47
28
42
27
30
25
33
38
36
20
20
37
32
46
20
23
33
20
27
36
23
37
36
21
23
31
60
38
23
22
27
43
35
28
20
39
53
22
25
34
30
35
27
20
26
36
38
40
22
39
20
26
24
31
29
36
31
30
24
21
36
38
25
29
37
21
56
30
34
27
29
42
37
37
37
28
27
50
20
24
34
34
26
38
32
37
33
33
30
36
27
20
36
28
22
31
32
39
38
39
45
25
20
25
31
38
37
32
38
32
35
28
33
27
39
32
35
30
28
43
26
44
35
26
35
29
31
35
29
32
21
31
26
41
34
21
38
29
36
23
42
29
48
33
29
32
29
34
31
40
38
33
28
30
40
28
26
32
49
30
41
24
34
26
47
36
54
37
27
37
21
