28
32
31
32
42
38
37
30
29
49
34
42
40
47
21
58
20
37
50
25
31
41
20
29
32
30
50
39
20
35
32
32
50
20
31
36
29
27
25
32
29
36
37
35
35
39
20
35
20
33
38
34
27
43
44
20
60
37
32
51
33
21
39
47
36
35
27
39
42
45
54
31
29
44
29
50
37
29
29
31
21
51
23
27
39
44
31
38
41
31
34
41
23
27
26
31
30
39
45
46
20
36
37
38
35
38
20
31
28
34
21
26
26
31
20
28
41
35
41
20
27
32
32
29
37
32
20
33
41
28
36
47
46
20
45
38
42
43
47
45
56
42
45
50
28
29
38
35
32
25
20
29
42
45
54
44
45
27
51
33
52
24
27
39
22
47
23
20
21
33
29
30
41
51
23
37
32
24
21
20
43
46
37
40
41
55
29
36
20
41
26
56
38
34
38
27
41
40
42
36
29
28
47
42
34
33
35
40
21
27
35
38
28
25
34
26
44
49
43
33
25
33
32
29
31
23
45
43
34
23
46
35
56
36
20
45
20
27
30
37
21
24
37
35
31
37
25
21
27
41
26
43
42
37
24
22
44
31
40
21
34
37
28
23
33
35
25
29
45
41
20
37
23
41
20
29
34
42
33
44
23
43
38
30
30
45
36
41
45
