39
31
36
44
30
30
29
33
32
25
33
42
46
31
33
37
35
31
40
56
30
43
32
31
37
34
54
47
49
53
36
48
45
41
28
25
48
33
29
25
46
43
21
37
22
35
22
39
46
34
47
42
48
47
49
20
33
31
40
23
38
39
39
27
44
39
34
37
33
26
56
24
25
26
55
25
50
35
37
23
30
26
25
30
49
20
34
30
25
46
35
28
30
34
48
31
29
27
42
33
31
34
21
26
46
31
30
40
26
23
20
35
26
24
23
22
29
31
37
47
33
44
23
34
23
43
32
27
37
23
60
39
25
29
46
44
22
47
31
39
41
37
20
41
31
42
25
32
27
27
43
30
26
41
50
31
35
31
34
33
22
36
33
38
20
30
30
37
32
24
30
34
36
38
31
42
20
46
20
36
24
31
44
23
29
24
45
42
49
42
20
28
57
24
26
20
35
27
40
36
25
47
51
43
28
39
26
28
36
31
52
31
37
40
33
33
44
38
35
27
35
58
24
26
41
20
36
20
21
48
20
35
26
24
25
27
20
33
23
26
43
33
26
37
24
37
25
24
27
38
25
20
40
58
24
46
27
38
32
41
28
47
48
34
31
33
24
44
38
20
48
39
20
33
37
38
38
55
51
29
39
46
39
28
45
41
49
31
26
