32
23
41
42
30
47
33
49
24
25
20
32
33
30
22
22
29
35
40
39
37
39
42
30
37
25
20
20
32
27
28
30
36
45
35
30
40
24
29
29
50
38
20
45
20
22
41
39
31
31
30
24
22
35
25
31
31
26
28
46
21
44
24
47
41
25
28
30
49
28
35
28
32
41
22
28
27
34
33
20
25
48
31
33
41
20
40
27
39
32
39
40
20
28
36
42
38
33
40
42
38
40
34
32
26
28
46
26
31
35
44
20
35
29
38
33
22
22
45
23
34
40
31
34
36
27
29
40
26
28
21
30
35
28
37
27
28
33
38
22
35
21
43
30
30
36
20
24
50
27
28
36
37
40
33
60
36
29
28
24
26
32
40
26
31
34
39
26
38
35
31
25
27
42
28
35
29
27
36
50
41
22
30
26
29
29
35
36
20
24
24
25
29
28
36
51
36
28
28
40
27
25
31
29
52
33
39
45
30
28
20
36
32
36
29
21
30
38
23
43
21
25
22
34
44
42
41
36
26
20
25
27
32
24
30
30
28
26
48
32
43
35
27
35
30
30
27
49
40
35
31
44
20
32
30
36
42
34
20
40
40
28
28
50
30
27
20
29
38
28
37
28
20
40
30
41
38
35
33
34
29
30
36
28
43
23
32
23
39
