38
26
28
26
54
29
25
41
35
34
43
39
30
37
32
34
33
20
29
37
38
20
26
34
37
26
33
49
44
43
26
27
44
31
41
27
38
37
20
25
27
30
34
20
20
38
42
42
31
28
27
28
27
36
31
35
39
40
26
40
29
30
36
31
23
28
42
22
27
25
35
29
33
20
26
25
29
36
33
25
25
34
39
39
28
23
26
39
36
23
43
35
31
20
47
35
60
35
36
32
33
20
30
39
33
39
41
20
40
28
20
27
23
36
44
27
21
27
30
37
45
29
30
40
24
31
30
22
40
22
38
23
22
28
25
20
40
27
20
36
22
33
27
20
34
38
25
39
38
35
43
29
27
20
42
24
36
55
50
21
49
24
26
22
29
34
40
27
23
43
41
31
31
31
23
28
40
36
33
20
20
25
39
31
47
40
29
29
43
38
22
26
42
39
20
24
24
33
28
30
20
28
23
42
32
28
37
28
33
29
37
28
27
35
35
26
26
20
25
41
20
38
28
27
20
36
24
28
20
33
29
36
27
32
30
31
35
38
26
20
27
32
39
38
26
30
49
23
20
27
26
28
22
20
39
40
28
35
25
38
34
32
29
46
27
28
20
34
20
26
27
52
38
27
25
21
24
37
34
31
35
20
44
30
34
32
39
33
34
