37
32
20
36
28
41
28
39
34
47
33
31
35
28
50
26
28
37
34
24
48
31
38
47
39
37
26
29
32
52
31
32
36
24
33
48
26
37
34
36
45
20
32
48
38
29
38
60
26
50
28
20
25
44
44
26
20
26
30
55
50
29
37
34
42
27
49
26
30
56
38
24
49
20
38
41
29
53
29
45
28
40
38
56
49
37
30
29
31
42
29
53
36
42
25
41
37
46
33
27
28
32
33
21
27
27
37
40
40
36
20
31
59
20
22
43
54
35
31
30
20
45
20
47
25
31
25
29
37
31
51
32
25
26
24
36
31
20
50
37
30
20
34
21
37
30
27
20
44
47
35
23
54
31
26
52
32
25
29
20
20
36
26
58
41
47
49
21
27
35
44
33
38
29
42
48
22
48
37
48
28
48
50
20
35
38
37
36
34
42
38
40
57
32
33
30
50
32
25
35
41
35
20
48
48
28
49
36
32
25
31
26
24
37
20
27
35
20
20
52
45
41
36
31
34
33
50
46
52
26
31
23
20
38
20
43
41
47
45
33
39
28
34
33
29
35
26
31
31
20
20
40
49
25
30
41
31
38
20
23
27
48
33
48
34
47
20
20
41
52
44
36
39
38
42
37
37
20
27
34
35
41
32
30
49
35
26
32
27
