21
20
28
24
22
25
26
25
32
27
26
28
60
34
39
30
37
40
48
30
25
28
34
27
32
33
25
20
22
33
33
24
40
32
40
27
24
26
46
45
24
29
34
38
35
35
37
20
28
24
27
31
23
33
29
37
36
42
28
27
28
44
22
22
41
23
39
24
38
31
49
40
42
32
35
30
25
29
41
23
40
28
40
36
46
30
43
35
28
40
20
20
23
20
55
44
23
27
41
40
30
28
39
35
41
32
28
28
32
28
28
21
27
29
36
37
36
25
33
47
20
21
32
36
25
29
28
28
26
37
33
33
39
37
36
46
29
20
34
22
28
30
27
42
32
26
40
26
23
48
27
23
25
29
41
50
25
31
28
29
39
45
26
32
32
42
25
48
31
49
20
35
47
37
27
22
22
53
29
20
44
36
23
23
33
39
27
35
45
30
31
43
36
30
27
20
42
30
20
26
38
26
25
41
37
38
26
34
31
22
26
46
27
39
33
29
29
40
26
43
26
35
30
36
37
37
29
28
27
31
24
41
22
27
33
29
38
36
36
45
28
20
20
28
41
40
27
31
38
32
31
20
43
40
30
23
29
32
22
47
22
44
41
26
30
33
29
37
24
37
39
34
34
25
30
20
32
26
23
23
45
28
39
33
44
39
31
35
23
