31
25
39
35
23
28
38
28
24
22
28
43
46
26
41
46
45
36
24
49
40
40
23
26
20
28
38
25
29
35
23
47
23
28
28
32
20
45
26
38
36
34
30
31
29
21
44
20
36
37
29
29
20
33
33
36
38
38
29
24
32
20
24
33
24
41
28
29
36
31
20
35
26
36
48
32
36
33
43
33
34
35
37
24
57
38
30
34
43
49
53
29
20
28
44
34
34
35
43
20
25
39
60
29
37
20
46
43
39
23
38
42
28
50
30
44
22
24
46
42
36
32
40
30
25
47
24
36
37
24
28
31
38
29
25
24
31
21
40
28
32
30
35
27
43
26
20
27
51
32
38
34
29
36
28
52
47
23
28
22
36
36
27
34
26
39
25
28
26
27
49
28
20
22
29
30
28
49
28
36
37
34
35
24
38
55
24
46
34
46
20
55
33
27
20
36
37
32
21
25
22
35
49
39
30
21
20
47
27
26
33
34
24
28
40
32
28
34
20
34
32
23
44
30
44
37
40
32
30
34
29
32
50
29
25
43
33
41
22
29
35
36
39
24
50
33
31
25
26
42
27
28
31
35
40
29
37
36
37
20
26
20
49
28
44
25
30
26
38
33
23
43
27
40
27
34
20
48
39
41
34
32
23
33
27
31
39
39
33
