21
31
24
25
36
26
22
34
27
39
41
30
24
28
25
23
20
23
39
20
22
20
49
35
23
20
29
30
23
35
21
32
40
31
34
23
44
24
31
32
31
36
29
31
36
41
37
28
37
39
36
39
44
38
38
46
41
21
20
26
37
44
41
42
53
33
41
25
26
27
25
20
35
22
33
27
37
21
23
24
20
24
33
29
36
35
54
34
26
20
21
45
28
20
49
46
31
29
27
30
20
30
43
38
34
20
32
36
20
28
28
23
37
33
60
20
28
28
22
44
43
36
27
40
32
53
45
22
38
30
36
39
37
28
26
42
20
43
41
21
46
40
36
31
30
23
29
26
20
49
50
27
22
28
32
37
20
37
24
34
34
20
32
28
30
26
22
39
27
38
30
33
29
40
37
38
36
33
37
20
25
47
20
24
50
38
34
22
33
42
27
20
46
39
38
34
20
40
34
37
20
31
58
37
40
22
20
36
24
30
33
27
39
44
30
34
36
30
32
29
28
32
27
35
37
53
41
30
39
38
34
28
31
35
45
25
34
32
28
23
29
28
46
21
26
37
26
28
30
37
30
36
31
27
27
31
28
37
37
35
46
29
31
57
40
30
25
37
44
39
25
27
27
20
27
34
22
30
28
56
24
42
35
20
52
32
33
34
22
