33
36
29
49
20
31
20
43
30
20
23
31
50
50
26
30
56
45
36
37
31
27
29
24
21
35
20
20
36
36
47
20
33
33
25
25
32
40
27
42
41
58
42
22
24
22
45
41
41
36
42
45
38
25
27
31
23
47
40
34
22
20
41
44
20
51
55
33
23
45
35
44
49
27
44
21
24
45
48
47
36
20
26
33
33
20
29
20
53
60
36
38
28
32
43
41
22
42
29
25
21
22
30
29
20
38
38
34
27
53
47
26
32
20
34
37
29
28
23
36
33
40
32
25
28
33
52
45
22
33
35
20
31
34
38
36
26
42
20
41
27
50
32
29
32
30
29
47
44
20
20
50
33
20
23
29
20
33
41
32
35
40
21
36
48
35
35
24
32
20
44
45
33
39
43
36
39
40
29
40
39
34
34
38
36
29
31
35
40
32
20
35
44
37
41
27
38
26
20
29
27
20
33
31
30
20
37
49
20
36
48
35
42
29
20
52
29
35
36
20
28
31
22
36
40
24
41
36
21
27
41
31
28
20
36
24
53
26
40
32
37
32
49
30
42
49
26
21
24
40
44
27
30
29
49
27
28
36
24
31
20
41
35
34
34
32
20
21
41
27
21
38
34
54
28
29
40
39
34
22
20
45
46
36
35
53
30
40
35
