44
32
33
40
21
38
39
25
42
27
38
34
21
34
38
47
26
28
31
30
30
50
35
28
36
33
32
37
25
25
20
36
38
24
50
34
36
25
38
34
28
41
39
46
35
29
50
32
38
37
35
51
25
20
35
31
27
38
29
28
38
40
60
27
28
31
40
30
47
47
24
22
44
35
35
29
44
38
28
32
39
33
48
50
30
20
24
20
35
24
21
21
46
28
25
42
45
32
37
32
34
29
21
43
37
31
26
26
39
27
45
38
31
32
44
30
28
28
28
30
41
26
43
47
29
29
35
32
21
52
35
29
43
24
34
39
23
27
30
37
34
35
27
26
36
33
56
47
36
36
25
38
51
32
30
28
41
34
33
31
39
33
23
20
24
29
32
24
43
28
23
29
34
20
27
25
34
45
22
36
36
34
44
24
20
29
22
29
20
20
23
20
28
24
28
26
25
29
31
34
26
35
34
33
28
28
27
20
27
31
26
34
21
22
44
32
29
26
24
30
49
33
28
43
36
22
40
29
30
36
29
35
38
29
20
46
28
20
30
34
29
20
42
24
28
29
35
29
20
21
31
38
24
34
25
40
29
46
23
28
40
21
35
34
34
20
26
28
23
32
31
32
31
30
26
28
31
36
41
47
28
28
24
22
23
39
28
33
25
