21
38
20
34
33
29
36
23
22
36
34
30
40
28
56
25
24
34
31
32
39
30
20
51
38
30
34
57
22
33
36
50
43
34
20
20
36
32
40
42
32
36
20
26
33
51
33
31
37
31
42
51
48
38
38
51
25
51
27
23
27
47
35
30
37
24
21
27
20
32
34
33
45
27
37
28
45
24
32
39
45
32
47
28
30
36
36
39
50
31
39
20
32
47
41
41
26
30
26
26
33
27
26
34
20
36
36
24
30
32
28
45
26
20
35
38
43
34
25
28
43
55
27
21
33
25
26
35
48
34
34
41
40
42
26
34
42
46
29
31
20
30
35
30
33
25
26
54
24
35
23
42
42
34
41
43
28
46
43
49
40
20
25
57
32
44
29
32
25
20
42
28
23
45
34
25
20
33
20
44
23
32
21
20
33
34
28
26
20
29
41
28
21
26
22
44
22
31
30
50
42
36
30
28
29
43
40
29
31
21
44
24
31
37
50
49
33
29
49
29
27
20
34
27
27
32
42
60
30
33
29
34
40
49
43
20
33
28
30
44
33
26
55
33
31
32
38
48
40
33
33
43
23
36
38
44
47
27
40
33
25
29
29
26
24
48
41
32
37
20
47
37
33
31
26
36
49
41
25
26
30
33
27
42
33
40
24
41
20
