40
46
35
26
33
31
24
48
38
33
34
31
22
37
30
34
39
36
36
31
37
20
20
27
33
42
36
27
55
34
38
48
46
41
29
28
46
20
39
33
30
51
32
41
37
22
20
26
52
42
31
31
20
41
37
42
43
40
20
58
44
59
29
34
51
51
26
23
40
20
28
20
50
45
25
26
36
32
24
32
35
34
38
41
23
35
31
23
32
43
33
20
25
37
59
30
20
53
27
38
39
23
28
39
41
30
29
25
20
26
25
28
40
45
26
26
32
35
25
21
24
28
31
43
24
39
32
40
33
25
33
43
37
26
26
60
26
29
43
33
43
52
22
43
27
20
35
40
39
34
32
25
53
33
51
20
45
38
34
25
30
47
33
47
47
41
39
34
37
28
20
26
26
32
33
32
20
20
30
47
30
39
35
36
35
38
31
41
29
43
21
20
21
55
37
21
31
35
20
22
31
37
51
53
34
40
46
22
37
24
32
35
33
25
51
25
33
39
33
26
42
20
30
20
42
21
52
22
29
40
30
30
34
33
41
28
55
28
33
44
35
44
27
44
58
46
39
38
27
20
43
44
26
41
47
35
34
29
48
35
39
27
38
20
35
21
31
47
20
26
40
20
55
34
44
24
42
43
20
52
37
32
37
41
38
34
43
46
25
