27
35
43
42
25
37
29
32
38
38
30
32
53
29
36
25
46
28
24
24
20
24
24
32
35
48
26
20
33
24
42
36
31
23
42
29
30
29
53
35
41
39
40
25
24
40
37
33
27
42
34
21
45
41
51
38
26
20
33
28
33
25
39
35
29
26
37
37
50
49
25
20
30
25
32
34
45
23
22
26
36
30
51
35
42
31
34
36
30
40
33
42
30
26
28
24
23
35
28
49
22
27
20
20
38
36
32
52
39
35
26
47
54
28
26
29
40
42
20
37
28
28
22
26
24
31
60
37
37
33
27
32
30
20
20
26
30
20
30
29
20
42
30
21
37
32
39
35
23
33
31
31
38
30
38
47
23
31
43
33
37
35
25
33
22
36
28
41
26
53
36
29
29
41
20
32
24
40
23
34
29
38
42
32
38
44
26
38
25
20
37
35
21
33
40
28
30
49
33
45
38
37
31
45
34
30
43
20
20
31
34
39
34
22
32
42
21
28
45
41
20
38
28
30
26
32
20
41
24
46
26
27
35
29
20
48
23
22
25
34
34
37
20
36
39
29
46
27
35
31
45
29
20
36
38
46
20
20
29
43
28
27
20
34
35
33
27
34
45
30
36
21
31
59
38
35
22
31
27
22
36
35
35
41
43
25
33
25
28
