26
47
35
27
32
35
24
31
29
37
22
28
21
20
40
57
38
39
35
47
29
34
30
24
34
39
31
38
22
34
20
24
28
37
32
30
47
38
31
39
38
52
27
38
20
49
24
29
27
23
29
55
25
32
35
32
37
39
22
33
21
26
26
33
23
43
27
31
23
20
27
45
23
40
43
27
27
22
21
47
20
25
23
42
31
36
40
40
37
51
21
36
22
20
32
28
28
45
43
31
38
32
21
37
40
28
30
31
33
20
30
37
28
28
53
20
38
50
40
24
32
29
32
39
35
36
35
36
26
29
27
26
46
30
26
31
36
22
35
27
28
34
41
35
22
21
38
36
38
21
35
30
33
36
37
25
49
21
40
36
28
42
45
35
25
28
21
42
35
22
50
32
42
49
47
22
35
22
29
34
49
20
27
34
42
39
32
41
46
44
34
22
27
25
35
24
54
22
20
47
26
26
34
37
28
36
39
29
26
36
38
28
33
38
31
27
30
32
44
32
36
25
27
26
26
36
22
24
28
36
50
33
33
31
35
28
42
39
28
39
42
27
20
37
29
45
57
35
35
40
35
35
20
39
37
36
34
26
20
30
20
49
20
34
60
22
33
20
27
40
27
25
32
25
22
39
27
28
49
51
34
45
33
34
38
27
35
32
25
