34
53
22
43
34
21
39
22
33
48
29
43
31
42
32
31
43
27
25
36
27
41
36
60
31
21
28
20
31
27
25
45
35
20
20
20
43
51
22
42
30
24
22
20
22
28
22
36
40
39
43
24
27
28
35
24
51
45
28
35
44
34
43
36
43
24
27
30
23
26
27
30
26
20
27
35
39
22
32
20
47
27
20
47
31
23
26
26
29
26
23
35
24
37
34
39
48
32
28
36
27
28
32
23
26
26
32
34
30
39
29
29
31
44
27
38
38
21
39
28
23
39
38
35
20
28
28
30
36
48
31
33
37
34
21
49
25
25
39
36
22
26
29
33
36
30
47
22
28
29
39
38
32
25
20
22
25
42
35
27
27
45
36
30
31
20
33
23
36
32
40
35
30
30
27
30
23
21
29
31
26
21
29
28
50
33
27
52
33
23
36
20
34
32
36
28
25
22
35
33
39
31
33
31
28
31
20
28
23
30
24
27
36
48
42
33
46
33
29
38
20
26
30
50
21
39
20
20
43
39
27
20
36
26
41
33
26
22
20
40
25
27
35
23
20
34
25
36
30
41
32
34
39
38
20
44
30
27
34
21
40
49
41
20
32
30
31
24
25
37
54
40
21
42
37
43
26
25
37
39
31
33
26
34
33
29
43
39
29
