26
30
39
56
34
26
35
43
29
20
38
35
43
41
37
22
41
32
22
25
42
36
39
26
30
22
41
38
26
29
60
39
37
20
20
27
33
23
30
22
25
28
29
23
38
33
37
27
45
27
41
32
40
39
42
34
29
32
40
23
44
42
31
22
45
20
41
40
31
41
28
44
25
27
30
20
29
34
37
32
29
33
29
20
32
31
32
40
45
29
30
42
36
23
33
34
40
44
34
35
37
33
30
39
42
24
26
38
26
30
22
28
34
36
40
20
35
21
21
46
23
37
20
20
24
30
36
21
25
43
35
38
34
28
35
24
30
20
26
34
32
30
29
28
30
39
35
33
31
41
28
41
33
46
32
24
34
34
20
30
23
39
34
31
29
34
27
31
20
34
43
36
26
37
32
49
39
35
34
26
49
29
23
23
51
47
36
20
20
31
27
31
26
20
33
23
24
27
43
27
49
37
27
30
27
37
48
31
20
42
40
44
40
22
35
26
37
37
27
20
24
22
32
45
23
30
21
44
32
40
20
27
35
36
35
37
30
24
31
47
50
30
26
46
20
29
45
24
29
48
51
36
36
32
29
40
33
29
28
28
28
32
26
37
37
40
28
23
32
37
21
40
52
39
46
20
26
23
39
36
32
24
31
32
22
21
42
38
39
