43
31
36
24
27
26
38
34
32
36
23
20
35
27
28
28
39
30
43
33
26
27
39
45
32
29
31
31
31
32
25
29
22
26
25
23
36
51
41
39
33
35
37
32
35
39
38
33
31
41
22
24
33
41
31
31
27
25
20
39
46
28
20
29
27
29
28
38
20
28
34
40
23
36
30
20
28
36
22
30
34
24
37
35
37
26
21
34
39
30
39
38
29
30
27
21
30
34
43
25
32
30
30
29
25
43
30
24
25
42
40
33
39
36
30
36
25
31
23
35
41
20
29
21
44
34
52
30
41
31
35
32
23
38
26
29
37
24
29
27
35
31
37
27
21
39
20
45
39
33
20
35
51
33
38
52
20
29
32
34
45
31
31
41
31
27
33
23
42
33
45
44
39
32
60
21
32
20
35
31
45
31
30
34
45
27
32
33
29
30
31
30
25
33
23
33
27
36
34
29
30
29
26
30
38
20
26
30
22
33
28
33
29
24
31
29
29
27
32
20
37
33
39
32
32
36
25
30
28
43
34
24
28
34
36
32
25
41
24
43
36
29
37
26
28
30
35
21
29
32
22
44
34
27
20
29
29
36
20
24
31
31
47
31
35
33
36
20
38
36
21
27
27
20
39
23
30
29
35
23
49
31
26
27
34
25
28
21
33
