33
29
30
42
22
45
33
27
32
39
40
28
33
33
37
28
28
20
27
48
31
37
43
21
22
37
38
34
26
24
27
57
22
34
33
38
27
27
42
36
39
35
34
38
43
30
34
30
46
31
42
55
36
33
47
42
29
33
25
21
33
30
24
32
37
33
29
46
24
29
31
35
40
36
27
39
21
39
33
40
25
20
53
25
49
31
28
29
24
28
42
43
40
27
30
31
33
37
28
36
41
28
24
31
30
56
45
23
30
51
25
34
20
34
29
33
34
20
36
20
49
44
43
30
36
42
22
34
33
27
29
38
29
26
54
30
30
36
20
20
41
41
33
29
37
32
33
25
23
41
30
54
30
33
43
30
23
49
34
24
31
32
30
29
20
34
41
28
30
55
40
26
20
24
26
31
36
22
36
35
36
30
20
44
33
31
20
38
45
29
32
23
30
32
26
29
43
39
27
38
35
52
39
56
31
28
31
37
35
38
46
33
29
20
20
24
33
28
27
33
36
26
46
60
37
37
45
22
30
21
48
35
31
32
36
34
25
38
29
36
20
27
30
41
33
36
29
30
39
34
26
34
29
32
29
21
37
43
37
25
27
38
32
20
39
47
37
35
29
50
21
20
26
27
21
37
40
41
28
33
29
27
24
25
24
27
34
29
20
