28
38
52
31
39
46
34
41
25
31
55
42
33
53
49
23
34
35
32
33
22
25
41
25
30
28
23
29
29
34
34
34
36
29
20
56
29
38
41
29
29
32
39
34
38
35
53
21
21
33
31
41
30
36
23
20
31
29
20
45
32
40
20
32
31
31
40
33
47
34
37
41
51
27
31
29
33
54
36
26
27
25
46
35
30
40
40
20
31
31
39
41
50
23
26
38
39
28
20
28
42
40
37
41
51
33
23
32
20
37
25
39
31
36
35
29
29
29
31
32
46
45
55
32
32
43
39
54
28
27
24
35
44
22
50
43
44
28
44
20
35
20
27
24
27
26
29
37
28
24
26
33
40
34
34
24
20
30
26
21
54
32
44
33
34
35
32
20
60
43
44
25
35
28
21
32
21
33
51
41
22
25
25
29
42
24
46
47
54
30
35
38
25
23
25
29
54
45
40
41
30
29
55
33
32
25
40
30
39
30
28
41
39
35
45
26
29
45
32
35
38
29
49
35
39
41
40
33
38
32
50
28
42
30
54
33
27
32
37
24
30
23
32
20
48
39
23
29
52
34
46
25
31
21
35
20
42
30
27
28
43
22
31
28
31
25
51
32
40
34
22
29
24
35
30
28
57
32
34
53
31
32
21
43
20
34
29
22
42
