27
26
33
41
45
46
24
43
41
46
31
40
21
34
42
35
22
27
22
43
23
55
21
31
26
41
38
32
33
41
23
28
25
30
20
35
39
31
31
46
52
49
38
27
41
25
25
47
55
40
26
30
32
36
55
44
34
20
49
29
50
37
22
20
26
30
26
38
20
38
24
23
28
28
36
25
48
25
20
55
29
33
38
37
23
42
42
40
38
27
54
28
47
31
27
32
20
38
32
43
42
33
32
20
33
38
39
26
25
31
21
23
34
23
45
43
33
52
29
32
29
39
37
38
31
39
21
33
45
34
34
38
29
26
20
34
22
32
34
30
37
46
41
36
22
46
25
20
48
21
36
36
24
20
20
29
25
24
26
32
25
22
29
35
23
38
31
28
37
43
30
52
40
28
54
41
44
25
29
25
30
27
20
32
26
33
24
32
20
30
45
35
20
30
42
28
25
30
34
29
23
33
43
28
35
29
60
50
20
57
27
35
33
48
31
27
29
27
20
38
23
36
34
26
40
40
42
40
29
24
24
36
56
32
40
46
46
50
27
41
39
22
42
31
36
33
36
41
31
41
33
35
20
27
43
33
40
29
32
37
31
34
41
38
38
39
41
24
28
25
27
26
25
29
40
42
30
20
38
23
36
31
39
45
29
26
36
27
41
