56
32
32
26
28
40
26
38
30
33
32
28
32
25
31
31
29
29
29
33
35
53
21
33
36
21
20
24
58
38
25
27
28
29
23
40
46
29
37
28
27
27
38
30
32
23
23
27
31
25
36
33
30
38
26
33
34
40
42
46
28
34
43
50
33
21
22
48
20
21
25
31
27
35
39
31
31
28
23
35
37
38
21
24
20
30
23
32
22
31
37
21
24
35
35
33
45
50
51
27
36
52
38
33
28
20
22
40
29
46
32
21
24
26
20
24
35
21
20
30
30
34
28
32
26
37
38
35
26
43
23
31
21
52
24
23
41
31
20
29
26
23
36
42
42
46
20
20
40
36
33
30
46
36
30
32
30
46
31
42
37
35
27
20
40
21
31
27
50
39
20
32
34
39
60
20
42
29
31
32
41
22
23
26
36
28
31
37
38
24
23
34
34
46
32
55
34
38
35
37
43
20
29
37
39
44
34
26
31
51
35
38
27
32
20
41
45
37
38
36
21
31
33
47
43
26
32
32
41
49
26
20
45
28
48
20
28
20
40
20
38
44
33
52
36
31
26
40
21
38
42
51
20
28
28
35
26
31
20
38
23
30
35
45
33
30
24
28
35
29
20
35
26
46
20
32
29
20
28
27
51
30
36
23
42
20
20
40
29
