35
38
52
44
32
23
31
29
36
46
51
25
29
22
27
29
32
26
32
34
36
44
32
26
22
32
20
51
32
41
28
36
32
31
37
35
39
33
29
33
47
20
24
30
24
30
33
29
45
41
44
22
20
42
31
34
44
48
21
20
20
38
30
40
25
30
22
28
35
20
45
46
30
32
48
28
49
31
39
21
37
37
28
25
28
30
24
27
48
40
40
37
46
39
24
24
43
34
21
46
34
27
42
20
26
42
46
55
33
29
27
36
49
33
42
30
38
35
47
44
37
41
51
33
34
38
42
31
60
23
30
33
37
20
26
20
25
26
34
24
26
36
32
26
46
32
24
31
24
24
22
43
29
27
33
40
24
41
27
37
26
26
31
33
45
37
38
38
22
47
25
36
26
39
39
33
45
36
29
39
22
25
26
23
32
28
40
41
20
36
30
23
31
38
47
38
36
29
39
34
45
38
42
20
26
37
23
35
20
36
22
35
31
20
29
28
31
33
21
25
40
34
44
45
20
31
37
33
36
28
39
22
30
26
26
45
39
34
20
34
25
29
52
20
21
30
25
31
38
20
41
28
22
30
37
35
39
26
27
43
32
37
34
31
21
50
35
33
39
24
30
22
22
43
41
36
27
31
28
21
20
33
31
20
30
42
20
20
26
