27
37
29
41
35
37
34
31
35
23
33
20
31
36
35
51
46
25
32
40
44
35
22
25
40
20
20
35
34
20
23
24
34
36
46
44
43
42
22
20
41
30
24
26
40
20
47
26
42
47
24
40
49
29
33
32
34
27
37
20
32
26
32
32
27
21
26
36
28
26
31
55
43
27
31
20
28
23
39
27
28
41
40
38
20
21
45
26
37
25
39
20
50
31
34
24
38
20
28
29
42
50
33
23
47
34
35
41
38
38
40
21
33
23
41
34
23
37
29
29
30
60
34
30
37
36
51
45
38
35
38
44
49
36
35
21
28
42
48
26
28
41
34
31
29
36
41
34
35
37
35
34
37
43
20
45
20
36
28
37
25
20
51
29
44
34
34
23
35
52
28
27
38
26
22
24
52
33
26
29
21
34
46
35
22
41
37
37
25
35
35
32
31
36
37
26
41
37
31
34
35
22
37
21
27
30
39
41
33
34
57
48
34
49
27
46
44
25
36
32
44
39
33
30
48
29
46
43
37
39
28
43
45
35
32
37
40
42
28
32
41
27
20
25
28
30
31
26
40
23
38
47
43
20
21
34
21
35
39
38
20
35
42
33
55
35
27
40
34
40
36
47
47
34
22
21
29
39
38
30
29
47
35
28
42
30
36
50
29
