35
35
32
29
37
28
29
55
30
20
37
24
30
29
55
27
30
35
45
40
21
39
24
23
28
39
23
37
40
23
28
24
34
32
32
32
35
41
40
40
29
49
24
30
35
34
33
39
33
47
32
27
35
38
41
23
27
28
31
27
27
34
27
51
42
38
42
33
29
30
35
39
44
51
29
20
33
35
36
36
40
48
28
35
38
39
32
21
35
31
34
36
23
25
43
44
20
20
42
31
27
32
30
42
37
43
27
24
44
39
30
39
27
20
43
24
51
44
25
28
41
30
35
36
34
36
29
30
27
28
47
29
20
32
29
29
22
23
26
22
27
28
40
27
33
25
43
24
40
33
30
43
20
32
21
26
21
33
43
20
27
31
24
40
27
32
29
22
45
32
20
54
36
21
20
25
34
20
32
35
41
29
34
20
23
20
37
60
27
29
34
28
26
32
44
34
29
25
24
38
28
35
29
31
33
22
30
44
30
37
36
37
25
31
41
53
35
48
36
41
20
31
20
27
27
21
27
40
32
51
32
37
34
45
36
28
31
23
33
29
37
26
31
50
20
21
33
37
26
29
57
40
39
25
35
37
32
22
34
34
30
28
35
33
52
29
37
32
33
22
45
33
32
23
28
37
39
32
27
24
41
24
26
28
26
29
31
38
58
