30
25
22
43
47
34
28
28
31
22
20
30
36
20
33
31
25
36
21
52
46
29
26
36
40
30
44
35
36
48
27
28
29
32
28
42
28
24
42
29
34
23
20
44
49
30
39
33
29
20
31
29
38
33
46
20
48
31
52
23
39
25
35
39
44
39
52
35
23
30
24
39
20
32
31
42
55
28
30
29
35
41
44
28
41
33
24
20
26
46
20
35
50
28
21
33
32
32
20
22
37
42
34
44
21
42
27
20
36
29
35
49
36
42
31
22
32
38
38
27
24
32
48
30
46
48
40
36
43
25
32
44
49
45
40
42
26
40
29
33
20
21
20
26
33
24
48
35
38
36
27
35
39
44
26
45
32
34
25
33
23
40
23
44
54
60
31
23
23
32
40
29
34
34
40
46
37
37
20
23
41
34
40
29
39
48
44
24
21
33
39
20
22
39
29
37
31
39
32
21
29
52
28
35
26
44
45
20
36
27
47
31
44
33
34
26
32
35
35
20
20
40
33
25
46
27
42
21
46
38
36
29
43
31
20
32
23
24
40
33
35
31
25
20
34
33
33
32
43
36
35
28
38
39
29
29
38
25
26
46
32
30
31
43
39
45
36
37
35
36
20
20
39
39
35
37
35
32
25
35
47
38
49
31
24
24
35
29
26
