25
43
38
22
44
50
33
32
37
33
36
44
24
34
37
20
33
20
20
40
40
40
35
50
54
53
29
31
28
42
20
20
53
55
25
41
28
22
25
27
31
28
35
26
43
28
30
42
35
34
48
38
41
47
33
22
28
42
28
35
38
28
34
49
36
32
60
33
45
42
20
37
23
24
47
27
25
37
32
37
39
40
41
30
45
40
29
37
46
33
28
20
27
37
20
24
35
43
52
35
30
35
28
22
49
41
49
31
29
44
36
42
22
24
29
37
38
39
27
20
20
39
35
30
21
46
20
42
30
20
29
35
39
46
34
37
54
29
35
34
46
25
28
25
34
39
29
28
26
39
38
24
30
48
38
25
25
36
52
26
29
48
37
47
32
37
24
47
22
28
30
52
46
56
35
38
54
27
26
37
21
42
36
52
42
26
32
56
31
32
36
38
42
35
20
48
51
25
23
41
49
46
42
33
41
20
35
28
54
27
59
51
42
36
28
23
27
20
28
45
37
40
29
31
37
38
20
28
40
33
27
34
43
34
24
23
27
20
56
28
30
47
35
30
47
45
37
45
37
38
20
35
54
41
28
34
25
25
28
25
44
36
55
27
45
29
32
28
25
31
44
37
29
32
43
37
44
29
27
28
58
39
34
26
40
24
46
46
20
