43
20
22
37
29
45
39
43
38
33
24
34
26
34
34
46
51
48
28
32
48
57
26
41
29
28
41
23
29
52
38
31
20
42
22
27
53
23
35
27
44
31
31
36
22
26
41
33
22
27
32
29
35
50
38
26
35
39
28
23
25
27
47
28
28
46
22
30
41
31
42
35
33
43
25
42
37
42
30
37
60
41
28
45
28
42
31
32
20
24
47
27
24
27
42
49
23
32
40
51
25
28
25
43
48
28
20
31
37
26
41
33
46
26
20
34
26
35
48
54
36
40
23
30
40
22
36
36
20
20
20
27
32
47
52
38
23
53
47
35
46
36
36
51
48
27
30
39
31
38
26
29
31
48
22
33
25
45
56
46
36
35
23
45
29
39
33
32
30
30
47
23
25
32
39
35
22
31
33
28
22
37
43
48
50
37
28
43
20
20
31
40
31
37
42
30
34
49
23
34
31
32
31
40
34
20
40
29
24
33
49
20
57
32
25
21
20
34
31
27
37
43
35
36
40
27
30
41
26
32
32
25
41
27
54
50
41
32
44
30
21
41
40
51
38
34
35
20
22
27
39
39
35
30
45
34
40
20
43
38
21
43
51
27
57
32
27
28
39
29
42
29
46
20
49
27
28
35
39
39
47
25
24
21
40
21
36
36
24
