25
26
30
34
35
23
29
20
41
37
38
26
33
21
28
40
30
20
42
41
40
25
25
21
20
27
33
35
40
30
28
46
36
25
26
31
27
28
34
28
28
30
37
40
20
26
29
29
36
29
27
22
25
26
41
44
36
32
38
30
20
31
21
27
24
29
36
36
42
31
28
38
20
33
26
20
27
37
30
30
31
57
42
32
40
23
30
34
39
32
37
24
29
31
30
35
22
34
31
43
30
42
33
41
36
31
27
46
23
38
21
30
35
34
33
32
34
30
43
26
27
33
35
40
36
37
20
32
37
27
23
23
44
26
36
28
21
21
22
22
28
33
30
20
24
31
24
28
26
20
23
31
33
22
22
48
40
35
31
20
30
37
26
33
39
34
37
25
40
28
31
23
30
27
38
25
20
43
27
36
45
34
35
23
29
23
26
36
44
60
28
28
24
25
50
33
20
30
26
36
31
20
33
26
28
23
28
33
40
35
28
35
26
20
26
38
29
38
35
23
38
32
36
47
33
22
25
31
26
39
25
23
20
35
29
38
34
29
41
32
35
31
24
28
46
31
27
20
42
22
38
36
39
42
28
37
34
26
35
29
21
44
20
36
25
37
32
26
29
34
34
27
28
25
32
33
31
35
38
25
28
33
39
28
41
45
26
31
36
