24
36
33
41
40
28
34
21
32
24
32
33
47
37
31
23
20
36
34
35
30
35
33
25
22
30
22
20
20
25
34
36
29
36
23
25
30
35
41
29
24
40
20
28
28
38
36
28
31
38
20
24
25
44
24
28
20
27
30
20
26
20
31
27
27
23
41
23
20
30
27
38
22
23
28
47
37
39
26
26
42
31
29
20
34
37
35
31
36
31
37
27
24
27
24
28
27
24
40
42
31
39
40
34
36
33
24
39
34
25
33
27
32
23
22
32
32
34
40
30
32
44
30
43
24
28
31
35
40
35
33
31
22
30
31
26
32
32
25
35
27
29
20
36
32
30
29
46
22
30
40
34
38
32
28
31
28
32
37
28
23
34
22
27
20
33
28
28
30
24
20
23
35
27
33
36
47
29
37
32
34
25
20
31
31
30
31
26
20
26
25
37
32
23
31
28
20
26
34
44
28
47
37
42
40
39
27
23
36
28
27
34
42
35
20
44
26
28
30
20
22
22
29
33
30
40
25
26
24
34
22
25
31
25
23
39
43
44
33
28
24
29
43
25
38
36
28
29
28
20
22
20
38
36
45
24
36
29
36
39
28
26
29
60
30
43
20
37
28
31
43
32
47
30
41
34
30
34
26
34
33
20
41
41
27
25
27
34
20
