36
23
31
28
20
41
31
25
38
30
32
24
47
48
23
40
37
26
46
27
27
22
28
32
29
30
34
25
32
30
41
34
25
27
22
26
27
39
48
31
25
25
32
31
28
39
39
31
32
24
43
30
27
38
39
24
41
32
34
27
60
20
20
41
36
48
37
30
29
27
20
21
49
38
27
36
32
23
30
34
42
22
28
26
38
36
39
39
29
32
28
27
32
41
39
38
28
29
38
20
42
36
31
36
27
20
31
39
41
30
26
31
35
28
30
23
31
42
25
25
30
29
38
24
37
44
33
25
31
27
22
39
20
25
44
20
24
26
42
23
28
24
30
34
24
35
39
26
26
29
28
47
35
22
26
25
20
25
31
34
32
33
29
20
25
27
36
35
20
28
36
35
35
25
26
32
35
33
30
21
38
31
28
38
51
30
46
34
21
30
42
26
20
25
25
38
34
21
22
42
33
24
28
39
21
44
34
47
20
48
29
37
36
20
21
23
24
54
24
30
36
33
20
31
30
20
23
22
45
43
35
27
48
34
27
28
24
28
46
35
26
24
25
35
31
27
23
35
31
36
21
24
25
21
38
24
33
32
20
31
27
31
27
31
27
33
21
38
33
31
23
30
29
20
39
23
37
26
30
28
29
26
55
26
28
35
33
35
25
