21
30
33
35
28
33
24
30
26
24
40
37
22
21
32
30
28
42
20
31
50
36
35
33
23
26
35
32
38
43
29
34
60
43
35
28
21
25
42
37
35
32
37
36
25
45
29
39
32
36
20
38
26
27
32
42
22
30
23
47
26
44
32
39
41
38
39
43
26
40
33
44
41
38
21
41
32
48
28
31
23
23
43
50
45
26
25
29
26
24
28
38
28
32
40
20
41
41
29
45
26
32
40
49
21
29
37
43
51
20
46
29
26
28
31
21
43
35
29
39
54
27
34
37
43
39
21
27
30
36
45
40
20
28
36
33
39
24
34
33
29
42
31
30
40
46
44
32
27
37
30
31
32
36
30
44
22
47
21
29
20
40
35
21
29
38
38
37
39
35
20
36
29
32
24
23
25
35
31
32
26
20
30
23
49
20
54
30
30
54
28
34
28
25
20
21
26
37
37
27
25
28
27
44
34
25
41
50
20
31
39
26
44
38
20
30
33
30
20
46
22
20
38
28
23
35
36
35
24
32
44
32
40
31
21
48
31
30
40
21
34
20
33
32
23
39
50
42
26
42
25
55
36
38
27
28
49
43
33
40
30
32
23
26
40
28
36
41
37
55
26
41
42
32
29
38
52
55
35
33
49
27
30
26
36
27
32
47
33
