35
20
31
54
30
38
45
32
20
40
21
41
20
20
25
40
33
32
30
24
34
33
24
41
26
36
31
52
28
37
37
20
40
42
34
29
30
20
29
23
20
31
44
22
32
37
51
24
43
31
32
45
20
33
30
28
20
36
20
45
32
24
34
29
39
31
36
29
36
29
37
23
41
22
20
24
38
40
60
46
20
40
20
26
29
24
33
24
51
20
46
31
20
56
26
43
32
30
38
34
22
31
34
21
25
27
23
27
23
30
36
36
37
25
20
29
25
29
40
30
37
25
36
22
38
21
25
26
25
39
31
44
30
20
53
29
29
26
21
45
33
39
43
27
33
29
41
39
28
29
34
23
32
33
30
35
25
27
32
44
43
31
30
29
26
34
20
32
36
21
24
22
27
40
20
23
28
20
30
37
42
33
30
33
25
21
39
22
46
43
32
24
40
23
48
31
35
32
28
32
21
22
33
44
26
41
37
30
34
34
29
43
26
34
32
20
32
35
22
28
23
38
47
26
43
30
37
29
36
34
23
20
37
36
28
23
42
47
27
20
24
33
27
21
34
30
48
20
24
39
43
34
45
27
43
31
41
27
42
37
21
31
27
20
26
26
27
24
23
20
39
37
24
33
31
36
30
32
21
37
25
25
41
26
26
25
25
41
26
