26
49
26
25
31
44
27
33
20
35
45
44
39
31
44
31
25
34
50
24
23
31
20
30
53
31
27
25
26
30
48
20
46
34
46
20
47
30
36
25
35
42
20
25
30
32
49
21
30
20
36
24
31
34
46
34
27
24
20
25
34
23
22
21
20
31
34
35
36
31
21
20
27
41
20
42
45
45
35
41
30
37
22
43
38
23
52
37
37
28
54
38
44
26
26
34
40
36
20
34
33
23
31
46
46
33
29
27
45
50
34
34
27
60
22
26
29
34
54
26
35
48
31
26
31
39
32
23
32
47
29
53
37
40
20
40
33
32
23
37
52
36
38
37
45
23
20
24
36
42
26
34
31
21
28
41
37
31
35
22
28
54
20
32
35
41
46
30
45
34
28
53
29
46
23
24
42
46
28
25
39
32
21
37
32
28
31
42
41
24
20
27
30
37
48
22
45
23
26
42
20
27
31
43
31
30
43
34
23
45
33
43
24
40
24
21
26
32
37
20
28
37
37
25
47
52
21
39
33
27
31
34
27
27
33
27
28
44
28
37
25
39
47
37
29
28
24
44
29
24
47
45
46
24
33
28
46
28
33
38
32
42
26
43
27
36
44
30
20
22
27
37
32
31
32
37
30
22
22
32
47
30
47
25
45
24
20
26
49
