26
35
20
36
32
41
24
20
29
37
23
36
24
43
49
28
36
47
31
34
28
32
27
55
34
25
23
24
43
30
25
36
20
44
46
37
31
36
44
31
30
44
60
41
38
28
43
28
24
30
37
41
23
42
34
42
42
45
39
27
25
20
27
32
33
56
29
35
20
37
27
37
28
20
38
45
39
29
47
32
38
43
27
45
41
44
44
48
30
38
43
32
20
47
38
37
26
38
32
23
30
29
50
39
22
31
29
27
20
20
42
36
27
29
20
22
32
39
41
20
30
42
48
27
33
37
32
40
27
20
41
20
43
22
26
25
41
30
44
25
21
41
47
30
29
30
26
35
54
22
30
49
27
50
35
29
25
22
39
57
23
27
30
33
27
34
47
40
20
47
25
57
28
39
37
21
27
21
29
31
34
47
38
28
33
20
44
47
55
27
43
37
26
35
30
39
43
26
33
36
41
30
42
25
27
38
33
40
42
56
34
27
27
26
32
26
31
23
22
22
52
36
48
47
38
51
34
27
46
36
31
30
34
24
32
20
48
34
23
29
31
32
21
27
39
39
45
36
35
22
51
27
33
27
20
29
32
20
31
30
28
36
26
30
35
32
30
20
24
23
26
35
30
29
20
39
24
27
26
31
32
44
40
42
43
28
47
26
40
