38
30
35
24
24
43
24
37
33
32
31
27
33
41
36
23
37
32
34
31
36
39
26
34
20
27
31
30
30
33
26
27
28
41
20
35
36
28
20
38
37
44
33
42
22
27
41
58
45
31
33
34
26
31
29
20
40
25
20
28
31
38
32
37
25
32
38
25
50
41
29
41
34
47
25
30
29
37
28
35
40
49
46
38
47
28
49
36
31
37
34
21
34
31
44
54
33
27
38
41
29
28
34
31
34
47
44
35
39
49
45
39
45
39
31
40
42
31
27
24
51
30
57
20
34
22
37
45
33
27
37
40
20
21
38
33
42
20
34
41
41
38
28
32
30
49
44
34
36
34
38
31
20
23
30
23
22
20
32
33
30
35
27
28
41
32
21
30
41
24
50
30
29
42
22
31
41
29
31
44
49
25
32
21
23
30
52
29
36
27
41
28
35
33
28
30
20
24
47
25
43
28
20
35
37
22
32
33
33
39
48
23
56
29
24
37
38
40
25
24
30
36
46
34
40
32
20
23
40
27
29
44
37
34
36
41
35
25
28
31
30
28
35
51
43
31
20
32
30
20
48
23
37
20
29
20
34
36
32
20
27
30
60
30
32
42
20
38
21
36
34
28
20
29
42
24
22
39
30
25
39
24
26
51
31
42
26
33
30
