26
20
32
31
36
22
24
26
21
29
31
24
21
49
34
28
32
27
20
34
38
28
30
22
30
30
24
36
27
51
29
25
20
32
39
31
25
33
32
21
37
35
46
60
28
31
34
29
20
44
45
23
28
40
40
51
41
26
23
42
20
37
34
21
44
39
46
20
44
20
28
29
32
35
22
28
40
42
24
31
45
20
20
27
35
33
21
42
26
32
35
35
40
33
24
32
35
31
34
31
20
35
26
24
39
27
35
40
24
28
23
27
26
29
20
21
29
33
20
25
32
35
36
28
37
29
25
20
46
28
27
37
34
30
30
44
30
21
21
26
27
37
21
36
32
20
20
20
25
26
20
38
36
35
27
27
22
31
38
29
38
29
23
24
27
23
23
39
39
40
40
29
27
25
21
20
33
50
23
20
27
48
30
24
26
48
24
23
31
29
20
38
34
42
32
34
40
21
31
32
22
34
29
35
22
22
30
25
34
20
35
22
25
23
25
39
34
44
21
34
40
20
28
32
32
24
29
36
23
40
31
26
33
33
24
21
32
38
29
39
48
35
25
24
41
41
27
29
27
27
22
38
30
36
31
28
34
30
21
21
35
28
27
20
34
31
49
32
26
20
39
29
32
43
28
31
46
26
27
21
29
28
38
25
22
31
40
20
31
