36
36
29
36
20
29
35
39
27
40
22
36
22
33
45
40
20
34
45
31
45
38
52
41
31
25
24
37
50
39
33
39
44
41
27
51
20
34
28
28
31
20
28
33
30
29
60
51
21
21
48
34
34
35
20
34
27
30
39
26
24
34
39
39
27
28
37
32
37
29
32
34
34
38
28
27
30
27
31
41
30
43
41
44
20
43
51
41
21
20
33
26
33
37
42
37
28
31
37
32
27
38
20
20
48
36
35
26
45
21
40
27
22
34
47
33
30
22
25
20
49
42
25
41
26
38
50
41
39
43
31
25
30
37
23
34
34
29
39
53
37
26
33
32
29
34
22
31
25
37
31
30
30
29
29
29
28
27
39
48
22
20
26
36
44
51
30
29
36
31
31
21
24
30
41
36
35
26
30
37
45
49
21
37
31
40
32
29
35
34
36
33
36
35
33
33
52
30
40
27
33
36
24
52
20
23
33
24
28
33
47
26
44
33
45
23
22
44
25
28
26
20
48
39
20
39
20
32
43
38
44
52
26
49
27
50
44
47
28
48
30
37
43
43
38
27
41
34
29
38
29
47
29
30
39
20
22
37
42
34
31
24
26
39
22
49
40
23
49
50
33
55
48
51
38
21
26
36
20
34
26
28
42
31
26
29
34
25
27
