56
20
26
42
29
20
21
27
33
42
34
29
50
28
36
41
36
43
51
20
20
34
32
44
22
35
46
50
30
50
35
26
41
60
29
28
26
36
25
21
29
41
33
30
49
20
36
40
22
28
37
40
28
47
38
31
41
38
36
24
24
29
26
52
42
22
20
36
27
36
31
25
46
23
33
31
36
28
48
36
27
36
56
35
20
27
29
31
37
47
33
28
31
29
33
20
40
44
24
36
56
36
32
33
38
31
25
33
55
34
36
36
50
34
48
43
20
21
27
24
29
36
29
31
38
35
27
51
37
24
32
22
25
20
23
24
43
40
52
24
37
27
23
52
26
36
22
20
43
40
24
27
24
21
52
20
35
22
39
47
38
20
35
39
50
20
30
41
26
20
42
33
37
35
27
29
34
32
23
26
51
49
28
37
28
24
40
28
22
43
21
33
41
20
44
42
34
27
30
30
30
34
32
30
30
20
53
34
45
59
40
54
45
28
44
30
29
33
38
27
32
25
28
31
21
33
35
43
59
36
46
26
41
25
36
26
20
34
25
28
33
23
21
41
26
45
20
34
39
23
32
29
32
29
33
36
26
23
23
56
40
29
22
45
27
48
36
34
35
35
35
27
21
26
31
32
46
39
36
28
33
39
27
32
40
37
45
45
34
