38
42
20
41
48
39
34
45
30
35
47
28
36
50
44
40
54
57
38
20
20
41
38
34
42
25
25
37
39
29
31
32
29
26
23
45
38
33
27
36
37
31
22
25
26
29
49
35
28
20
34
39
22
20
29
30
38
38
36
42
26
48
31
33
27
34
31
33
22
22
49
32
53
33
32
36
36
33
35
35
41
55
20
53
36
27
33
43
28
47
38
20
38
39
25
37
24
34
33
20
20
23
33
50
28
30
32
26
22
51
24
46
29
34
26
46
38
20
30
20
29
30
20
41
36
53
26
54
41
39
22
22
40
53
25
54
33
26
34
20
29
20
51
36
36
27
23
34
36
24
22
41
32
25
25
29
27
49
37
28
31
55
21
47
23
42
26
49
30
37
23
39
20
26
50
39
48
20
41
21
42
37
40
26
30
34
50
31
37
39
34
28
20
20
32
53
30
20
20
25
29
21
23
31
31
36
25
31
43
42
60
43
29
36
45
26
33
40
37
21
31
21
35
23
36
30
44
23
36
21
55
29
35
50
36
35
39
44
27
37
41
46
25
31
32
20
33
38
23
29
21
29
27
24
20
24
23
22
46
27
24
42
35
28
29
36
33
25
22
25
26
28
20
36
40
20
21
51
33
41
40
37
27
36
31
43
47
41
33
