37
45
20
36
29
26
20
24
23
33
29
29
28
28
27
28
23
26
20
39
28
40
31
26
40
20
26
23
22
20
31
20
46
38
34
26
37
20
45
20
23
27
33
30
28
33
25
22
23
27
25
36
26
30
26
30
20
32
32
32
21
26
34
27
37
31
30
24
32
28
50
40
35
50
33
40
30
20
31
35
43
38
27
22
28
39
28
31
60
23
21
36
32
37
31
35
30
38
27
36
23
41
44
29
40
27
24
20
37
20
33
30
29
34
33
37
35
28
28
22
39
32
31
43
27
22
36
40
38
20
43
25
21
42
22
39
41
30
31
20
38
43
34
33
20
40
29
32
25
24
28
28
20
43
26
32
30
30
20
21
33
37
36
22
21
42
40
24
26
29
44
33
40
35
35
40
20
24
27
34
32
46
33
37
31
33
23
27
34
26
21
44
35
23
24
33
35
22
27
32
21
54
28
29
29
27
31
38
44
29
31
20
42
32
21
49
31
35
24
22
24
31
49
34
41
33
20
21
39
36
42
20
35
35
22
23
29
39
34
23
30
22
27
30
45
31
28
33
43
29
37
41
27
39
26
28
27
20
36
31
32
28
30
27
30
23
20
30
26
36
37
23
29
40
29
43
26
39
39
31
29
23
44
30
25
36
31
21
23
