40
31
39
21
26
58
32
42
36
46
38
39
22
57
20
26
35
38
31
34
34
38
45
35
40
39
30
36
21
40
57
45
51
29
42
30
44
42
30
42
31
32
30
31
37
41
24
37
48
28
33
29
28
35
32
40
41
42
39
45
29
51
29
24
21
20
48
20
38
22
32
30
37
33
26
33
44
25
45
39
20
40
20
24
28
26
21
20
31
33
22
31
30
22
36
42
41
22
39
34
25
36
33
20
22
37
30
23
41
26
45
47
42
27
45
27
20
46
23
31
28
42
29
44
50
35
25
29
25
25
47
27
41
20
38
39
45
22
20
33
24
21
40
20
36
28
31
40
22
31
27
31
37
44
30
25
37
28
28
37
27
23
26
21
44
44
35
60
35
53
35
26
23
31
20
33
35
49
33
39
42
34
34
25
44
24
27
39
21
32
33
41
29
32
22
38
38
56
45
34
39
31
40
41
43
28
32
34
20
37
53
29
32
22
30
26
24
27
46
20
31
40
52
36
35
21
36
25
24
25
32
36
32
37
36
35
33
26
24
20
47
33
25
30
40
40
22
36
32
36
29
31
30
31
24
41
28
33
52
30
46
20
41
44
22
24
51
45
26
30
24
51
36
25
30
42
20
28
21
39
29
32
36
45
39
38
26
41
23
