20
40
39
23
37
22
27
36
26
50
32
31
28
35
33
46
21
27
32
35
39
24
24
39
32
35
23
26
26
36
28
20
25
32
24
21
20
33
33
37
30
28
35
28
38
22
35
29
39
25
30
20
31
52
42
37
41
20
31
26
33
25
25
39
38
36
22
22
34
23
46
41
20
28
29
35
32
20
24
24
42
23
27
45
32
45
39
29
31
20
31
51
28
47
20
20
32
35
42
33
29
38
35
29
24
33
22
34
38
22
38
36
28
43
31
27
20
43
23
42
40
39
27
36
25
45
20
47
56
21
30
23
25
38
22
49
21
33
31
34
30
25
47
20
29
42
40
35
31
27
28
38
45
41
34
24
26
29
23
23
28
20
48
24
27
32
39
33
29
31
32
26
21
53
36
24
47
42
44
31
46
27
28
35
27
27
27
33
24
43
33
32
23
41
26
22
31
40
32
40
24
43
31
39
51
37
31
26
20
20
25
23
20
27
27
27
33
27
42
28
37
35
20
20
39
42
22
47
22
48
31
30
28
20
21
30
27
35
38
36
39
40
38
43
43
29
26
39
29
34
38
30
31
31
26
28
36
22
35
41
36
50
31
33
43
42
26
20
20
37
34
26
45
47
36
44
60
29
38
31
28
30
35
20
29
44
27
38
45
