41
32
27
39
37
49
29
56
23
35
33
57
50
37
32
41
21
45
31
38
38
25
26
40
22
30
29
27
37
39
50
34
40
36
38
37
43
35
35
27
22
20
24
26
23
47
44
44
39
30
39
57
22
26
25
28
35
27
20
43
28
33
42
33
22
24
21
39
23
22
42
35
20
34
20
24
36
25
46
46
23
31
33
46
35
48
30
36
22
20
28
21
33
40
43
20
26
20
29
53
32
48
20
39
26
45
41
31
38
28
28
31
45
37
26
45
39
37
42
25
23
39
29
38
31
20
44
50
34
52
21
27
53
41
38
24
32
22
48
20
24
42
30
40
41
38
35
38
32
31
35
37
20
28
20
20
20
55
32
51
32
25
46
40
40
41
20
48
28
20
25
28
33
34
38
47
34
31
26
28
28
44
39
42
33
20
48
45
33
39
29
32
25
31
54
26
31
58
26
30
31
32
37
28
20
29
40
31
32
38
28
46
48
31
24
20
27
32
33
20
24
44
20
32
35
24
35
44
39
42
37
45
35
39
23
38
46
30
50
25
30
24
52
37
25
37
53
60
43
20
46
30
30
34
32
37
28
41
25
48
44
49
33
35
45
37
30
35
30
24
20
41
23
39
30
39
38
25
29
31
45
41
26
43
33
29
38
33
44
