24
41
43
36
31
52
35
26
25
44
34
40
27
28
20
24
35
32
31
39
28
28
41
29
32
31
48
29
31
30
38
37
38
41
30
31
38
27
37
29
48
26
29
24
37
27
29
60
27
28
32
34
30
36
35
21
36
28
30
26
25
39
46
26
20
25
33
32
48
42
25
35
40
38
49
40
23
33
38
20
38
21
20
24
23
39
42
34
35
20
30
26
27
28
20
40
36
30
23
33
20
52
33
25
24
47
41
33
29
26
33
41
34
42
28
38
52
20
29
36
29
34
33
53
31
24
37
29
39
45
25
34
27
24
44
44
42
41
31
45
49
39
33
25
41
22
26
26
28
28
50
36
46
52
28
31
36
32
23
22
36
31
24
27
32
42
42
27
32
35
35
27
31
41
27
32
24
43
39
39
52
52
35
30
35
53
29
27
45
33
29
49
41
35
40
32
31
29
32
37
42
39
21
21
34
30
22
49
33
51
34
22
20
38
48
35
22
36
39
20
37
51
30
23
26
35
36
31
33
31
34
30
39
35
24
22
22
41
45
35
27
40
47
24
55
27
31
34
20
27
20
28
28
33
40
45
20
26
37
29
27
23
37
48
26
21
28
30
48
26
47
20
35
31
25
38
34
41
20
36
26
38
31
38
25
22
22
20
35
