39
20
37
44
29
41
41
37
48
24
30
24
42
43
54
34
38
20
23
38
31
25
41
26
41
25
25
20
26
42
25
24
23
59
37
29
44
30
35
34
37
41
39
52
21
28
37
47
39
20
26
29
34
44
23
45
53
28
23
32
41
38
32
29
33
26
31
34
38
40
29
42
39
30
24
40
24
33
24
32
34
49
23
44
20
21
26
33
47
25
35
43
26
48
21
29
29
43
36
46
50
32
30
48
28
28
25
35
32
43
45
29
28
37
20
36
42
32
43
31
29
37
43
24
56
32
25
21
37
36
48
28
42
42
20
28
24
38
23
40
56
43
30
37
34
36
21
25
24
20
36
30
43
38
47
41
31
25
49
31
32
35
36
20
20
41
36
41
30
39
26
25
60
35
38
41
31
33
42
56
29
20
29
39
24
23
20
29
20
32
41
24
31
25
34
32
34
21
32
38
29
23
32
27
22
29
47
35
34
24
28
38
43
30
46
20
34
54
20
30
34
37
25
28
37
20
37
32
35
21
44
35
41
41
25
23
22
30
40
34
27
20
20
36
40
29
37
45
21
35
26
25
32
20
34
29
31
22
31
20
38
32
33
37
29
45
38
32
32
48
31
20
34
51
36
26
21
34
25
28
47
31
30
30
42
39
44
50
40
