35
26
42
53
30
35
25
28
38
29
20
28
33
41
26
31
37
29
22
41
31
36
23
33
42
27
22
27
48
42
40
41
53
29
26
48
32
31
43
20
42
26
20
38
32
20
20
33
41
20
36
26
30
24
32
34
40
39
20
23
31
20
27
32
24
35
25
39
41
31
28
31
29
26
31
26
35
24
23
24
33
20
32
46
37
35
35
60
43
39
40
34
26
29
33
36
22
30
47
20
23
41
40
25
35
25
35
45
26
38
37
24
43
26
22
40
25
20
20
25
32
39
29
30
24
34
24
20
22
33
42
37
34
27
25
36
24
25
24
42
20
25
28
27
43
33
28
24
23
27
31
43
30
32
42
37
33
26
31
31
31
29
46
40
27
28
26
22
33
22
24
51
32
44
32
29
20
43
36
37
36
22
47
39
25
34
20
37
40
26
49
37
21
29
22
20
32
42
39
25
30
35
45
29
26
25
27
34
37
43
25
36
27
40
47
34
32
25
32
41
36
20
45
20
28
41
28
41
30
26
23
27
23
22
34
40
42
26
20
28
25
21
29
31
37
44
37
42
21
28
39
38
28
27
25
27
36
23
39
35
42
20
20
36
32
22
39
32
31
38
40
31
20
32
24
21
25
21
23
22
32
36
28
29
31
20
37
46
20
