26
38
27
31
39
60
33
29
32
24
37
42
20
37
20
30
43
45
30
47
22
28
26
46
27
32
29
58
34
31
39
39
41
45
27
26
23
21
36
46
39
23
20
35
45
26
37
27
41
39
25
42
39
26
29
20
27
33
20
51
21
36
26
23
28
47
27
43
25
38
30
46
20
31
27
46
43
30
20
54
21
20
35
27
32
20
46
34
22
37
36
36
37
21
35
39
25
32
35
41
41
22
23
41
20
28
33
35
38
32
30
37
39
49
24
28
43
34
33
40
20
29
31
20
20
48
24
32
20
39
30
47
51
50
44
32
23
26
46
28
30
34
29
20
26
37
24
30
31
23
27
34
36
42
29
28
29
21
44
39
32
22
42
42
32
27
36
33
42
28
28
27
34
38
24
33
20
29
24
31
27
37
39
34
26
30
39
20
30
41
23
35
24
37
31
28
46
34
23
41
46
29
20
34
26
39
44
37
22
45
41
33
31
37
29
28
29
36
31
38
20
27
26
33
34
34
28
25
27
37
20
34
31
50
43
36
38
36
27
46
39
29
30
22
27
39
42
40
43
32
31
29
35
40
44
37
40
23
42
24
26
24
23
35
30
47
31
42
26
37
38
54
24
26
25
35
25
20
54
31
38
23
42
43
30
33
41
36
36
