24
23
28
26
46
23
27
27
20
34
45
36
42
28
26
35
36
39
36
33
46
32
20
28
50
47
40
28
36
43
34
41
24
20
22
34
33
20
39
21
34
33
32
32
27
44
32
28
23
31
33
22
20
27
25
36
27
20
35
26
20
24
40
25
38
24
38
24
27
31
20
28
31
24
33
35
27
52
22
38
23
30
29
33
33
20
28
30
34
30
26
41
27
47
47
20
20
24
35
29
24
21
43
20
25
47
32
20
34
30
36
27
41
28
40
23
31
30
53
29
44
37
40
42
29
30
32
28
38
33
32
21
20
35
20
30
27
36
31
31
32
25
43
24
24
30
48
26
37
31
24
32
34
33
39
24
31
21
20
46
41
22
35
49
39
35
26
27
38
30
24
20
44
37
35
38
22
35
20
35
21
25
47
41
38
32
20
31
39
25
30
29
21
37
47
26
39
24
33
25
50
40
29
34
48
26
34
36
38
26
46
24
39
30
26
29
47
27
28
42
20
28
32
20
33
26
51
20
40
37
35
24
24
20
24
37
33
34
35
30
42
33
25
29
32
33
22
38
35
60
30
36
36
33
29
28
23
49
40
30
24
41
46
32
26
21
35
39
23
35
51
45
36
20
35
32
20
39
20
42
30
25
33
26
34
44
40
39
29
