36
39
33
33
37
23
23
27
26
33
27
27
31
33
31
29
38
28
34
48
34
31
35
22
34
28
40
27
40
25
36
35
29
28
25
26
28
30
36
31
28
34
33
27
39
34
20
38
29
21
27
24
28
27
22
60
39
31
31
31
40
29
28
38
32
38
28
31
40
26
31
24
24
20
42
34
35
36
49
28
27
21
34
40
22
30
40
32
28
25
34
26
31
26
33
30
25
28
22
27
32
38
28
29
20
37
23
30
20
28
37
37
44
35
37
23
33
35
30
32
25
28
38
33
26
29
36
27
24
28
31
28
36
25
37
29
20
23
41
39
36
51
27
40
50
40
37
27
32
28
21
28
20
27
27
25
38
31
27
20
20
20
24
27
41
40
26
23
24
20
45
25
32
29
21
34
25
39
31
40
26
30
22
39
28
28
42
41
38
45
32
31
35
33
35
25
29
34
22
45
32
27
43
32
27
34
32
22
24
45
25
39
38
29
39
20
27
27
48
30
29
42
37
33
26
31
27
31
31
42
29
29
35
31
34
20
36
30
33
27
34
31
35
38
20
34
41
25
31
30
22
31
32
31
26
29
25
32
25
20
21
25
27
26
37
30
30
30
20
39
49
37
47
26
33
46
23
26
34
42
21
32
32
37
35
27
30
34
25
