26
24
28
26
29
26
28
23
31
29
33
32
44
27
22
25
30
32
23
29
36
21
20
26
21
32
60
33
27
30
44
40
31
35
28
34
37
26
28
20
34
28
25
37
35
20
36
34
20
30
20
29
28
23
29
20
34
22
22
31
26
30
28
20
24
29
22
33
26
37
28
23
20
25
31
24
22
24
29
37
23
31
22
26
30
32
24
35
44
30
36
34
22
36
27
30
23
25
29
26
25
28
20
32
20
28
32
37
36
33
25
31
47
29
37
29
32
37
27
43
28
37
34
28
23
23
25
28
23
24
24
29
23
40
26
43
20
29
25
32
25
32
24
34
40
31
35
21
29
25
31
28
21
34
27
26
33
23
42
24
35
29
21
35
23
30
37
23
25
27
27
25
29
24
29
36
36
22
26
29
30
24
22
26
27
43
31
25
34
28
22
41
29
30
44
25
20
28
21
21
36
39
22
31
31
30
27
21
24
26
25
27
26
35
31
28
43
31
24
40
33
29
35
27
37
22
46
27
27
23
43
40
23
44
35
22
40
34
37
31
24
31
28
33
21
30
42
20
37
34
25
20
34
31
37
35
37
20
20
29
27
27
33
23
27
29
23
40
22
31
28
31
26
26
23
20
24
33
24
25
32
42
28
37
29
22
32
26
33
