36
35
36
46
30
21
40
24
23
28
33
24
47
22
34
34
34
25
33
32
32
30
30
29
41
28
29
45
23
24
22
32
35
29
34
39
27
21
40
27
26
43
20
26
28
27
23
25
37
34
35
27
49
28
60
37
37
35
39
43
45
48
29
41
31
35
20
26
30
30
21
33
32
36
43
44
39
20
34
31
36
32
23
33
36
26
34
44
41
28
22
29
21
45
34
33
37
24
33
44
30
24
38
25
43
21
34
35
29
22
36
29
34
27
27
32
38
32
26
37
38
28
37
36
31
31
21
41
41
26
36
44
26
26
43
25
25
40
42
34
31
36
34
23
30
21
50
39
38
24
24
26
43
25
31
39
53
44
50
29
32
22
21
29
28
29
31
31
27
25
22
20
25
37
33
27
31
45
30
36
32
32
27
43
41
25
20
28
31
35
40
20
28
31
40
32
31
22
55
22
50
39
49
31
34
20
40
25
26
37
45
35
38
35
28
31
38
32
34
24
27
20
33
37
25
45
36
30
33
32
32
27
34
45
23
28
28
36
27
25
32
40
24
32
36
24
21
35
20
49
38
31
23
23
24
45
44
32
27
35
27
44
31
30
24
34
29
40
41
37
26
24
29
36
27
44
44
38
51
46
32
26
33
39
42
22
59
25
29
