38
46
31
40
32
29
31
25
24
21
46
20
25
22
34
29
33
21
38
20
25
40
21
54
27
34
32
20
46
40
29
23
39
39
38
41
43
46
26
23
30
37
31
21
44
52
27
29
36
30
21
47
26
20
36
33
23
37
35
25
43
37
37
20
40
31
30
40
46
45
34
45
40
40
34
53
40
34
38
30
30
25
21
29
43
44
32
25
25
33
40
40
32
34
33
52
41
39
27
37
40
46
51
23
27
51
51
38
20
36
33
22
42
30
28
31
23
25
31
27
30
50
46
41
36
50
34
38
29
35
26
20
30
25
20
23
45
33
29
41
36
43
25
35
28
41
47
44
40
20
21
28
45
31
41
26
38
37
34
30
34
29
44
46
45
44
43
49
23
31
22
28
34
26
27
44
32
45
46
24
51
30
48
35
40
48
34
36
31
40
50
30
60
39
32
24
30
42
39
39
41
22
43
33
34
31
26
47
32
36
27
32
48
33
46
20
48
36
29
39
29
53
22
43
43
37
27
42
30
45
49
48
24
32
20
26
38
42
29
32
30
36
43
20
40
37
40
54
38
45
37
24
26
29
41
21
25
24
24
41
51
35
25
35
49
22
30
32
23
32
25
35
26
39
33
23
27
22
25
20
41
30
24
20
28
50
47
37
30
