54
27
37
48
36
33
35
47
38
39
35
20
29
38
27
44
36
28
29
23
41
27
30
25
27
27
40
26
30
35
21
42
26
43
35
39
30
33
22
29
32
29
43
37
26
31
38
34
33
30
22
27
31
22
33
37
44
39
24
31
31
45
31
52
44
32
37
54
43
27
33
40
52
29
25
20
32
52
45
20
47
20
34
49
31
29
34
35
37
30
34
25
33
37
21
43
30
37
31
24
24
33
33
52
27
26
52
22
28
38
20
23
44
30
31
39
21
28
33
52
39
25
60
42
32
23
36
25
40
43
27
36
34
24
42
25
30
42
27
41
48
29
50
22
30
23
20
21
35
53
49
30
32
20
24
25
54
41
35
32
38
34
41
33
27
42
35
38
33
21
36
59
40
49
20
30
34
51
45
37
28
37
39
47
24
27
20
32
31
30
40
56
48
34
25
42
36
46
26
36
31
37
30
25
29
26
44
27
47
37
28
21
21
38
28
20
20
27
28
36
48
36
44
20
35
30
56
37
38
22
23
44
38
58
34
26
39
42
20
42
33
29
31
32
22
34
49
29
30
46
35
32
24
30
23
27
40
39
32
20
50
23
42
58
20
24
37
28
30
25
37
38
29
29
20
21
34
43
50
45
43
39
47
32
51
32
39
40
33
