35
27
42
28
30
31
26
39
35
23
31
40
37
55
20
37
31
36
44
34
35
21
30
44
33
42
32
20
47
29
27
50
21
27
28
39
27
29
56
26
45
51
21
31
43
21
40
20
34
49
27
30
47
24
23
26
26
32
23
33
23
31
22
36
30
39
39
27
41
25
35
35
24
35
33
42
25
41
32
39
20
37
25
52
32
20
23
23
29
32
45
26
37
40
25
24
23
39
42
51
27
36
47
36
24
42
27
29
47
58
44
39
44
36
34
34
25
42
55
51
30
30
30
36
32
26
43
27
25
35
32
48
36
49
43
44
34
55
47
34
24
30
47
36
20
32
22
33
25
45
28
41
25
25
20
39
20
21
31
48
35
26
38
52
46
30
20
41
42
28
38
20
37
32
37
37
52
51
44
30
40
24
37
37
59
35
26
36
34
31
34
22
28
27
49
20
24
34
25
34
39
28
31
33
20
47
34
37
39
35
50
32
57
38
31
26
55
44
21
34
24
43
25
21
38
48
34
20
35
31
24
29
29
42
44
39
28
20
28
35
20
23
29
35
43
44
26
35
20
23
55
22
21
38
32
26
41
25
32
45
28
33
35
30
31
26
20
20
50
40
28
28
29
30
35
35
39
21
33
56
25
37
33
33
38
36
39
60
51
