26
25
36
23
25
35
44
40
24
49
46
29
43
35
48
53
26
23
44
35
21
31
20
27
28
20
27
32
34
35
36
24
51
38
25
25
27
33
37
25
29
24
22
33
28
30
30
40
24
21
32
32
42
27
34
35
31
36
36
35
24
30
31
42
22
45
29
20
42
26
24
26
39
22
49
31
21
34
24
33
32
35
23
32
42
26
23
28
42
32
27
30
29
32
38
28
48
22
24
26
32
20
31
24
53
25
26
40
29
29
22
22
20
38
26
31
32
47
35
28
23
46
34
27
38
43
28
31
36
45
48
48
25
44
44
26
33
25
37
60
42
35
41
29
28
30
31
23
29
20
29
25
20
22
44
25
45
39
20
21
33
20
20
39
29
26
32
25
47
34
25
24
35
38
46
30
33
34
34
33
34
21
49
32
39
39
36
26
34
25
43
27
20
41
37
47
24
20
22
29
48
42
33
31
44
39
26
28
48
33
38
20
23
26
45
33
38
35
35
22
34
20
20
49
32
27
35
31
26
35
39
20
25
28
37
38
49
30
24
30
31
32
34
21
32
42
30
25
35
42
44
41
30
37
25
29
33
20
26
32
29
32
29
24
20
20
45
38
34
29
28
39
29
37
36
37
31
22
40
35
26
26
32
20
50
29
22
22
27
