21
39
39
28
32
25
49
21
26
26
26
33
51
37
36
60
23
51
33
24
22
22
28
41
51
38
34
29
32
32
31
35
35
29
52
27
23
41
24
36
33
33
20
30
26
33
27
29
24
34
30
28
26
33
38
31
29
27
25
27
24
32
36
35
35
23
39
27
28
27
22
33
20
20
42
44
20
20
27
52
33
44
21
29
37
32
37
30
32
28
39
37
37
31
29
34
34
32
32
20
26
34
27
28
26
24
32
45
42
32
34
23
35
39
33
20
25
43
36
38
29
33
20
30
32
29
49
42
20
31
43
29
34
34
22
20
39
31
26
41
39
51
25
24
26
36
37
35
31
34
20
27
40
28
29
30
20
26
21
34
25
38
40
44
46
39
41
25
35
30
31
44
37
31
31
51
32
36
44
27
36
22
42
26
43
26
38
26
40
35
27
28
35
21
27
35
28
20
34
34
55
36
33
35
28
43
47
41
20
25
33
43
42
39
25
24
33
27
26
36
43
37
26
34
33
27
36
31
20
31
27
39
26
20
29
46
49
39
26
22
30
44
31
24
42
30
45
34
27
32
32
38
38
33
20
29
24
45
22
42
33
27
34
27
31
22
49
21
28
25
31
21
22
28
38
21
27
40
24
20
31
31
21
30
23
27
33
21
28
