34
37
28
29
29
31
31
32
41
33
34
28
39
41
36
20
23
31
46
24
43
28
50
26
39
33
36
43
37
35
33
29
27
25
44
49
27
34
26
20
45
26
41
30
24
24
27
22
35
29
41
30
25
20
38
27
29
42
34
36
29
28
31
21
28
35
41
26
32
36
42
34
34
26
29
26
22
40
26
51
53
23
32
30
31
21
41
33
27
41
32
45
35
23
32
42
28
39
24
24
21
23
40
28
34
35
42
25
28
45
58
22
46
21
27
35
36
41
31
56
24
36
25
26
46
22
38
25
39
29
20
33
50
29
27
28
39
33
49
31
21
38
20
27
20
32
41
27
48
39
34
20
38
35
32
28
38
31
21
32
25
26
30
35
30
24
22
30
52
41
31
42
20
42
31
26
46
34
33
33
21
42
54
32
31
20
42
24
44
29
22
29
32
37
35
28
60
36
36
24
23
41
28
31
20
31
20
28
45
30
29
30
20
45
35
42
31
37
41
38
47
34
30
37
44
28
27
32
51
34
21
30
46
23
43
33
24
45
49
41
41
22
35
30
20
31
29
20
21
22
25
43
51
40
21
33
29
45
31
43
31
30
54
45
33
28
46
40
28
25
27
25
44
23
28
24
40
31
26
22
29
21
43
46
47
41
39
29
35
