38
27
25
32
24
31
34
21
33
32
44
36
41
41
36
35
42
30
29
33
30
27
20
29
28
40
32
46
32
20
38
32
22
36
25
44
37
27
20
36
27
37
27
43
40
31
24
32
36
29
20
26
20
29
35
27
29
29
20
47
29
39
42
40
20
20
43
20
28
50
30
33
37
26
25
38
29
35
36
29
20
51
37
27
35
20
48
41
29
30
36
29
25
26
20
34
38
23
38
29
27
22
28
20
33
50
28
34
37
35
26
36
40
28
21
20
36
26
22
36
27
28
35
32
43
35
31
28
40
25
27
38
33
32
33
24
30
36
26
29
34
27
36
20
40
36
20
60
41
25
30
25
40
26
20
20
34
29
27
22
31
31
22
44
33
33
41
36
47
24
28
51
25
35
43
29
37
42
20
29
32
28
37
34
34
23
23
40
36
29
43
21
39
27
44
36
38
21
20
28
33
27
36
20
26
31
33
38
24
34
33
29
45
20
40
32
22
34
42
37
25
33
46
24
29
38
29
28
37
24
44
22
41
40
30
42
37
28
46
20
34
29
48
22
40
30
35
32
24
33
54
36
39
35
30
45
24
22
20
25
39
30
45
49
25
35
26
25
30
36
41
32
33
32
40
42
24
36
48
34
39
23
33
28
36
31
32
39
26
