39
45
23
35
24
44
33
35
46
29
36
48
36
38
25
20
28
34
22
25
39
37
37
32
37
20
29
59
27
39
35
27
38
20
20
27
31
29
37
34
36
20
20
31
24
33
29
38
31
31
27
29
31
37
34
21
23
42
34
29
20
34
35
21
38
20
34
31
45
35
41
52
27
22
46
41
34
32
31
47
28
31
29
39
32
44
23
24
48
38
38
38
27
20
23
25
27
34
28
36
34
20
34
33
36
32
32
43
43
38
48
25
27
39
21
28
34
25
43
28
54
32
36
42
29
30
35
36
20
38
21
43
27
26
40
20
28
24
36
24
37
48
36
43
31
24
31
22
32
21
31
60
26
21
32
55
26
22
27
31
49
30
21
46
40
33
27
37
25
31
27
29
25
51
27
25
35
31
38
33
41
27
44
28
53
28
22
25
26
23
35
44
37
43
34
20
47
50
20
28
32
34
25
35
20
26
28
33
20
20
43
28
54
25
30
26
33
24
39
37
22
27
32
36
42
35
24
33
34
40
38
27
32
41
22
20
34
35
31
31
39
28
23
34
34
33
25
26
22
31
20
25
26
27
48
25
31
40
24
35
30
20
41
37
26
24
25
47
30
37
43
22
40
55
20
31
35
35
37
32
35
32
34
21
23
21
25
34
41
