27
30
21
36
25
41
56
26
36
33
42
30
27
26
37
29
26
34
34
24
44
34
34
24
38
33
28
31
27
36
42
20
29
34
32
23
32
51
20
29
33
26
48
30
26
40
33
27
33
20
55
35
20
29
24
23
50
37
20
20
30
20
20
38
21
34
21
23
30
37
20
32
27
20
31
47
32
25
28
48
20
41
47
50
42
49
34
26
36
58
41
24
36
27
46
37
38
30
36
31
23
36
54
52
34
33
20
41
60
50
29
35
42
46
37
32
20
45
24
28
42
20
20
38
37
20
36
49
31
34
35
26
20
22
35
35
46
54
39
21
31
37
35
34
38
26
31
33
37
36
20
37
43
32
21
39
38
37
45
32
47
33
30
31
24
43
39
26
40
28
32
22
51
20
20
33
30
55
27
38
43
31
24
29
46
30
30
54
26
33
36
47
34
20
39
31
38
48
26
39
22
35
34
24
25
41
42
47
52
38
36
28
50
28
32
36
37
45
48
20
35
28
41
30
35
34
24
23
42
20
28
21
20
33
31
35
45
20
39
47
48
45
46
36
43
26
39
33
40
47
41
20
45
37
39
39
20
32
41
35
35
27
20
20
30
52
36
27
39
49
41
28
44
20
30
31
37
32
20
20
39
32
47
37
29
23
34
30
31
