23
39
25
31
31
34
25
28
24
37
43
32
32
34
44
25
38
32
34
26
45
20
47
24
29
27
43
26
40
27
36
27
27
32
37
48
41
37
41
41
44
45
36
36
28
28
28
28
34
34
24
48
22
50
32
51
51
30
26
37
24
20
37
36
49
33
23
37
22
22
23
28
33
34
29
26
25
27
42
37
28
46
24
43
29
31
43
39
37
56
23
37
51
38
31
34
35
39
44
41
46
39
20
41
49
28
47
41
37
24
28
23
25
29
36
27
28
36
36
39
35
33
49
50
33
35
34
32
23
34
27
24
35
48
30
20
20
41
26
54
22
43
35
36
33
26
20
39
42
46
39
27
23
33
27
20
41
50
20
44
41
32
27
28
34
20
33
20
25
20
33
27
44
44
60
39
23
37
38
43
31
26
23
32
22
29
24
20
23
56
22
41
20
21
27
26
33
25
23
39
58
32
44
23
26
37
47
47
22
42
24
36
20
37
23
40
28
38
31
25
51
29
37
31
25
37
52
38
37
33
28
41
22
27
34
33
21
35
20
26
33
39
27
32
39
34
34
24
27
27
37
44
40
34
27
43
24
28
33
46
43
40
31
30
25
25
21
32
26
23
23
54
30
30
36
35
37
36
41
46
31
31
24
21
33
25
42
37
30
