37
50
38
26
57
25
36
42
26
43
29
49
24
44
30
29
41
55
27
50
31
40
48
46
33
28
51
20
54
28
27
46
48
29
51
33
24
53
20
34
20
34
42
51
46
40
36
39
46
21
45
52
32
48
46
31
29
26
57
54
22
40
32
51
24
39
32
35
30
26
36
32
32
29
37
23
37
40
60
47
27
34
52
30
28
38
32
20
36
29
20
30
44
44
20
47
55
33
44
38
41
27
24
43
26
33
47
27
35
25
31
34
34
45
31
20
23
22
34
39
25
40
39
45
25
48
26
37
28
51
40
54
43
28
20
25
29
23
32
25
56
42
34
31
42
20
29
45
40
28
47
39
39
35
37
32
22
24
31
47
56
26
36
49
38
48
31
28
25
47
28
35
26
35
24
20
41
27
21
32
36
37
37
32
45
56
22
31
47
38
32
31
36
25
27
35
28
20
28
34
47
38
46
38
29
22
42
30
32
20
20
24
32
34
35
24
48
31
26
33
55
20
25
43
37
37
56
35
37
38
26
23
31
21
29
30
30
21
37
38
52
40
24
54
22
27
27
45
24
28
44
49
28
35
21
33
28
45
34
35
23
31
46
50
31
35
45
40
32
43
28
34
33
20
32
22
52
24
40
30
28
30
45
26
21
29
45
27
48
