47
39
26
36
38
39
40
42
21
27
40
30
42
60
24
31
28
20
32
20
29
46
43
25
45
35
20
24
34
41
39
31
34
38
20
54
34
34
36
49
25
54
33
25
46
27
32
40
43
23
26
21
28
32
20
43
46
44
51
44
41
30
42
23
21
26
20
25
35
27
50
30
38
59
36
20
43
50
42
30
27
27
35
26
35
35
50
39
39
53
31
24
36
32
28
35
30
33
34
40
37
22
35
45
31
37
26
35
50
32
21
37
27
33
23
26
29
52
22
36
32
44
36
56
20
34
25
44
35
43
33
41
45
50
21
36
26
44
48
24
55
31
41
32
29
53
40
33
39
37
49
26
30
27
53
35
25
30
25
36
42
20
40
25
36
50
27
27
33
34
21
23
40
26
28
43
36
30
33
20
41
36
28
29
30
43
33
24
47
20
30
26
31
39
34
22
21
49
54
20
21
43
25
21
28
29
22
40
37
41
49
43
45
59
27
25
29
23
31
56
26
33
34
35
48
28
22
44
36
33
31
44
30
31
25
25
26
31
39
27
34
42
25
41
31
30
42
20
31
31
44
53
31
22
27
40
35
35
29
39
35
21
48
39
20
25
22
32
34
21
20
41
35
20
24
33
51
40
40
26
48
31
44
34
41
30
20
25
26
