31
38
28
27
35
44
33
26
25
42
20
42
35
33
46
36
24
26
32
31
38
20
28
28
27
43
26
31
46
28
60
30
33
41
20
36
33
30
41
41
52
45
23
42
38
49
46
20
33
20
43
34
42
46
34
44
23
36
41
40
47
35
23
29
30
39
34
31
49
34
30
20
33
26
41
42
35
21
29
32
42
35
24
20
31
35
28
41
29
38
44
50
34
43
39
42
26
43
42
33
30
29
24
34
44
33
21
37
30
49
47
23
58
37
26
26
28
29
33
39
23
38
29
24
35
45
30
20
22
20
29
22
52
40
20
21
46
36
31
25
42
31
20
39
29
42
31
39
20
27
23
28
33
26
23
34
20
51
27
33
22
23
41
40
41
29
22
26
36
23
45
31
24
37
32
43
27
31
29
38
33
37
28
24
25
24
31
36
25
34
23
20
40
47
27
43
31
28
46
33
34
36
57
24
26
35
28
22
20
49
48
32
42
26
49
22
28
34
41
40
25
39
40
41
28
37
42
35
30
35
40
44
43
36
38
43
38
37
35
25
51
44
22
32
42
34
40
49
46
22
22
32
23
50
24
29
27
39
32
48
28
41
37
30
49
35
29
53
25
22
30
20
35
30
30
46
35
30
20
31
42
24
37
26
37
22
20
26
21
