38
44
35
54
20
43
28
39
32
36
28
31
24
30
43
21
29
42
32
24
27
28
30
32
35
47
38
26
29
30
24
41
22
37
33
20
20
23
39
30
23
28
31
23
42
20
20
39
20
44
42
37
32
43
20
24
25
36
26
31
20
25
25
53
26
29
26
39
24
37
30
27
25
29
32
26
41
30
29
35
39
41
40
42
45
39
42
26
45
42
21
40
40
28
41
42
30
39
35
31
21
23
20
34
34
36
36
31
43
28
50
30
20
36
35
53
21
44
21
21
34
35
26
22
20
47
31
34
44
20
32
40
33
35
42
33
25
23
22
42
45
30
20
32
30
29
36
39
21
48
41
36
40
44
35
26
23
42
28
30
28
27
28
32
31
32
23
24
34
25
38
26
35
22
26
53
27
27
37
21
27
31
34
29
29
29
24
23
20
38
29
25
37
43
36
45
30
24
34
20
23
29
32
21
60
36
28
23
32
38
28
42
54
37
20
30
27
41
32
33
36
20
33
35
27
33
30
25
40
41
38
25
32
32
50
36
32
36
46
20
38
28
44
35
40
32
45
38
35
46
30
25
43
28
37
28
34
24
34
22
37
48
28
31
42
44
29
35
34
23
35
45
27
50
38
43
23
28
49
31
43
37
37
30
41
35
25
30
32
