53
21
24
35
36
35
23
30
41
34
26
27
39
36
23
31
40
45
24
34
26
23
21
34
41
28
20
39
54
39
32
20
49
28
25
26
30
31
39
37
29
20
32
43
28
42
29
45
26
21
37
37
30
33
27
31
27
41
27
38
33
22
32
45
33
22
32
31
35
35
41
35
25
29
23
36
23
37
32
28
33
32
30
38
33
32
36
45
33
20
45
23
20
33
34
56
32
20
32
43
34
60
25
37
26
36
52
32
28
24
32
48
22
29
30
22
43
58
40
48
25
28
28
27
24
39
31
29
20
23
26
26
35
26
29
20
21
30
32
43
46
29
30
34
36
28
20
22
37
23
22
36
32
24
54
22
38
36
36
20
33
34
23
28
37
38
23
44
52
33
28
34
23
22
20
24
30
37
31
29
28
33
28
20
20
25
51
24
32
31
28
37
28
31
29
45
40
33
39
22
28
24
25
23
30
36
37
20
27
25
48
32
24
32
26
38
30
50
20
39
57
39
35
23
33
25
26
20
41
31
31
39
27
31
30
21
27
29
28
26
28
26
37
27
20
33
33
33
27
38
30
28
22
20
20
23
54
38
40
35
31
33
20
31
42
28
47
49
25
30
34
25
34
21
44
38
26
33
23
45
43
34
27
26
20
28
27
50
39
