28
45
35
50
28
43
29
28
23
35
46
23
31
32
30
20
38
45
29
29
47
44
31
46
25
38
51
20
38
33
24
34
44
23
46
33
36
34
36
28
29
23
34
40
42
48
24
32
44
25
31
34
21
22
33
31
45
22
21
32
26
50
28
37
27
34
22
20
27
41
31
34
24
49
39
22
37
36
44
24
38
35
20
40
20
28
21
36
30
37
26
27
36
34
28
25
28
42
25
42
43
31
43
33
32
29
27
44
35
25
34
25
52
33
32
46
38
39
28
28
26
39
36
29
30
26
35
32
25
24
24
23
46
30
25
35
29
27
27
23
42
28
25
35
21
30
32
25
50
33
23
34
32
43
42
57
37
27
34
40
27
21
36
29
52
27
34
42
35
43
27
39
20
20
20
31
47
56
21
26
27
29
23
49
23
32
43
25
38
37
32
31
29
20
51
33
27
36
26
34
35
27
38
32
20
31
34
36
37
30
29
49
24
24
39
38
33
25
32
38
31
34
43
36
42
29
37
27
44
28
53
36
24
34
38
20
31
20
28
37
37
28
34
26
41
42
33
30
26
20
35
20
25
26
35
31
34
24
22
38
31
32
34
36
27
27
21
31
31
35
38
43
38
32
21
41
42
39
20
29
46
34
27
20
31
25
40
60
32
