20
21
37
30
35
43
38
23
22
24
28
34
27
29
37
21
31
31
31
29
31
42
25
37
38
27
27
39
27
45
49
34
45
28
39
27
35
38
20
37
47
20
34
32
24
35
48
42
30
42
43
23
33
31
30
35
42
32
23
35
37
38
25
42
20
32
26
27
20
31
28
25
44
29
38
21
30
36
30
52
42
28
30
27
41
22
22
27
31
37
38
23
45
22
27
32
20
20
20
26
25
22
23
26
22
37
31
25
31
24
27
31
44
20
21
39
30
23
28
36
38
25
42
21
30
36
30
29
28
34
37
29
20
21
30
20
22
22
28
30
35
21
24
28
21
20
23
32
32
35
42
24
24
26
26
25
26
25
32
33
40
47
34
24
37
24
28
31
25
39
20
36
30
28
39
38
32
28
24
20
33
22
30
26
39
34
32
37
22
20
26
30
21
37
25
27
47
27
20
34
43
25
25
35
29
38
20
21
34
42
27
27
27
40
31
27
47
27
40
34
37
23
53
39
22
20
33
36
26
23
32
28
41
29
28
36
22
30
40
28
23
37
35
24
32
29
34
27
36
60
24
36
25
26
20
44
42
34
27
34
32
21
20
27
21
30
20
41
31
27
32
42
26
20
24
34
24
27
34
41
27
26
23
32
37
45
37
45
52
