36
27
24
31
37
29
31
30
28
37
38
29
20
26
40
31
26
23
43
24
34
20
36
34
29
28
22
29
24
31
37
43
47
40
44
23
43
35
27
30
30
35
50
32
42
38
27
45
23
27
33
45
26
34
35
43
37
27
21
37
43
42
36
22
31
49
22
42
41
31
35
40
21
30
24
38
28
30
42
36
35
35
44
33
53
23
25
33
42
33
34
33
31
21
46
20
27
29
24
32
37
31
35
35
36
29
21
23
26
26
31
32
25
24
50
45
36
27
27
21
23
26
40
24
20
36
20
25
31
34
47
45
30
42
32
43
39
21
40
30
44
24
60
34
38
31
33
47
38
35
47
20
30
22
27
38
31
23
20
34
26
20
32
34
38
29
37
35
30
31
29
27
39
41
41
20
22
20
50
25
26
29
32
26
33
30
38
34
25
52
33
35
28
20
25
22
52
27
29
41
23
25
41
25
38
53
21
39
32
37
27
25
28
39
26
53
34
26
31
46
32
38
36
22
20
48
25
30
33
23
42
57
25
35
20
24
42
31
32
37
34
30
20
34
28
50
29
33
26
35
26
27
33
27
29
31
46
31
34
39
28
22
43
29
33
35
45
30
22
20
37
32
27
35
25
30
26
32
44
34
40
27
33
25
34
25
23
31
22
