32
23
38
29
27
29
29
27
40
24
27
23
21
27
37
39
46
26
29
32
52
26
21
40
36
49
27
27
25
42
36
36
31
28
20
20
38
21
52
24
23
28
40
20
26
27
39
22
20
34
40
24
26
40
32
44
32
31
39
24
27
32
24
27
30
46
38
27
27
39
33
39
28
31
27
47
34
37
35
30
45
46
27
48
22
38
25
29
24
33
29
49
42
36
34
60
49
43
37
23
29
39
29
42
20
20
28
35
25
36
25
36
32
22
40
40
50
35
42
29
36
31
44
45
37
33
33
44
28
38
41
42
36
45
22
20
26
30
42
40
20
43
20
40
37
40
44
31
23
29
21
27
35
57
38
32
22
35
34
30
24
31
26
35
20
24
31
27
20
42
20
25
38
40
29
20
42
42
30
32
22
32
20
20
41
31
34
44
48
38
42
39
23
43
34
32
22
22
38
40
28
31
44
34
38
37
37
49
38
30
24
42
27
29
42
26
36
39
46
32
28
38
31
39
29
37
20
33
38
38
33
31
47
22
34
43
44
35
41
52
32
39
43
46
24
42
30
38
40
32
43
30
32
34
31
22
33
27
30
35
23
25
25
20
42
20
30
30
25
43
33
32
35
35
33
55
29
20
32
35
30
46
26
39
32
24
48
24
40
