24
28
35
20
42
31
33
20
33
38
26
31
25
25
29
21
28
34
37
24
36
45
26
37
23
35
20
31
20
35
31
30
60
27
41
55
32
34
43
38
35
20
44
20
32
28
28
37
39
20
31
31
41
38
52
41
34
28
28
28
34
29
31
37
25
20
31
33
37
20
33
37
26
36
30
35
56
27
21
23
29
27
42
30
32
29
24
20
21
25
44
27
20
35
34
39
34
38
29
40
31
41
20
29
44
35
28
32
30
41
43
37
31
20
35
38
25
33
23
40
25
31
20
27
25
20
25
31
29
43
34
57
28
30
27
45
30
44
21
28
33
27
20
24
30
26
29
20
33
40
21
23
27
27
20
37
38
41
28
40
21
34
25
29
29
37
29
32
30
37
30
27
32
23
20
24
40
20
33
36
35
29
22
30
20
33
43
36
39
29
20
53
35
32
20
23
43
27
32
27
36
28
27
31
37
24
20
34
29
25
35
21
21
29
45
20
30
23
20
31
33
32
29
51
22
27
29
30
26
50
29
39
26
35
29
20
38
30
36
32
39
30
37
43
31
43
25
20
34
37
52
20
29
32
32
31
20
35
33
22
32
37
43
20
29
29
36
42
29
23
25
31
29
45
28
45
44
25
20
55
33
35
33
24
27
41
29
33
28
