26
22
46
20
20
34
26
29
43
28
31
23
36
36
21
55
60
20
44
29
26
36
32
38
36
28
22
27
31
30
28
27
22
20
39
34
39
38
32
47
50
44
22
40
22
50
30
41
22
57
25
36
22
34
49
39
28
39
40
27
24
34
38
32
34
27
53
38
40
37
27
34
33
20
33
48
26
28
30
40
26
34
28
25
42
34
38
35
27
38
34
39
45
22
30
22
34
22
25
57
30
26
22
41
23
52
35
37
26
20
27
31
30
30
27
31
38
20
36
37
52
27
27
31
20
20
28
36
30
41
33
26
44
25
30
27
49
38
21
20
29
38
40
29
39
21
30
27
33
32
26
30
31
36
45
29
42
21
55
20
27
30
39
40
29
24
25
27
23
44
28
23
32
20
36
26
38
39
31
35
26
45
30
29
28
27
46
20
30
35
26
43
29
32
27
34
43
32
20
38
22
35
46
26
49
21
45
37
37
23
26
32
28
23
20
29
40
24
47
24
31
24
29
32
33
31
37
32
30
52
42
37
29
30
20
43
37
31
43
27
41
45
29
53
32
32
31
42
44
20
30
20
24
35
38
21
24
32
24
51
41
20
23
36
32
24
33
24
33
30
31
36
33
38
23
41
20
38
26
26
55
50
41
22
28
45
23
38
20
