52
32
44
33
35
42
36
30
20
34
36
28
35
35
23
38
29
39
20
42
24
25
48
21
33
25
27
20
38
35
30
28
20
28
31
34
29
34
34
41
46
38
42
33
48
21
49
25
22
29
27
43
43
37
37
21
33
36
26
34
30
42
26
25
60
41
46
36
34
28
36
23
30
29
28
33
37
49
35
58
41
30
36
20
36
43
27
41
33
20
25
32
26
24
31
36
33
29
21
32
25
27
20
52
36
30
30
21
28
38
39
27
20
22
35
27
32
30
33
43
37
25
22
32
24
31
28
25
30
44
44
38
32
20
23
32
44
43
55
26
34
26
39
31
39
29
37
24
21
30
33
40
30
45
31
43
39
23
34
27
28
27
46
27
37
34
31
43
32
20
44
23
43
38
32
36
43
25
38
26
27
41
28
38
32
34
34
32
42
43
22
29
23
25
43
23
29
33
44
22
27
37
26
35
21
26
41
28
42
27
27
37
36
38
27
20
41
32
32
26
43
23
35
43
37
54
38
36
31
29
41
42
40
33
29
33
32
29
23
42
27
20
54
40
35
45
33
41
43
20
33
25
36
41
47
54
37
39
36
31
20
27
20
26
23
21
30
39
34
30
33
29
20
28
43
31
30
20
26
50
34
21
28
37
30
35
41
22
36
