25
37
30
38
26
25
24
20
26
45
41
27
30
25
26
23
37
23
25
23
31
39
41
33
24
27
37
47
28
20
31
31
45
27
26
32
33
35
33
30
25
34
36
45
46
38
20
27
29
27
22
38
25
41
21
31
40
21
37
59
26
30
22
33
35
36
30
37
31
34
37
22
22
32
39
46
27
31
31
42
31
27
39
27
53
39
40
38
32
33
39
30
35
48
39
40
34
32
21
36
20
37
35
44
34
38
36
23
31
28
43
52
31
42
31
25
27
20
30
28
44
23
45
34
39
39
20
37
26
33
31
34
41
44
30
29
29
34
32
28
20
32
42
28
38
36
25
32
41
38
42
29
58
29
27
30
36
20
31
38
26
24
36
36
34
22
30
26
34
55
27
52
26
34
35
33
25
51
25
32
25
32
35
36
23
35
27
26
33
20
50
27
32
22
41
46
41
29
29
27
29
24
23
23
43
25
30
29
35
40
27
38
31
48
34
30
20
32
25
37
39
34
28
29
29
33
21
31
27
44
38
38
33
33
38
35
25
50
33
30
33
32
48
44
33
45
28
27
25
24
33
30
46
27
60
29
48
32
47
20
20
40
28
33
42
47
52
26
34
29
51
20
33
30
36
28
30
25
36
53
46
38
25
29
27
43
40
22
29
