40
28
31
32
39
31
37
34
33
20
35
26
41
47
40
35
39
37
21
38
38
25
40
57
29
31
34
27
21
40
41
36
49
20
33
52
31
32
34
31
26
30
36
41
33
21
31
37
27
20
24
39
22
22
40
38
20
44
60
35
32
38
25
33
36
36
23
36
20
40
27
25
32
34
22
25
24
20
28
28
39
33
37
22
47
34
31
52
27
29
26
40
26
32
34
27
25
26
20
50
41
32
28
41
36
23
45
54
31
45
28
39
28
27
21
20
20
44
20
25
40
39
20
41
45
39
45
39
24
25
44
34
23
29
35
45
39
43
26
24
37
25
37
40
36
23
20
46
39
25
45
34
40
32
29
25
21
43
46
20
36
43
48
20
27
24
43
22
40
36
28
35
40
31
29
32
38
44
39
33
40
20
36
41
32
20
28
37
43
32
26
32
24
23
29
40
31
30
26
23
40
32
23
37
20
23
44
38
37
27
46
27
34
37
34
36
26
26
29
20
34
27
21
37
44
20
24
27
37
30
47
30
42
43
43
40
34
28
37
22
21
53
36
26
42
38
22
27
35
35
38
25
22
28
38
20
38
31
35
25
28
34
27
25
37
31
43
26
40
32
38
28
42
20
39
40
23
24
50
42
30
30
20
25
25
30
32
33
32
