20
24
35
29
36
31
40
36
48
29
50
27
30
39
39
31
36
25
41
42
45
43
27
23
20
45
25
33
25
32
35
25
20
20
39
45
35
28
39
30
29
22
32
29
27
27
38
28
25
34
28
26
24
34
53
48
33
35
43
30
24
29
23
32
41
42
35
30
37
20
38
40
25
24
22
35
31
49
23
42
20
39
60
36
55
31
23
23
35
34
50
35
52
42
29
23
45
35
23
35
38
29
49
37
46
32
22
40
31
32
28
43
42
44
27
36
48
30
50
34
28
27
28
41
25
34
43
34
31
20
20
30
48
32
39
48
34
20
26
40
34
41
31
31
24
37
28
26
38
36
35
35
27
24
51
22
49
32
28
41
28
27
20
33
49
43
27
28
40
35
34
38
31
20
23
39
38
39
33
41
37
30
44
27
29
39
30
34
28
36
52
28
51
23
22
41
21
40
37
46
28
20
22
24
43
29
37
28
32
32
34
30
30
38
27
33
22
34
37
43
29
36
37
31
22
34
27
21
36
38
27
42
20
37
37
22
45
30
35
26
33
28
36
20
43
32
36
36
40
21
48
43
54
35
40
32
31
27
33
41
23
52
32
26
47
45
39
23
33
41
37
31
20
35
24
33
23
32
29
36
34
20
50
32
20
29
31
20
45
