32
40
29
52
20
26
35
22
26
24
33
30
22
21
25
29
34
56
29
29
23
28
26
38
35
23
38
20
39
32
39
39
49
32
21
32
30
30
30
28
29
56
40
30
28
39
32
37
35
29
41
39
34
36
20
33
42
20
39
44
45
33
41
29
32
36
58
35
34
28
51
57
39
36
43
20
33
25
33
26
29
32
42
34
45
27
59
26
25
26
29
20
28
20
30
29
33
31
28
31
42
41
34
21
56
33
32
39
20
38
24
27
32
38
35
60
34
32
25
30
35
33
39
27
35
43
39
43
26
22
34
37
44
55
44
20
37
36
20
34
34
49
35
24
38
21
36
30
40
43
35
27
50
44
32
38
35
36
37
37
44
46
54
31
35
37
40
20
25
40
28
36
46
30
24
37
55
39
24
24
27
39
28
35
42
20
46
28
55
30
27
29
26
31
31
30
34
29
25
39
27
39
23
26
32
27
34
35
22
35
34
24
20
36
36
28
40
46
20
26
20
29
26
32
25
25
20
32
22
30
20
32
26
29
37
25
39
31
23
36
40
30
40
21
29
24
22
23
27
26
39
32
20
56
40
20
26
27
32
34
32
28
30
26
33
35
26
29
38
28
43
25
30
32
27
32
40
30
23
25
30
23
34
28
50
52
22
20
31
