24
38
25
23
27
35
27
33
38
45
33
25
34
20
34
43
32
39
37
20
26
38
26
32
28
60
31
36
25
25
28
42
30
27
20
20
20
33
36
44
34
32
26
34
33
37
30
46
37
38
32
27
40
20
27
32
33
32
26
25
26
33
37
29
20
41
31
32
33
30
26
33
22
40
38
41
44
21
20
25
33
29
34
31
36
38
35
32
31
38
35
36
41
27
22
25
23
37
31
20
27
40
29
37
29
23
22
28
37
36
36
28
20
29
33
41
34
28
34
24
20
23
27
29
37
20
30
20
26
33
40
33
32
41
27
30
25
36
42
36
49
20
47
28
20
20
45
27
23
29
40
36
34
50
27
34
20
29
38
22
25
30
28
40
20
30
34
25
38
27
40
20
28
34
24
20
21
23
21
29
27
22
23
33
25
26
30
20
36
41
32
25
35
40
26
26
23
31
29
22
34
27
36
36
37
20
28
24
34
21
39
25
37
22
33
33
37
33
38
47
27
20
31
48
20
22
41
22
37
34
34
34
20
26
33
38
38
22
20
32
22
35
37
29
31
25
20
26
34
36
26
30
35
25
28
36
30
23
26
33
23
20
24
20
33
20
35
41
36
35
39
28
23
50
26
34
31
28
30
35
30
44
20
25
36
28
45
26
23
