47
21
50
53
34
21
31
29
33
31
22
25
23
39
29
24
36
51
32
28
50
47
32
30
25
37
28
34
33
20
40
30
39
33
21
37
42
39
23
26
43
33
42
32
23
21
29
25
24
33
42
26
37
32
35
22
39
34
36
27
36
34
35
33
35
28
42
28
33
21
30
38
25
29
24
39
35
24
38
27
33
43
27
36
33
33
34
24
25
21
29
23
36
20
27
27
33
33
52
39
41
47
39
42
32
37
27
20
33
36
36
31
33
23
20
22
44
29
33
34
42
60
20
41
30
27
27
29
36
42
29
39
22
32
39
29
23
21
46
20
43
30
36
31
28
37
45
30
20
20
32
28
47
20
45
34
35
37
39
38
37
27
23
37
26
28
44
37
33
20
37
30
29
30
35
20
37
27
43
34
41
38
29
25
28
26
35
40
29
21
31
32
28
31
25
45
28
28
20
26
33
30
31
40
28
28
36
40
43
24
27
23
27
31
24
39
38
33
49
24
25
20
31
29
23
25
30
40
31
27
33
33
35
43
20
24
25
25
27
28
33
30
25
33
37
40
34
28
21
29
34
51
37
35
55
41
20
43
47
44
36
39
27
53
43
32
38
20
31
33
29
32
39
35
42
20
29
38
27
25
36
26
31
30
27
31
23
22
29
