26
44
50
20
26
35
34
51
36
23
52
34
40
27
45
25
24
33
28
29
23
34
44
30
28
35
29
32
33
33
22
39
39
21
25
23
23
45
35
38
23
37
31
34
24
46
20
35
34
36
35
42
29
20
39
35
29
43
20
34
27
20
30
32
34
47
24
20
58
33
28
27
22
20
45
36
27
25
28
26
37
42
27
48
32
35
57
42
31
21
38
54
31
46
52
22
40
34
27
50
45
25
35
27
29
28
27
25
27
36
48
38
28
36
28
33
20
25
25
39
39
28
29
45
28
30
22
44
47
30
49
32
26
36
23
26
26
24
29
28
35
25
20
20
34
37
21
45
34
27
22
40
24
30
27
40
50
56
25
25
56
34
32
22
31
55
22
36
45
32
46
41
24
34
34
20
32
39
31
27
44
29
37
26
36
22
55
25
22
29
20
26
50
39
31
26
42
20
20
33
21
26
20
20
32
21
43
25
32
23
33
30
39
31
39
39
44
38
30
31
31
32
36
41
20
32
26
27
29
37
52
33
46
34
29
49
39
60
44
20
32
27
46
20
39
34
37
43
34
35
21
35
28
39
36
20
20
50
29
41
33
20
59
20
23
44
42
22
47
31
23
31
31
26
48
20
43
20
22
27
33
32
23
34
30
30
35
43
36
