25
60
42
42
20
38
30
42
37
30
29
52
27
25
30
48
29
23
30
42
43
39
33
46
27
23
26
39
38
22
25
32
38
24
41
32
33
31
35
36
25
39
52
33
42
20
38
36
38
25
27
34
39
24
29
26
29
29
28
31
41
35
34
47
23
40
35
25
30
35
23
29
34
32
23
25
28
35
25
24
33
31
32
40
43
23
41
33
29
28
23
26
23
38
36
39
39
50
21
36
25
26
31
21
36
29
30
24
27
34
32
28
30
24
45
44
25
29
34
23
37
44
41
39
38
26
38
34
36
31
45
24
27
41
34
47
43
41
29
40
20
35
30
26
50
20
53
33
38
21
50
27
30
30
44
28
21
31
21
31
28
29
31
40
27
37
34
38
33
56
27
42
23
29
40
32
30
30
23
32
34
24
24
32
45
22
29
53
32
42
34
31
23
33
35
21
22
26
29
28
34
25
31
26
41
48
20
29
31
28
36
37
52
20
33
39
20
29
35
29
41
24
41
50
38
39
45
26
50
31
31
23
29
34
21
35
22
26
20
29
31
22
40
38
23
28
44
39
29
22
33
34
31
23
48
27
22
22
24
29
36
47
33
32
34
47
34
30
34
39
43
34
23
20
20
20
25
27
45
30
25
42
23
35
32
32
27
25
32
