20
28
24
36
33
38
34
34
40
30
33
25
32
26
40
35
36
30
26
41
24
28
37
41
26
26
25
25
29
40
25
34
26
30
20
23
25
23
38
38
32
36
38
28
31
33
35
40
28
20
38
32
23
20
43
42
33
33
26
38
23
33
41
33
23
24
27
31
45
39
32
27
44
29
28
29
40
45
27
25
29
30
41
22
32
39
20
32
33
25
20
26
25
26
24
41
35
29
35
41
41
33
35
27
31
34
35
29
43
20
30
31
38
42
25
45
27
30
20
20
43
31
30
32
30
29
28
38
41
36
39
38
34
49
45
25
22
37
26
39
26
20
30
38
34
48
24
20
33
37
38
32
20
33
60
21
28
24
23
46
25
36
24
20
42
24
22
27
20
24
47
39
36
23
30
29
39
25
38
34
26
38
47
25
40
33
22
34
27
27
34
20
28
35
31
28
44
23
39
40
36
23
27
44
45
29
35
28
38
38
40
20
39
27
26
38
32
31
38
44
20
37
45
24
24
28
31
35
29
32
25
20
29
26
27
40
29
39
29
24
20
28
31
33
29
35
38
20
40
29
30
20
33
21
28
21
29
45
40
36
24
43
27
20
28
25
33
20
24
30
32
24
37
29
25
48
20
30
41
32
32
27
33
34
22
32
33
49
29
