20
35
23
25
32
41
27
28
32
39
32
35
47
24
30
42
27
41
37
25
47
20
44
29
30
23
47
52
40
27
34
47
50
22
27
46
32
21
29
24
42
35
39
31
23
33
33
35
29
33
36
35
36
40
36
57
23
30
35
40
33
49
28
28
37
41
28
42
31
27
32
44
42
41
33
31
35
20
42
42
26
41
32
32
39
42
29
24
36
27
29
27
38
32
37
56
29
25
27
45
20
40
25
30
48
39
27
36
39
41
36
21
43
25
28
25
29
51
45
34
41
38
21
24
41
25
31
34
23
21
40
25
42
48
24
31
29
40
43
32
30
31
38
28
35
23
29
25
27
53
29
30
26
20
47
40
30
49
53
23
28
42
26
34
27
44
54
32
35
49
34
30
31
35
34
20
27
30
31
20
20
28
36
42
41
31
32
33
43
31
26
45
37
22
32
54
37
35
32
26
27
40
29
32
36
39
27
44
33
28
41
26
36
26
44
41
20
46
49
21
27
32
26
33
39
24
53
20
39
39
29
29
21
27
28
36
20
20
43
28
25
49
34
42
42
43
25
32
32
23
46
48
24
26
31
35
38
23
27
38
25
25
30
60
20
33
39
23
35
20
33
32
31
26
44
27
32
32
36
28
24
33
29
35
54
34
21
20
51
