28
34
32
36
30
36
20
30
30
23
28
26
29
31
33
38
35
20
24
20
36
36
37
30
31
32
43
20
22
30
37
34
31
27
23
32
34
24
31
45
32
26
34
42
34
21
28
21
31
24
37
26
24
41
32
32
27
27
45
31
30
42
38
25
20
28
21
35
39
54
35
22
23
32
32
30
20
26
53
45
28
34
30
39
29
32
24
47
20
23
39
20
29
31
29
20
40
32
39
36
34
29
36
30
32
38
45
30
36
34
20
35
21
28
20
36
36
43
23
40
21
27
37
34
27
39
24
43
46
26
29
47
22
28
42
46
40
20
25
51
24
36
21
27
37
29
28
49
29
34
25
31
30
20
20
42
30
32
32
28
27
31
26
30
24
38
31
20
28
30
33
50
26
37
35
34
34
33
32
41
28
20
24
29
28
43
20
41
33
42
37
33
35
25
43
27
29
23
32
20
33
30
22
25
28
25
20
25
35
29
28
21
43
37
30
23
22
29
20
26
26
43
32
39
29
26
36
26
31
34
32
34
36
25
21
30
20
36
30
20
30
40
35
28
23
40
36
21
25
45
29
26
35
27
30
33
23
32
30
37
48
23
34
33
44
22
25
30
35
32
28
30
22
23
33
25
20
20
23
25
27
32
35
25
60
33
42
31
36
