40
42
35
20
29
23
36
40
33
28
22
37
30
28
20
24
29
36
54
37
40
28
27
38
37
39
29
29
37
41
44
42
60
27
20
31
20
28
49
40
28
21
24
23
23
31
30
35
33
38
31
26
31
20
24
27
20
43
28
40
25
26
37
29
20
39
26
28
32
27
35
25
31
37
28
25
30
39
33
52
20
37
27
42
26
24
35
20
23
47
22
41
28
33
30
28
29
41
27
40
33
24
38
31
30
37
41
28
37
22
20
37
40
30
45
35
25
38
37
26
22
33
27
32
31
40
33
38
32
36
29
34
23
31
37
48
32
46
26
24
36
27
29
28
21
32
45
42
26
34
36
34
45
21
33
22
25
22
36
23
27
37
36
38
28
38
29
29
41
29
40
51
34
41
34
30
25
34
36
32
35
35
29
30
37
20
32
42
36
41
20
27
29
36
35
36
39
42
37
43
33
33
36
38
37
24
20
47
39
21
22
40
36
25
43
30
34
31
25
33
42
28
22
39
26
28
34
36
37
29
32
28
24
23
33
29
30
30
24
30
31
28
43
24
47
20
34
41
52
31
34
40
20
21
34
29
37
30
47
28
27
29
37
36
36
36
31
30
39
33
32
26
37
20
42
23
25
43
44
32
30
40
39
37
26
33
31
26
26
