35
30
20
39
33
42
28
38
35
35
21
22
27
27
52
30
20
35
46
44
35
27
36
33
28
24
43
45
25
34
21
36
23
41
27
28
20
50
26
36
28
50
41
27
24
31
20
34
23
28
33
50
36
32
33
34
31
20
25
38
22
35
27
30
26
46
29
35
22
33
33
28
20
37
20
46
37
27
20
21
38
27
45
30
27
23
32
39
33
26
28
31
38
24
20
28
20
30
30
44
27
42
40
30
36
28
27
30
31
26
37
51
40
32
24
34
43
27
22
25
42
34
37
28
37
37
27
36
43
33
20
24
35
31
29
34
37
21
21
26
26
23
20
29
20
26
30
24
28
35
24
23
25
39
34
20
35
26
39
38
60
31
32
33
39
31
35
38
44
30
34
21
51
35
33
22
24
29
34
43
33
37
29
31
39
27
22
24
38
39
34
26
29
20
35
27
25
22
29
33
24
42
38
30
36
34
35
33
30
39
38
42
27
31
52
40
33
28
25
26
22
39
41
23
23
28
39
47
33
20
32
25
24
53
54
26
38
23
31
22
35
36
34
42
20
31
42
39
26
22
48
31
26
26
31
23
29
26
30
39
20
43
39
35
29
53
38
29
28
29
36
26
28
31
29
33
24
20
29
29
26
31
20
40
22
30
40
22
27
