30
40
28
49
34
30
31
41
31
40
30
46
21
23
29
37
42
36
29
38
37
26
38
28
27
39
42
24
48
49
30
23
34
23
39
43
34
26
49
32
38
43
21
34
34
21
41
49
21
33
25
30
30
25
41
44
36
26
32
20
34
30
33
28
27
36
42
42
37
37
21
40
29
31
28
23
20
35
26
30
20
43
36
28
36
20
28
30
24
31
40
50
32
30
52
54
27
22
35
29
20
34
33
26
49
31
22
24
28
32
25
33
26
20
57
32
54
29
54
37
25
20
32
30
52
26
26
31
27
34
21
27
28
40
36
29
43
34
20
34
42
41
37
28
49
34
20
46
41
33
20
37
31
34
39
23
31
28
34
25
30
36
49
23
42
32
21
33
51
39
39
29
60
28
32
20
24
32
20
27
52
36
53
52
22
42
38
33
21
20
35
29
37
20
22
20
30
40
40
20
29
33
32
20
34
40
27
24
47
36
33
31
22
33
25
27
29
55
33
55
34
29
44
26
31
20
20
25
33
48
44
32
20
23
23
29
31
25
43
37
38
25
28
28
33
36
23
32
29
41
48
39
51
27
20
31
31
38
28
27
26
32
33
52
34
38
27
27
40
28
20
34
41
22
35
43
31
46
20
20
46
22
30
30
31
35
37
50
35
