23
27
40
25
25
41
37
31
33
33
36
26
28
27
25
42
22
28
35
21
24
29
24
38
47
34
26
38
27
45
37
38
40
42
29
38
29
36
45
24
31
60
27
28
47
32
45
38
40
25
27
41
27
24
21
33
24
46
34
38
46
28
31
39
34
26
20
28
40
37
34
26
28
35
28
34
44
45
42
26
28
34
37
35
26
34
20
46
25
42
30
28
34
25
35
32
31
39
38
44
26
38
52
41
45
42
44
35
43
32
28
33
33
34
26
24
27
20
25
25
26
27
31
27
39
29
33
30
44
36
37
32
34
35
31
20
35
52
20
21
28
27
20
30
43
31
20
23
39
29
26
58
35
22
43
48
45
48
21
42
41
23
28
22
42
34
34
20
36
21
46
41
20
30
20
49
37
33
36
36
27
27
28
46
29
26
41
41
25
44
31
28
42
29
30
27
27
41
32
50
34
55
21
39
30
27
24
31
26
38
38
39
28
49
46
20
26
22
40
26
28
20
33
37
25
34
31
39
44
21
29
44
34
21
35
26
24
39
20
32
40
31
41
20
23
27
31
30
21
28
22
20
33
42
37
37
46
27
40
29
32
33
37
23
34
59
53
22
37
36
21
24
38
20
32
28
33
32
29
40
34
46
41
27
27
20
27
20
27
