33
31
28
22
32
40
35
26
24
21
34
37
29
21
29
36
31
33
33
32
22
21
28
20
36
37
37
33
32
36
40
35
23
35
30
28
27
24
32
33
39
34
45
44
47
35
28
36
29
23
20
29
31
42
31
33
28
30
34
23
26
36
20
32
34
20
20
30
36
30
24
23
35
26
32
43
20
25
39
33
24
33
35
55
24
38
25
32
31
28
35
20
20
54
20
50
25
37
40
22
27
25
30
28
37
43
22
32
37
43
39
49
44
34
32
21
21
43
34
28
30
21
38
51
42
39
28
43
43
28
30
23
36
39
30
33
22
42
41
24
37
52
24
20
29
24
39
31
35
21
27
33
37
27
27
43
38
24
20
32
31
27
32
28
38
28
21
32
33
35
24
52
29
22
40
43
29
39
55
33
21
38
40
22
39
21
20
22
37
44
34
38
37
20
37
25
23
46
53
23
20
41
55
36
36
22
28
37
20
29
48
28
26
27
30
23
38
40
20
38
30
27
20
40
24
33
38
26
20
27
30
41
22
36
40
25
30
46
25
20
36
23
35
34
31
46
36
31
23
43
27
28
22
37
50
20
22
22
27
24
25
27
60
32
41
23
23
21
27
29
29
20
25
20
20
30
38
43
37
20
31
36
30
28
28
40
37
23
33
