20
42
26
33
28
41
35
44
24
32
33
36
29
32
23
41
55
35
26
33
24
24
24
20
34
24
35
20
39
30
36
25
26
45
20
35
27
31
20
22
34
36
27
39
41
20
31
28
20
28
30
23
43
29
35
37
29
26
20
31
36
32
33
29
24
40
34
40
24
33
39
24
33
47
44
33
33
36
33
31
26
20
47
21
29
39
31
20
20
29
26
29
47
33
23
35
26
41
20
37
27
27
26
25
23
37
21
28
33
37
39
30
27
28
33
23
24
30
32
40
34
20
32
29
34
34
35
20
34
43
36
36
40
34
33
37
39
24
23
20
37
20
27
24
34
28
40
33
41
30
33
60
41
25
40
34
37
25
34
25
31
30
26
38
38
32
32
48
36
25
44
34
29
38
20
33
37
39
43
26
37
29
35
32
22
48
20
34
22
43
35
22
27
37
24
27
26
46
22
35
22
22
22
22
29
41
33
29
25
31
43
24
43
30
39
34
34
34
26
28
29
27
37
32
22
32
34
31
34
40
31
34
33
43
20
32
20
38
28
37
20
50
42
29
27
20
36
30
35
37
38
37
24
23
52
31
25
38
43
41
40
27
36
41
21
20
27
27
22
27
31
21
31
30
34
25
27
28
24
20
26
25
40
20
22
34
35
30
24
