32
40
27
27
46
27
20
42
28
34
34
25
28
34
29
25
39
40
47
31
35
32
34
40
38
20
23
23
27
36
31
30
32
41
28
37
39
41
31
32
38
46
32
44
29
31
43
43
37
43
22
44
33
37
30
37
31
24
35
43
20
22
38
29
25
32
33
23
35
24
27
32
28
31
33
35
20
35
20
22
28
20
35
28
29
25
39
25
32
38
24
24
33
32
30
38
34
27
28
23
39
28
23
36
32
27
41
40
27
26
27
29
20
24
27
48
30
22
20
45
52
36
32
33
34
34
20
38
23
26
28
36
25
27
27
45
26
41
21
32
45
35
35
42
21
37
27
32
54
32
41
30
60
33
31
31
43
24
24
28
36
28
22
30
41
23
50
32
33
20
42
36
27
38
38
33
28
26
35
42
41
28
44
20
45
43
29
27
31
27
35
40
36
30
50
33
30
26
53
30
37
33
24
28
25
20
30
28
34
37
39
32
21
24
50
33
26
51
38
31
30
28
38
37
31
21
29
27
41
42
59
38
41
22
44
22
33
30
29
31
27
35
26
28
25
25
23
32
35
36
34
23
32
23
30
27
38
42
32
35
30
38
25
34
29
39
37
43
21
30
40
32
27
20
34
45
25
44
28
37
28
41
30
33
20
50
40
21
30
