38
38
26
29
44
39
23
20
38
35
34
31
31
24
23
24
24
45
38
38
26
26
40
30
21
20
22
40
34
33
29
24
34
27
27
20
49
20
33
24
29
42
26
43
23
26
37
22
33
35
20
35
34
30
32
28
32
38
35
32
33
27
20
55
42
38
60
34
32
29
30
21
20
30
29
23
24
21
41
33
20
26
33
26
28
32
35
23
32
35
27
23
47
29
22
35
43
34
45
20
23
34
42
38
30
34
28
26
57
27
32
40
26
23
27
28
20
29
24
25
26
44
27
38
34
22
29
20
37
33
39
37
28
29
25
25
30
34
28
40
34
36
23
37
44
26
40
47
29
20
29
40
34
39
20
27
29
33
49
24
28
22
41
31
26
28
24
22
22
27
30
20
30
23
42
36
20
49
35
48
35
31
28
20
41
34
30
23
36
45
29
31
26
22
28
29
38
29
29
35
22
28
26
36
44
37
41
33
20
34
37
33
26
39
27
27
20
30
36
45
38
40
20
25
29
33
27
27
22
26
30
31
21
23
31
55
25
36
21
30
31
30
50
37
27
28
39
34
24
31
42
35
33
24
24
47
40
31
34
35
27
22
23
27
31
20
32
20
20
41
31
21
30
34
24
48
39
36
27
28
31
34
39
34
33
45
41
28
25
