55
33
20
20
39
37
35
35
26
29
31
33
25
32
29
38
40
23
42
28
29
38
55
23
33
35
51
35
41
20
43
20
33
22
24
50
52
53
20
25
47
31
38
37
29
35
25
29
20
30
35
37
43
26
25
44
20
33
46
37
33
52
28
26
34
20
60
33
52
39
32
35
35
28
31
22
26
31
20
37
26
24
38
27
40
30
32
20
20
34
41
37
26
33
39
27
34
29
32
38
30
43
36
39
49
41
52
20
38
22
37
28
47
34
24
29
31
38
32
31
29
38
27
24
33
29
30
22
47
39
39
53
33
24
49
20
34
31
36
24
20
20
31
49
20
21
24
29
32
26
30
51
39
37
33
42
27
30
33
30
28
29
46
32
25
37
25
36
28
32
21
20
28
33
43
23
34
32
31
20
31
22
42
44
35
35
26
24
22
40
40
49
22
20
21
27
20
20
24
37
25
42
56
29
41
36
35
31
32
52
23
35
35
36
30
29
35
36
29
35
35
25
42
42
32
48
38
45
34
40
40
20
32
24
26
20
22
54
35
41
33
39
21
34
33
33
29
33
43
28
38
27
37
43
41
54
29
39
52
25
41
44
25
41
52
53
45
28
33
24
40
40
24
20
50
28
24
28
46
33
25
41
35
41
33
32
30
44
35
