30
25
28
36
27
42
27
31
33
37
24
34
46
35
35
20
23
26
38
37
33
21
54
41
32
26
27
26
39
34
28
28
35
20
23
31
22
34
39
42
34
24
26
29
27
45
25
29
31
32
20
22
32
25
36
42
30
20
27
33
34
30
43
20
29
35
35
25
20
27
28
33
31
24
37
38
33
33
35
36
26
24
40
28
28
34
36
36
35
33
33
41
30
36
20
39
36
24
32
42
31
26
38
43
27
30
34
28
25
37
35
37
20
32
33
44
42
29
26
43
46
20
34
38
24
20
24
37
48
51
40
27
24
34
26
23
43
23
28
30
43
43
51
37
25
43
42
38
35
24
33
39
29
31
23
36
33
37
25
35
31
42
40
39
44
30
30
26
30
20
55
29
48
42
20
43
29
20
42
27
31
32
37
28
24
38
49
20
42
20
21
38
30
37
23
31
28
36
39
37
22
34
26
41
45
28
39
23
33
23
40
33
34
33
33
35
40
26
28
41
37
37
37
28
57
28
36
27
23
53
26
44
37
42
52
35
44
35
56
28
32
20
23
55
28
27
29
60
27
38
33
20
34
34
27
32
30
20
34
28
28
48
39
37
50
40
44
41
23
48
48
32
30
23
31
20
31
43
37
50
36
41
24
20
36
29
26
32
20
