20
45
37
28
41
24
32
46
20
25
33
47
20
38
29
20
49
35
25
20
25
49
23
20
56
29
30
30
21
34
39
42
28
24
29
32
30
39
31
36
36
28
36
43
32
21
55
33
24
33
45
20
31
39
40
40
37
38
32
39
23
56
22
24
42
47
44
53
31
33
45
21
28
28
23
27
25
41
40
28
25
28
37
35
44
27
29
39
33
27
24
26
32
37
32
27
23
29
42
22
38
20
28
39
24
30
24
20
38
48
27
31
43
29
29
40
37
48
22
23
37
25
45
33
51
34
34
35
34
36
39
24
24
43
20
40
41
21
29
54
25
26
26
27
25
20
27
39
31
33
55
47
37
39
34
43
31
25
45
49
36
27
30
30
55
26
41
35
45
30
40
31
36
20
27
34
37
34
53
53
20
44
38
43
32
35
60
26
27
52
33
38
28
39
41
28
29
27
41
36
25
45
25
28
46
38
30
28
40
32
47
42
30
20
41
41
20
28
27
35
20
24
37
25
37
23
49
44
23
42
22
32
39
33
25
42
26
32
26
40
41
26
45
38
30
24
48
25
20
35
32
28
40
22
48
34
34
26
40
47
38
32
22
40
35
27
36
27
37
45
24
24
42
25
35
44
39
22
35
55
28
50
38
50
38
40
20
25
39
