32
27
36
27
36
23
34
26
20
20
39
20
30
20
55
31
45
32
20
36
40
24
28
34
20
22
31
35
21
22
31
37
20
46
36
29
34
23
47
31
39
39
34
22
43
39
50
39
27
25
30
35
20
31
26
24
52
30
20
37
23
30
24
24
30
35
28
26
49
36
22
34
26
32
31
42
31
35
40
25
38
42
26
33
26
31
25
32
43
33
44
20
35
43
41
27
43
28
24
20
27
32
41
25
38
24
39
48
23
28
33
23
39
25
49
20
33
20
20
30
29
30
40
25
35
42
24
28
40
20
27
29
31
50
37
31
27
34
36
21
22
23
23
21
42
42
26
50
36
32
27
37
33
38
50
32
41
38
26
34
34
48
27
52
20
38
27
20
34
27
30
60
22
39
25
44
36
40
28
32
35
32
36
36
24
44
52
29
28
48
29
36
32
34
34
23
26
35
21
30
33
43
22
37
35
29
21
26
39
24
40
30
42
47
20
31
39
35
23
37
44
24
38
34
56
30
22
30
24
41
29
30
28
29
34
39
43
37
21
23
44
42
43
31
25
33
20
36
26
30
27
38
32
40
29
38
30
41
39
27
45
36
27
26
21
39
27
55
30
44
44
21
38
36
38
37
41
23
41
28
33
30
35
28
28
34
35
28
25
