31
28
55
21
41
28
28
37
22
46
34
23
26
38
25
36
29
35
35
31
38
20
29
39
32
31
34
22
29
39
23
20
26
37
36
47
32
26
38
21
21
28
35
32
30
25
38
34
20
32
22
37
39
31
29
26
34
39
26
54
22
44
28
30
44
24
28
22
35
31
24
30
37
30
41
48
37
21
41
29
22
44
38
37
26
59
33
26
20
36
40
35
29
37
27
30
22
20
27
45
54
31
38
29
36
31
42
34
29
21
31
48
36
29
25
20
20
38
26
36
29
33
27
40
52
29
41
34
52
32
41
28
60
39
35
41
33
31
25
24
36
35
55
37
26
36
34
28
20
42
32
28
31
31
42
30
34
30
30
37
48
20
38
33
39
38
24
22
20
31
31
29
36
28
32
38
34
42
29
58
44
28
32
33
40
35
36
34
32
20
20
46
28
22
25
26
30
29
20
45
32
30
30
37
29
30
28
45
26
47
39
41
30
42
44
20
28
23
32
40
56
38
26
32
35
36
20
34
38
20
42
37
25
31
36
41
29
39
32
21
37
38
34
22
46
33
28
39
26
35
29
26
36
29
27
30
25
35
20
30
30
32
32
29
36
46
49
31
49
24
36
32
33
37
30
21
40
48
48
35
36
33
36
39
31
39
28
39
41
