32
33
21
32
26
22
26
27
34
27
27
37
20
20
33
27
28
48
39
38
35
28
35
43
50
36
26
39
29
33
30
28
46
24
24
30
28
31
31
20
35
23
31
30
24
27
47
45
35
28
35
37
31
24
54
22
28
20
24
36
32
23
36
20
45
30
20
37
30
26
26
33
34
33
47
23
37
22
24
56
40
35
27
50
26
32
36
29
37
38
31
45
23
39
28
24
35
39
34
43
32
31
32
22
40
33
42
22
42
40
24
26
24
35
35
32
48
31
33
31
40
23
30
39
60
26
45
47
25
20
30
22
38
47
48
28
41
42
28
45
29
33
32
27
29
31
45
31
35
28
23
38
40
26
32
52
48
33
36
24
45
29
33
30
28
39
23
45
28
32
29
22
53
32
35
21
30
27
50
25
31
26
29
28
29
20
23
32
23
23
34
20
37
34
41
22
37
27
35
23
30
32
42
39
41
43
20
23
30
45
26
40
21
35
22
21
31
37
26
38
44
27
23
27
37
34
24
37
40
26
25
44
38
44
32
32
38
45
42
39
36
20
33
38
29
41
43
46
35
34
31
36
27
40
28
32
53
37
42
33
23
35
32
36
38
30
37
37
32
20
26
20
20
20
20
27
23
41
22
35
41
29
33
43
28
43
20
36
25
