39
47
33
20
21
28
56
32
32
28
20
41
38
20
50
45
43
24
24
24
35
27
44
46
23
35
35
20
40
39
42
22
51
28
42
35
34
38
20
41
28
38
37
26
25
52
39
26
22
28
44
23
25
21
31
31
20
28
29
38
35
20
23
45
49
33
31
43
22
46
32
35
46
33
28
27
20
37
47
30
35
29
29
38
44
39
26
28
32
22
22
27
35
49
41
41
27
29
29
33
34
30
20
20
25
24
37
30
20
56
43
31
24
32
38
28
26
30
30
27
33
28
49
45
36
42
35
21
26
40
40
33
29
50
21
36
29
43
38
32
45
31
54
48
23
36
33
28
47
36
32
26
31
26
54
52
26
36
41
28
40
32
25
31
44
60
35
39
25
20
48
30
36
36
29
21
29
42
20
41
37
35
25
24
20
34
55
58
40
37
24
37
27
39
20
32
39
20
36
32
28
22
22
32
32
36
31
37
32
43
45
31
20
20
32
36
32
43
31
26
45
29
34
31
46
35
26
43
40
33
34
32
20
36
34
26
27
24
44
40
28
39
25
45
54
27
31
45
25
25
20
24
49
24
35
27
44
39
28
27
33
40
20
25
29
26
32
37
35
42
20
51
20
20
47
48
29
31
44
58
33
24
37
23
22
28
36
34
24
