32
22
34
43
29
37
27
27
33
27
24
50
21
29
38
39
27
35
30
27
29
33
20
29
26
32
33
20
41
47
37
29
32
26
20
38
28
31
20
43
21
51
37
24
38
49
26
23
53
27
33
35
34
29
21
27
42
32
21
34
36
25
37
39
49
31
33
29
26
31
40
34
33
28
33
29
30
29
34
33
49
34
31
20
27
26
31
40
37
42
24
41
20
32
20
42
23
31
37
20
32
38
38
23
30
38
29
24
24
32
33
23
34
20
39
35
24
22
26
27
36
35
33
28
34
35
46
28
32
27
33
23
31
42
20
29
43
47
36
45
40
51
42
42
42
24
20
40
36
39
21
35
42
20
38
31
20
20
32
38
23
20
28
32
44
27
32
28
43
41
33
24
25
23
46
37
40
28
32
37
35
43
32
30
33
23
34
34
23
25
20
32
35
26
30
28
32
40
37
27
31
34
24
31
43
28
20
42
30
37
34
38
26
40
32
31
24
25
30
42
25
29
31
37
38
26
31
42
20
22
45
37
21
37
39
30
41
21
31
24
21
20
48
45
37
20
31
29
20
27
23
20
30
50
27
29
33
24
25
41
52
22
48
29
50
31
40
28
33
35
33
23
32
39
43
34
36
31
35
37
32
60
40
35
20
32
39
37
32
