32
25
34
28
30
30
36
27
33
33
24
28
24
34
36
36
34
31
30
27
22
60
44
24
36
27
37
31
32
32
45
21
38
22
41
34
26
28
37
20
20
20
39
39
33
30
29
36
20
28
22
24
29
24
36
42
20
27
32
33
37
36
27
20
32
32
27
24
20
35
32
29
26
21
39
30
31
20
28
21
33
42
24
41
36
35
35
37
27
24
41
34
20
26
22
24
39
42
37
34
31
27
38
36
32
22
26
20
28
27
43
40
20
32
25
28
26
23
25
29
39
29
23
31
41
37
28
25
25
23
28
36
34
43
36
26
33
31
22
33
44
32
20
45
34
25
22
27
36
40
28
26
30
25
29
29
26
31
20
33
32
21
26
30
44
23
30
22
31
37
33
23
34
22
31
49
31
24
25
34
25
23
23
34
24
41
36
39
20
22
39
25
28
38
37
33
51
26
26
40
26
21
38
21
33
30
30
33
23
32
25
26
30
43
34
27
26
20
36
24
27
32
26
23
36
28
24
26
39
42
30
31
32
26
30
31
42
26
28
41
35
38
26
31
23
20
41
38
24
33
23
36
34
20
42
20
40
41
38
20
40
27
27
46
29
29
50
38
29
26
49
37
33
23
24
27
31
37
26
25
24
29
25
36
36
39
40
29
39
