28
27
31
20
30
39
37
23
20
33
35
23
47
35
34
23
29
28
31
31
27
32
32
48
20
41
37
21
24
21
21
33
36
28
36
24
34
38
32
46
28
36
27
29
23
31
31
21
28
20
30
20
35
31
35
29
27
25
29
31
41
27
28
25
22
20
23
35
20
25
30
35
30
29
21
36
52
40
37
31
43
31
30
36
35
50
24
39
46
46
34
36
38
20
36
22
21
27
20
29
31
28
20
21
22
30
39
36
26
31
30
53
28
45
44
42
52
25
27
31
22
32
31
44
27
50
36
21
20
39
38
25
46
25
27
24
21
31
30
23
38
26
50
35
34
41
53
34
32
30
23
33
38
25
28
32
36
36
23
37
20
41
26
39
34
33
29
20
41
24
28
28
28
31
30
29
37
27
23
35
22
29
29
33
29
26
44
27
20
20
41
20
48
38
50
30
30
32
25
45
30
30
47
33
31
27
26
20
28
36
20
31
33
47
39
40
31
44
22
29
21
36
28
46
38
36
47
35
27
31
35
31
20
23
42
32
20
46
25
37
27
20
38
34
28
35
46
26
43
31
39
41
29
31
26
24
25
37
40
20
25
39
33
24
37
49
23
29
24
35
42
39
41
23
39
35
20
31
32
32
60
41
45
46
20
35
33
29
22
