47
23
28
34
33
54
20
28
26
24
34
33
20
43
26
36
36
28
32
46
34
26
48
32
32
25
41
36
22
42
20
23
24
36
25
20
29
38
34
25
36
43
45
27
44
43
41
25
35
30
20
31
32
21
28
24
25
20
50
26
24
49
27
32
38
30
25
33
39
28
37
25
20
46
25
36
26
25
22
34
35
50
33
25
32
28
44
20
22
33
43
22
31
26
41
38
38
35
26
25
27
28
36
32
30
52
37
35
35
35
24
36
27
21
29
25
36
28
26
34
37
43
52
45
32
23
21
31
32
30
40
37
33
50
34
20
36
28
35
28
29
41
31
28
22
44
34
24
23
20
33
30
28
37
21
41
45
24
26
36
31
37
26
27
27
34
44
31
42
38
32
36
35
24
22
38
33
52
20
50
31
53
20
25
20
38
31
39
29
26
36
52
28
26
28
32
27
25
37
39
33
26
33
47
27
31
25
60
37
20
47
20
31
40
30
51
26
37
34
44
34
28
31
23
22
32
31
35
40
41
45
44
29
40
31
41
23
22
31
28
48
27
35
34
40
28
46
43
20
50
30
20
38
20
47
21
41
37
38
30
33
36
29
23
25
43
34
28
45
29
30
39
36
41
49
27
32
28
21
35
30
49
31
53
44
31
32
27
30
