34
22
39
28
34
20
23
36
20
24
20
39
41
39
43
36
34
47
33
34
43
20
23
29
25
51
44
31
44
27
40
26
34
35
20
33
47
33
29
23
40
40
40
35
28
46
42
33
40
28
24
28
38
24
39
32
31
24
34
30
35
60
53
25
35
43
35
32
41
31
26
40
24
38
38
31
20
38
41
22
36
21
31
51
27
36
20
28
31
32
47
25
49
33
32
24
21
54
43
33
22
46
38
52
22
25
24
40
25
25
33
27
45
24
31
23
24
29
47
23
35
20
28
39
48
31
34
37
28
35
38
26
20
20
29
53
21
29
29
26
28
29
21
29
47
23
35
45
20
31
28
44
35
35
32
49
37
27
24
38
34
40
29
22
43
47
29
29
36
35
22
54
28
53
30
27
32
41
31
53
20
46
38
34
24
23
30
47
47
29
28
51
37
32
33
40
41
30
36
29
30
32
20
25
29
30
32
28
44
41
35
35
36
49
44
37
21
37
26
24
31
40
26
27
25
45
36
43
20
27
24
46
27
35
30
26
22
57
30
23
50
30
32
38
41
24
31
31
35
38
34
44
40
42
20
28
39
28
42
42
43
30
26
22
37
26
41
40
24
25
35
20
25
26
50
30
24
29
50
45
46
35
34
34
33
26
53
20
27
