25
29
25
36
25
28
31
32
36
42
27
33
38
20
32
26
26
51
31
21
20
29
55
29
35
38
44
47
30
20
34
39
26
46
41
43
40
28
32
22
30
33
20
30
27
25
49
33
43
29
29
39
27
20
25
35
41
45
31
21
33
33
28
41
28
41
33
41
37
32
20
30
22
22
32
21
29
33
34
30
50
22
40
22
27
29
20
35
41
38
53
47
32
44
20
21
35
25
27
37
43
35
40
20
46
21
45
32
30
30
35
34
24
31
43
27
46
26
20
21
22
31
32
26
32
39
22
39
33
22
44
38
42
57
30
31
34
29
41
48
26
28
41
34
41
34
45
42
40
31
20
47
43
20
43
28
30
28
24
29
24
39
29
31
20
20
28
36
40
30
44
35
21
39
31
34
35
34
25
29
48
21
24
39
34
27
41
35
25
24
47
28
20
30
29
36
47
42
39
51
30
32
60
29
23
36
20
27
29
23
36
33
42
31
29
24
41
29
27
36
26
32
59
41
24
20
20
26
34
54
34
34
20
26
31
27
35
27
28
29
20
43
33
31
36
42
40
21
27
35
30
20
40
26
38
49
20
35
27
26
30
39
42
32
32
49
33
25
34
39
20
41
38
31
37
31
36
20
20
24
20
22
43
30
29
40
23
26
54
