28
22
28
42
25
27
33
38
28
35
24
26
25
31
40
22
58
23
34
46
54
35
24
20
24
36
27
43
28
29
24
25
44
35
30
20
50
21
25
44
23
20
24
28
28
30
30
28
37
40
33
33
25
20
33
30
41
34
38
35
29
40
35
21
41
25
27
32
20
26
27
27
26
29
33
31
39
37
25
34
40
34
34
30
44
20
25
23
34
29
45
31
35
27
40
25
31
22
47
27
37
31
37
27
39
33
51
20
25
36
26
29
57
28
20
21
49
34
45
37
39
31
30
31
21
33
34
34
24
30
27
20
30
22
46
20
30
41
31
33
34
46
30
28
24
29
34
41
26
21
32
20
34
28
36
46
34
28
37
31
20
23
23
34
25
38
42
27
32
32
38
26
38
28
40
39
23
32
37
20
23
34
39
27
23
48
42
43
26
31
40
26
27
38
37
25
43
41
23
43
40
48
21
22
34
35
34
28
44
39
36
25
25
32
52
36
52
52
20
43
60
32
38
38
32
34
48
41
28
30
38
25
32
40
27
26
23
28
36
49
26
33
28
20
32
41
25
20
25
29
31
39
25
36
22
20
23
38
34
57
39
40
27
23
39
26
34
30
29
37
20
37
28
38
27
20
22
39
30
21
34
29
20
44
40
24
21
31
33
