39
30
48
37
37
30
53
31
29
51
50
23
27
33
35
46
33
41
38
34
41
39
29
29
33
49
25
35
25
28
21
58
43
25
52
38
36
29
42
28
42
28
20
31
27
24
25
39
24
33
21
46
29
26
20
34
23
23
36
38
32
27
31
46
44
33
20
35
35
25
49
22
39
36
42
31
39
29
35
38
31
27
22
43
22
40
43
33
58
25
35
30
36
33
42
31
35
27
20
42
23
35
22
20
46
47
33
29
57
27
32
40
32
34
27
37
40
27
35
52
25
29
29
21
22
27
20
24
32
32
36
22
21
53
30
37
31
21
55
55
33
27
20
36
33
33
44
28
35
35
33
47
25
30
32
33
29
22
37
49
36
39
36
26
30
32
44
30
41
56
27
28
41
40
31
28
33
33
20
31
37
38
46
33
30
46
26
23
31
47
28
30
25
35
28
46
26
25
20
28
35
32
41
48
46
29
31
40
42
27
38
42
30
43
30
29
32
35
20
25
24
21
21
31
26
35
32
60
48
41
25
20
41
36
27
38
20
31
41
40
26
33
40
51
40
49
38
23
55
44
56
25
38
37
30
34
39
25
33
40
25
29
40
30
34
22
46
27
28
43
41
42
39
34
22
53
24
25
33
35
35
29
30
25
22
30
22
25
43
