39
23
39
22
34
39
43
41
20
35
26
37
27
40
56
32
20
32
28
48
23
35
46
35
51
29
26
25
37
31
25
46
60
44
25
53
35
28
29
46
36
44
22
42
43
30
54
44
38
26
37
28
44
28
35
23
28
33
33
32
28
32
35
41
21
37
25
43
44
36
47
34
24
41
46
33
34
25
35
21
21
40
27
38
36
29
32
37
23
39
27
29
36
23
46
36
41
35
31
39
28
20
23
24
20
29
30
24
34
34
30
38
37
26
24
28
28
20
21
30
33
39
31
40
23
41
41
35
35
20
28
43
29
29
46
38
25
20
36
44
41
20
29
36
51
28
22
51
23
20
28
25
20
52
28
20
33
26
28
20
33
30
46
37
39
30
20
32
24
53
24
33
33
51
45
28
22
30
28
30
42
20
24
50
33
23
34
29
31
22
32
39
41
32
49
29
33
32
47
26
32
20
20
20
23
32
46
32
25
28
25
36
23
36
32
37
34
39
33
26
43
39
41
34
28
38
31
31
51
52
35
30
21
35
38
34
30
35
32
44
28
51
24
37
32
32
46
23
33
27
25
24
43
36
21
34
39
25
57
43
28
24
29
34
24
28
33
42
35
25
22
38
34
26
38
38
31
31
26
29
34
26
36
35
38
40
30
38
36
