26
48
31
33
25
38
31
34
39
54
56
47
25
45
28
40
37
27
28
22
29
42
20
51
40
36
26
37
26
48
33
47
46
33
24
47
29
30
30
30
27
38
42
34
26
30
39
23
26
30
34
45
46
43
40
33
20
39
45
35
44
46
37
40
33
44
28
26
23
27
41
44
25
34
33
39
26
40
31
38
29
36
48
26
35
20
34
45
36
33
41
20
30
33
45
42
23
22
41
29
45
30
33
20
20
31
27
50
40
38
28
25
29
43
40
40
49
36
32
46
29
34
35
42
35
33
34
41
20
33
31
34
46
23
23
30
33
36
20
25
47
32
20
20
29
48
24
21
60
35
29
23
27
30
26
34
29
31
35
23
50
20
20
36
26
35
24
23
42
32
25
25
40
22
42
28
20
29
30
25
22
37
39
24
31
32
39
37
27
42
43
31
20
26
35
26
23
39
47
58
29
22
44
39
39
40
31
44
22
22
22
33
20
23
49
26
20
21
44
25
26
45
35
35
33
36
25
20
46
55
33
42
20
25
35
20
33
35
20
22
24
48
32
25
30
28
31
31
23
39
31
26
28
33
51
26
37
22
23
26
24
46
44
35
29
33
38
31
32
38
28
45
39
38
42
27
20
27
21
33
32
30
31
52
40
27
35
25
31
