35
33
27
24
31
30
25
37
24
41
25
44
29
27
41
23
33
38
25
38
24
35
33
30
42
25
25
37
33
31
26
23
26
45
29
21
24
33
26
39
52
27
47
20
41
24
31
32
40
29
35
40
21
28
27
33
26
48
50
39
38
43
41
20
27
27
27
37
28
43
28
36
29
25
34
28
35
38
36
39
24
29
31
31
33
54
37
41
26
52
29
50
38
29
50
29
25
53
29
60
32
50
37
20
51
45
24
33
25
22
30
32
59
40
40
37
43
26
31
38
30
36
31
31
21
41
35
36
20
30
32
35
23
26
39
20
20
35
36
20
43
33
28
35
28
31
26
38
20
24
23
34
34
28
29
31
36
36
36
31
24
34
29
22
44
38
36
42
30
28
32
28
29
38
24
28
34
30
24
35
35
32
27
40
29
30
30
43
28
28
33
42
25
36
36
24
27
38
32
38
30
27
30
37
24
26
25
32
41
42
26
34
30
28
44
46
41
23
46
38
26
35
32
23
29
21
24
52
20
23
30
29
30
28
34
28
33
26
42
38
30
41
40
27
40
20
56
44
28
27
35
22
49
39
25
46
20
45
23
32
26
41
39
37
24
31
30
25
36
26
25
39
46
40
29
29
23
33
20
31
34
36
27
20
31
31
22
30
27
