23
23
32
29
31
35
27
22
20
28
40
34
38
22
31
28
41
29
20
22
27
23
27
31
31
30
34
32
31
38
29
26
26
32
37
32
39
37
20
22
22
36
20
26
21
30
29
27
36
26
27
23
35
41
32
27
25
44
30
35
39
36
30
29
33
30
32
41
25
36
27
25
20
24
36
36
29
28
35
28
22
26
36
27
27
37
28
34
29
32
27
39
49
31
30
22
33
51
22
31
20
32
27
25
35
24
20
33
30
34
41
20
28
24
34
32
21
32
23
27
28
32
37
29
38
25
28
28
21
20
21
29
28
33
29
34
35
27
37
27
26
32
29
45
29
42
41
39
26
30
42
29
36
49
42
46
21
36
36
30
26
20
26
29
38
24
27
34
39
33
24
20
20
34
25
32
21
29
23
29
37
33
39
37
23
20
23
21
30
22
22
28
29
28
23
21
29
32
26
31
34
20
31
21
33
30
31
28
26
26
30
26
34
31
23
29
46
28
60
23
21
21
21
24
20
29
29
27
33
26
20
37
27
23
38
47
33
21
29
32
29
37
23
34
30
29
29
36
25
39
20
43
20
27
32
27
33
38
30
28
30
49
27
27
26
27
23
37
26
28
20
47
35
22
23
28
20
40
31
38
29
23
31
30
28
25
30
20
23
