27
37
21
31
41
31
20
44
40
21
22
27
38
31
36
38
32
35
26
47
24
25
27
38
38
27
29
24
24
35
31
27
37
35
32
23
31
28
23
33
36
39
37
29
20
39
22
35
38
49
58
32
37
30
27
37
30
38
21
52
40
46
38
29
27
29
29
26
26
42
41
32
20
38
29
31
33
30
27
25
35
39
35
31
22
51
35
33
40
26
40
25
42
31
23
33
35
24
34
30
47
26
22
49
27
20
23
23
35
23
23
31
32
39
35
29
34
26
26
21
24
35
20
30
20
37
40
34
36
27
26
26
48
29
41
30
49
30
44
31
33
49
26
31
45
26
36
40
39
41
21
33
38
35
43
55
31
31
27
21
30
42
25
31
28
42
22
32
40
35
30
35
40
39
39
34
42
38
44
36
20
37
35
31
31
32
24
27
28
29
35
32
30
30
35
35
32
29
32
22
29
32
34
34
22
25
32
24
23
34
34
49
42
28
31
26
29
32
34
27
30
48
30
24
23
37
20
44
34
20
60
39
31
25
25
26
37
37
33
35
33
41
36
33
27
43
24
20
35
45
31
40
25
20
24
41
33
24
40
25
40
34
30
46
22
27
33
29
21
41
46
25
33
27
25
41
23
26
28
20
23
36
44
28
26
43
33
41
31
