44
42
23
33
60
28
40
33
28
26
37
22
29
30
44
29
31
20
33
33
32
29
22
24
23
39
29
27
32
44
29
25
36
31
36
29
34
30
24
29
26
27
27
23
27
28
26
23
20
34
32
31
30
50
30
30
33
33
34
22
25
22
23
38
24
27
20
21
34
35
20
32
24
31
41
20
36
38
35
36
32
45
31
29
25
36
26
25
25
30
39
35
31
33
43
43
33
23
22
39
25
34
28
32
27
30
27
30
21
24
21
45
20
23
45
25
22
32
37
37
24
39
28
23
27
23
34
31
39
35
27
22
21
30
30
39
32
27
43
30
20
20
45
30
34
26
30
44
29
28
37
30
26
20
44
31
31
21
30
28
25
33
40
45
28
28
31
32
30
32
27
22
50
28
37
29
42
28
37
27
20
27
31
36
31
36
36
27
27
22
27
24
37
22
42
37
38
37
24
28
25
22
48
28
32
35
43
35
40
32
23
42
47
26
31
27
28
37
29
28
30
23
31
39
20
33
26
27
27
28
35
22
29
30
34
43
27
33
26
30
26
30
21
20
43
32
48
37
26
21
47
24
23
39
31
31
33
20
28
33
20
20
31
27
36
25
29
22
35
47
41
30
33
34
39
25
29
20
27
23
31
25
34
30
34
23
32
28
26
