32
20
22
21
26
24
24
25
30
28
29
28
31
28
39
31
29
34
23
38
21
36
33
34
21
33
28
27
27
42
36
24
28
21
24
20
30
22
43
39
26
20
33
36
29
40
32
25
36
34
34
35
27
35
26
21
37
34
27
30
33
43
24
25
22
34
31
40
37
23
25
24
27
45
41
30
26
20
35
32
26
24
37
39
27
25
38
57
32
41
26
32
32
34
40
46
31
26
43
31
27
31
28
23
42
28
35
43
30
29
32
29
32
25
40
21
32
35
32
26
45
50
42
25
31
22
33
35
26
60
33
23
49
25
21
21
39
30
30
25
37
32
44
27
21
48
25
23
20
35
36
39
25
29
44
23
26
27
43
24
39
28
20
30
34
43
22
25
41
20
39
23
20
22
31
23
30
23
20
27
37
34
34
45
27
34
32
36
30
54
31
29
27
30
38
30
54
30
27
32
21
28
24
23
35
36
35
31
39
33
20
24
49
29
29
34
33
25
24
33
35
20
26
20
40
38
30
22
20
28
25
34
32
37
20
25
39
28
28
30
30
33
31
26
31
42
45
22
35
37
29
21
27
42
32
44
46
36
26
29
26
38
44
33
33
27
26
20
25
45
20
42
30
40
42
39
33
29
28
33
37
31
36
20
37
29
33
27
33
