26
26
31
22
34
47
31
38
29
33
32
35
46
46
39
55
29
42
27
35
25
55
34
20
36
43
39
29
44
44
43
25
34
30
31
35
27
34
24
58
24
46
40
42
39
44
30
50
35
34
24
37
27
44
30
34
33
28
25
32
31
29
38
40
29
22
38
37
39
24
35
48
39
36
25
23
31
38
44
21
33
44
21
25
39
20
23
24
59
38
20
38
39
20
38
40
20
29
33
32
28
32
35
30
34
27
20
32
44
34
46
40
34
51
20
41
26
38
32
40
22
30
43
50
47
26
48
50
33
21
33
35
31
37
44
29
38
25
39
38
24
34
38
48
37
28
41
37
39
33
34
24
28
22
40
29
36
40
31
24
32
45
35
25
24
50
40
52
54
22
42
46
27
31
29
45
31
60
37
41
34
40
45
21
32
20
31
35
37
32
32
45
22
42
33
46
48
32
42
37
32
27
51
40
58
48
33
44
55
27
31
42
55
20
25
29
26
37
46
38
49
24
35
36
23
44
39
53
42
44
39
38
42
33
21
38
33
20
42
51
37
50
21
26
32
37
49
30
23
34
26
22
46
40
58
27
29
35
32
46
53
29
31
36
55
31
26
24
34
45
38
38
34
29
36
40
30
48
35
43
40
32
22
32
20
57
36
33
32
