35
25
40
36
30
27
46
23
32
25
23
42
32
30
20
43
25
43
23
26
32
33
20
22
24
22
29
26
33
20
38
34
28
34
29
50
28
26
30
24
22
35
33
30
34
39
26
44
30
20
31
32
32
34
26
30
26
29
31
27
45
37
36
23
23
21
33
33
30
24
24
20
55
38
29
28
22
34
20
37
28
39
22
32
25
37
20
25
35
40
25
26
41
30
36
35
24
27
31
21
20
45
24
26
38
25
44
24
25
30
28
27
60
20
24
27
26
41
31
31
38
26
22
26
31
34
20
39
34
33
30
36
25
25
21
25
28
26
35
35
33
31
31
20
26
34
32
29
29
32
40
30
30
38
31
32
20
23
45
30
26
37
36
28
37
41
48
25
32
33
38
28
27
38
44
38
36
29
33
35
24
32
20
20
33
25
25
35
31
32
31
24
20
26
42
31
34
24
21
27
29
28
20
22
28
36
37
21
35
27
28
23
37
23
41
25
22
43
23
32
26
21
28
24
21
28
22
39
26
38
39
32
41
27
24
39
20
31
25
49
20
32
23
36
41
20
38
30
45
36
20
24
29
33
23
21
26
31
35
28
20
24
30
34
37
33
40
34
36
31
40
31
20
28
22
35
36
28
28
41
25
31
23
24
42
31
38
35
32
