34
23
32
43
35
20
31
21
27
23
29
33
24
20
34
39
34
43
27
29
47
26
20
22
37
26
26
39
28
44
31
20
27
30
30
35
32
60
27
23
29
36
44
43
37
29
31
27
41
32
24
35
46
21
27
23
27
28
20
36
22
29
22
24
28
35
25
41
47
38
49
33
47
35
38
24
34
31
30
51
27
20
31
45
36
47
42
37
25
34
20
21
40
21
27
38
35
35
29
42
31
39
22
25
38
44
44
20
31
25
44
22
32
37
29
31
26
39
39
29
39
27
31
20
39
36
27
48
25
24
25
27
37
34
32
42
25
27
31
29
40
24
31
42
22
25
28
26
38
27
31
20
34
37
24
40
22
26
31
20
33
40
29
25
33
22
28
45
34
22
30
28
24
29
23
29
38
21
20
40
40
36
40
31
29
32
33
33
37
44
42
40
32
26
37
26
41
22
37
49
33
49
31
22
23
32
26
20
43
24
21
35
32
35
40
44
36
50
26
21
35
32
30
30
22
35
45
41
28
30
28
40
27
26
26
30
34
32
23
21
34
30
29
25
35
42
26
30
29
27
20
52
34
34
45
30
35
26
34
34
25
39
52
34
31
40
37
32
31
35
36
32
31
43
25
33
31
26
36
32
31
23
28
40
25
21
40
22
31
