29
50
36
30
25
28
35
20
25
43
40
36
34
27
22
37
47
40
35
30
32
23
20
20
34
45
20
32
40
34
38
35
28
53
29
23
35
36
42
27
30
21
20
29
33
47
45
56
28
34
33
34
49
34
23
29
32
48
26
40
20
36
34
25
33
43
46
30
38
38
28
36
27
20
52
23
27
41
33
20
35
34
45
54
34
36
20
35
34
39
47
23
31
31
27
38
42
38
22
38
33
36
37
28
26
20
42
34
44
46
34
43
24
40
34
45
32
36
27
34
33
28
41
27
51
40
38
25
45
33
33
40
42
31
35
27
33
30
22
50
38
25
39
41
38
31
45
37
36
39
33
43
37
22
37
40
39
43
40
35
39
38
39
27
40
38
30
25
42
31
35
23
28
37
26
32
27
41
39
35
32
53
43
21
45
36
41
36
21
42
30
30
45
23
26
43
24
31
47
29
53
33
38
20
31
28
24
43
31
32
34
24
31
40
43
34
43
38
46
42
50
26
60
20
46
29
36
25
30
36
40
49
28
28
31
29
34
36
28
46
30
27
38
38
30
25
34
31
32
21
25
25
43
31
31
23
20
35
28
29
22
27
35
20
47
33
31
27
44
51
41
21
26
24
22
29
46
33
40
36
27
22
38
27
46
33
26
34
27
