37
30
21
33
24
23
20
35
38
28
20
34
20
33
23
29
31
24
27
31
34
32
28
24
37
20
20
38
31
46
33
22
30
27
39
29
30
23
21
29
22
32
31
31
20
25
27
32
30
31
22
26
37
27
35
35
29
28
22
42
32
30
41
32
32
28
24
21
32
22
30
34
26
45
31
41
22
25
32
24
35
32
30
41
24
27
34
32
23
22
39
23
22
28
21
36
35
31
27
35
38
23
20
28
29
26
25
45
47
24
35
41
24
27
23
25
23
20
39
34
29
28
33
26
30
34
27
41
38
32
20
29
35
31
30
20
35
28
30
38
31
30
32
37
29
24
30
31
23
22
34
38
34
28
20
35
21
41
34
21
24
39
33
36
27
39
32
29
30
36
28
23
41
22
32
43
33
27
26
36
28
24
35
23
39
29
26
37
28
28
21
22
27
30
40
29
20
20
29
28
27
30
23
36
28
39
30
28
32
29
30
24
27
29
41
60
37
37
25
46
36
30
26
38
32
29
29
30
34
21
25
47
33
34
35
26
25
24
35
21
33
30
32
25
33
28
38
44
30
20
26
36
26
30
29
39
37
34
35
37
20
34
37
31
32
38
22
30
26
22
27
25
23
26
43
45
26
30
28
40
27
30
32
21
27
24
36
42
20
