31
30
36
43
36
31
39
32
42
38
35
26
35
32
24
20
25
24
34
33
20
38
36
29
22
34
42
34
21
34
37
34
27
26
25
42
41
46
43
35
24
22
30
31
24
51
27
28
36
33
20
31
25
48
37
39
37
24
45
33
37
24
28
32
31
32
20
20
20
27
35
41
46
38
21
38
33
31
20
31
24
44
42
22
20
40
25
28
36
47
27
22
33
20
28
36
39
39
37
23
33
30
45
43
37
44
44
49
26
25
54
36
34
44
24
28
21
27
28
30
26
20
27
22
31
20
25
37
32
38
22
34
27
39
31
27
35
31
22
50
25
20
31
41
44
23
55
26
30
35
37
46
28
24
51
37
36
47
35
25
22
29
27
30
22
26
30
24
33
46
45
38
28
37
25
20
49
22
21
23
20
36
32
20
30
56
31
40
29
25
30
40
41
45
21
20
23
21
49
44
32
21
29
39
20
45
44
32
22
41
49
46
24
25
30
21
32
23
20
33
28
52
27
20
29
26
28
50
33
31
22
46
35
28
33
35
35
32
32
36
28
27
55
38
37
25
47
28
48
30
24
28
25
26
26
49
29
40
41
31
36
27
37
34
20
58
49
29
20
28
20
30
25
39
33
26
30
21
34
42
25
34
23
39
26
23
36
60
38
