32
28
36
24
33
35
39
36
32
20
38
30
40
36
47
48
26
34
32
30
31
47
42
23
47
37
28
30
35
49
45
35
28
57
35
33
42
33
52
39
42
21
25
20
39
21
20
34
30
53
34
21
47
27
46
24
31
24
33
33
21
35
44
40
26
34
29
26
25
33
28
40
38
25
47
40
25
41
33
46
27
27
40
25
24
28
24
60
28
30
47
27
41
27
20
31
39
33
24
23
21
31
20
33
46
32
21
43
39
29
37
32
31
45
34
24
22
39
20
20
44
47
51
29
28
23
27
37
34
51
20
33
29
33
27
34
40
37
35
20
20
42
38
20
20
35
51
28
28
43
21
35
36
30
33
39
36
22
42
20
56
20
22
38
20
24
44
27
35
27
37
26
27
38
33
37
35
35
28
24
28
45
26
28
25
21
42
30
44
42
27
33
20
37
35
37
25
32
48
29
23
22
38
36
20
39
25
51
25
47
38
27
32
27
29
30
23
44
40
34
43
53
20
36
23
48
27
34
29
37
26
28
41
30
26
53
48
43
20
29
39
29
33
28
20
28
25
29
35
36
30
53
45
42
32
38
42
26
21
53
20
20
20
38
20
33
23
25
46
23
45
28
35
34
36
28
42
27
41
20
29
28
39
20
39
24
46
46
36
