26
27
34
28
20
23
33
39
31
20
36
29
23
45
39
37
41
30
22
43
33
28
36
26
25
28
32
26
39
27
28
35
40
20
21
34
31
27
37
32
29
29
28
32
24
42
34
28
23
23
24
22
32
28
35
30
25
35
23
33
23
22
49
33
24
37
23
30
30
39
20
22
39
33
41
28
27
22
35
48
35
45
37
42
34
32
39
20
45
26
22
26
25
25
36
27
20
38
41
35
29
32
42
24
24
21
34
39
27
20
28
26
26
30
22
25
31
37
35
20
42
23
20
27
31
34
25
50
23
46
43
35
34
31
28
29
20
20
31
41
27
30
25
27
24
36
27
31
31
33
39
36
29
20
37
33
42
31
40
31
27
43
23
27
31
48
28
35
22
39
25
30
34
36
43
38
24
33
42
33
51
41
25
20
32
24
30
37
40
23
37
46
33
32
27
41
22
30
29
28
60
56
27
33
32
41
26
25
27
30
22
31
28
32
23
25
22
21
36
36
33
41
33
28
27
39
40
20
33
33
45
39
29
24
43
28
34
31
24
25
23
38
36
26
20
38
25
41
32
26
40
27
27
34
39
39
40
40
45
37
28
27
24
30
33
34
43
32
24
25
31
28
35
27
41
43
21
26
37
23
40
30
27
39
22
42
29
40
44
