39
33
38
34
37
20
31
39
30
23
31
25
37
33
29
31
25
43
29
23
27
26
23
30
26
41
29
28
26
34
30
25
35
47
33
33
25
45
29
44
22
38
42
35
27
32
28
46
21
33
29
33
39
42
29
34
20
46
25
28
43
34
22
42
23
27
25
22
22
44
37
20
29
29
32
30
27
43
40
38
43
20
35
27
21
30
22
30
28
40
44
21
22
20
50
31
34
35
41
34
43
28
47
37
24
23
24
20
22
30
24
50
33
41
51
33
40
46
41
41
39
33
47
28
33
22
22
30
27
40
20
27
34
22
45
32
32
29
32
26
31
46
27
28
30
60
40
20
50
32
33
26
34
37
27
33
26
30
40
25
50
34
28
32
35
34
36
33
28
30
34
30
37
25
25
49
27
40
38
33
24
30
34
25
26
29
35
39
24
41
40
42
34
34
27
26
28
31
34
47
30
36
38
38
32
26
25
29
50
26
20
39
26
46
33
35
36
20
32
33
30
31
24
30
31
41
27
39
39
24
42
44
27
20
44
41
38
41
47
29
22
30
30
26
47
34
32
44
45
21
39
32
26
32
46
32
48
23
29
30
27
40
41
31
43
32
41
53
20
52
22
26
38
22
27
27
31
22
36
26
39
30
31
26
22
33
29
31
34
