38
28
43
28
31
32
25
33
28
25
34
23
23
28
26
28
24
31
25
20
20
33
50
30
33
31
28
24
35
26
32
20
30
36
22
35
21
25
30
31
32
31
33
34
36
25
22
20
45
21
28
32
28
31
25
34
30
40
29
27
20
35
28
24
28
27
30
39
28
29
30
33
60
35
26
27
32
29
20
28
20
27
24
24
23
27
24
33
32
26
27
23
27
30
23
27
28
38
23
20
47
38
44
33
27
30
33
25
22
32
20
36
22
28
29
20
23
25
25
28
32
22
25
32
24
35
38
36
36
26
34
41
28
22
20
20
34
27
30
40
32
35
32
22
31
26
33
31
36
21
24
45
42
31
37
32
30
40
20
22
25
20
29
35
25
22
20
36
39
33
35
26
22
32
30
20
30
25
28
24
35
20
30
35
28
20
28
33
33
28
21
20
32
22
33
31
21
36
25
34
25
25
31
25
27
41
20
27
26
31
22
28
37
20
22
46
43
28
31
33
20
31
33
20
27
39
22
37
29
20
27
31
22
31
31
30
27
42
37
26
33
25
35
23
36
23
21
31
20
31
40
30
36
36
24
20
33
37
35
37
28
33
30
34
20
32
49
26
26
20
27
24
31
21
39
32
26
29
35
31
28
21
24
35
32
24
42
36
31
