30
33
20
38
37
20
41
33
41
20
30
26
33
35
34
36
27
27
26
22
45
33
33
40
20
37
28
38
35
27
38
57
20
31
45
46
36
45
20
25
35
38
32
20
32
30
39
42
39
20
30
46
22
34
41
47
40
21
36
32
36
39
21
42
22
40
31
54
31
38
39
39
40
21
41
38
32
20
40
31
37
39
33
37
22
45
32
47
23
37
33
22
40
25
36
20
30
60
39
42
37
47
29
39
37
25
23
32
30
32
38
54
39
33
37
30
23
43
28
32
23
40
38
40
50
44
20
27
20
25
45
21
44
25
41
45
31
26
46
20
38
26
32
28
42
25
43
35
30
34
44
20
21
33
26
30
30
43
45
21
34
29
26
42
34
40
27
42
34
27
28
39
31
26
44
20
51
54
35
42
34
20
31
47
42
22
26
43
31
20
21
31
35
33
38
49
41
27
32
24
34
49
20
39
32
45
28
48
34
38
20
21
37
33
28
30
34
33
44
23
33
20
40
27
43
43
20
26
31
35
25
34
50
25
25
46
40
40
30
54
30
37
23
20
47
27
20
20
20
33
27
31
31
24
30
52
38
38
29
23
27
20
26
35
37
20
28
26
29
36
37
38
46
33
20
46
38
20
33
28
25
30
33
33
21
29
22
29
21
