20
53
43
25
41
28
22
52
22
30
31
36
21
30
21
38
28
32
45
32
47
29
23
27
44
52
24
26
27
36
31
26
31
43
37
20
23
27
26
20
39
37
26
42
21
27
34
20
41
27
21
23
30
37
40
28
48
22
21
30
43
41
44
35
28
33
26
44
33
38
36
48
46
40
37
41
38
25
31
34
22
21
21
45
24
40
36
35
20
20
45
20
25
27
28
39
28
27
37
29
32
23
36
24
20
32
49
35
27
40
24
31
27
31
31
32
44
35
41
25
23
47
38
33
29
28
24
46
41
30
28
20
49
60
45
37
27
25
30
24
22
22
32
30
36
43
44
28
34
46
39
37
42
49
30
38
30
41
20
25
45
51
29
27
39
44
48
33
42
49
32
30
24
34
40
39
26
28
24
45
49
26
40
53
33
30
45
27
39
27
48
25
38
27
33
28
21
24
34
46
20
46
36
43
35
37
24
48
33
35
39
25
47
38
47
30
36
38
55
28
42
52
23
34
27
39
28
35
37
33
36
34
30
27
30
33
31
32
39
38
26
58
34
49
31
52
39
54
50
51
42
35
30
34
27
36
20
33
23
41
35
36
31
32
26
25
20
20
29
40
30
20
33
43
33
33
28
35
20
33
37
50
28
41
38
23
37
38
26
