31
41
49
27
35
33
28
33
39
47
35
41
34
20
38
28
25
36
41
36
27
20
32
43
34
28
35
25
43
22
23
46
36
25
27
28
34
34
20
36
28
26
27
20
30
42
35
36
38
41
45
32
32
24
41
20
20
20
35
31
24
40
31
38
27
26
37
20
23
37
20
33
38
40
47
48
26
27
33
33
29
29
33
29
30
34
40
21
20
23
24
26
22
29
29
39
20
28
23
31
20
41
33
46
53
41
50
41
35
37
35
37
40
22
26
30
40
32
37
29
46
49
50
24
21
29
25
32
35
28
32
49
37
25
25
29
33
20
38
29
36
32
37
34
38
22
35
33
32
36
40
40
28
30
29
29
33
49
29
26
39
20
24
30
33
38
20
38
30
40
20
27
20
38
27
25
33
26
37
24
22
31
36
37
27
40
36
35
32
31
20
41
22
33
34
23
45
20
30
20
60
28
36
49
41
20
25
25
36
33
23
26
37
53
36
24
31
25
41
32
44
25
32
41
24
36
41
37
33
39
46
37
33
31
21
31
28
32
24
36
42
38
49
34
37
24
20
33
34
24
26
30
33
24
29
41
32
35
21
33
32
24
34
24
22
31
33
29
48
47
40
23
34
30
41
20
31
36
37
30
29
36
34
22
21
33
37
33
33
