44
48
36
45
34
31
26
40
36
36
28
53
30
49
35
49
28
43
28
34
49
27
26
23
31
35
46
40
34
35
33
31
33
51
20
34
42
41
20
28
50
26
38
24
45
46
26
39
20
32
36
35
25
39
46
27
37
25
41
22
42
33
26
28
22
20
33
46
28
44
34
20
22
41
40
25
34
29
32
44
48
30
50
25
44
20
42
35
36
27
20
45
43
26
36
46
50
45
32
39
43
20
32
27
35
39
23
28
39
22
34
26
57
40
27
25
24
39
20
43
32
28
41
52
44
42
35
52
28
20
51
24
40
24
29
29
43
35
31
36
20
34
38
30
38
27
50
38
23
34
45
38
53
34
23
20
35
36
26
24
37
42
38
20
40
52
41
40
30
47
43
22
20
35
30
29
51
37
49
47
35
26
39
34
43
22
34
20
28
31
30
25
30
30
22
48
32
58
39
45
34
41
35
47
38
50
27
44
21
41
29
21
30
34
46
30
23
29
35
43
40
50
38
52
21
27
25
37
33
38
23
22
34
40
36
36
34
38
43
33
42
35
35
48
38
32
37
35
43
39
40
32
43
24
29
26
50
32
38
34
43
41
46
21
33
60
49
24
26
30
32
35
45
20
42
38
26
26
58
32
41
29
28
30
52
42
27
46
34
