43
37
33
27
28
31
24
30
42
41
20
28
28
33
41
39
35
24
33
32
31
32
26
42
42
32
36
30
26
42
23
28
23
29
43
27
22
41
39
28
45
31
24
32
24
20
33
32
34
43
35
47
29
27
25
31
41
34
26
26
26
43
25
35
34
22
24
47
28
41
31
44
39
30
31
21
40
28
53
38
33
27
40
31
30
37
48
52
33
34
41
27
43
42
25
40
30
25
22
41
32
25
40
43
26
47
28
25
27
41
35
34
31
20
33
49
29
38
34
27
37
34
32
31
35
38
20
28
28
33
25
29
42
22
38
44
37
35
29
26
25
26
23
33
31
43
32
23
43
27
27
21
40
20
39
29
23
36
42
37
32
33
25
26
32
32
43
35
24
39
22
28
40
25
50
49
28
26
32
28
20
33
50
31
49
29
34
47
23
29
25
45
20
35
27
41
32
35
44
33
27
20
27
25
27
21
30
20
32
29
40
35
41
42
23
25
26
29
43
55
35
28
42
27
24
29
29
34
32
43
30
36
34
21
47
45
20
20
20
46
41
25
30
21
37
34
40
40
35
20
20
23
37
45
43
32
22
34
41
20
28
33
35
31
25
48
29
27
60
30
32
31
27
53
22
36
47
38
25
21
25
23
22
25
29
34
36
21
28
