20
29
39
20
38
29
29
21
30
23
33
31
26
28
40
27
29
30
23
38
21
24
30
26
26
31
22
33
23
27
30
36
26
33
24
21
20
39
20
21
24
27
39
21
26
26
26
34
34
33
31
22
41
31
20
23
41
43
23
30
49
30
40
33
28
38
29
24
32
25
29
24
26
45
47
45
29
48
20
20
41
32
29
42
35
39
33
24
40
33
30
37
30
38
20
35
28
33
33
27
33
31
33
40
28
38
25
41
21
20
23
38
25
32
38
47
31
20
21
35
37
32
25
28
37
32
37
47
24
27
20
40
27
20
35
22
36
35
21
31
31
29
29
30
38
47
32
39
24
27
31
40
36
29
26
29
35
25
41
21
41
33
40
41
23
22
20
35
39
41
42
30
37
43
21
27
41
38
32
42
40
50
25
30
35
20
39
41
24
28
20
32
48
30
23
37
42
42
27
32
26
49
35
24
51
20
37
40
30
31
40
22
36
31
20
33
36
20
31
25
33
33
22
22
35
29
39
41
31
30
27
41
30
25
41
28
33
33
46
46
20
34
38
22
39
41
23
35
35
60
26
20
30
26
27
36
35
33
20
36
24
35
30
49
34
37
45
49
29
34
43
26
28
39
35
44
20
29
29
20
22
27
29
31
21
32
35
38
44
