24
33
31
22
33
28
34
44
32
33
25
33
23
20
31
32
20
20
34
20
29
28
35
34
32
33
31
20
48
33
25
39
25
25
20
39
26
29
42
27
22
44
23
27
24
34
48
30
29
30
52
37
30
29
31
36
47
36
46
36
37
47
22
30
30
27
29
46
35
26
49
26
27
24
20
30
54
32
29
20
31
32
22
38
28
39
47
26
33
20
45
36
33
42
44
30
32
33
45
41
32
37
22
32
34
46
20
48
39
20
22
42
27
35
44
35
31
37
32
31
47
21
29
22
37
23
35
28
25
31
24
30
29
39
25
30
42
35
50
40
35
47
24
39
31
44
33
39
32
32
26
38
24
20
25
29
39
36
27
28
25
45
21
34
23
35
44
33
29
30
47
34
33
21
43
20
50
24
20
30
34
20
43
30
42
21
21
40
33
33
20
32
29
32
38
27
27
26
27
37
39
42
27
37
58
29
47
34
37
37
44
40
41
34
32
29
37
51
60
33
29
29
32
22
28
31
24
42
38
32
42
41
41
24
24
29
57
38
25
31
34
33
31
21
52
45
38
43
35
28
35
27
20
25
41
46
33
20
33
31
42
31
20
44
23
23
31
44
31
20
43
30
30
29
29
30
48
28
47
37
41
44
38
29
30
53
32
31
36
