51
32
30
30
45
24
29
20
33
32
32
25
33
50
25
30
33
29
25
41
22
25
26
31
31
36
36
41
38
28
22
33
38
33
27
35
42
20
31
38
42
25
20
25
26
30
24
40
32
37
26
20
43
36
43
37
36
23
29
27
39
37
29
26
29
25
29
27
24
34
37
31
31
46
26
43
30
33
22
35
42
29
34
35
22
46
27
24
43
24
38
30
34
44
37
41
47
45
35
20
31
25
38
36
27
38
20
26
32
23
20
30
28
20
37
37
26
29
41
23
43
30
37
20
23
26
39
33
31
43
20
26
38
41
20
29
32
21
23
28
27
39
32
22
27
37
40
37
20
29
26
35
36
35
38
22
20
45
26
30
40
29
26
40
25
26
30
38
30
43
26
26
45
24
35
42
47
20
27
24
39
22
42
33
33
33
42
51
48
24
27
28
24
32
32
34
43
50
32
24
36
44
22
42
34
24
20
30
20
42
37
21
33
42
26
40
29
33
29
24
33
28
25
35
26
46
20
34
21
41
20
35
20
34
24
55
45
39
34
29
22
25
34
25
24
22
31
20
29
34
31
41
34
23
42
46
34
28
22
46
26
35
37
30
24
48
29
60
36
24
37
43
35
32
21
24
35
38
40
33
30
20
29
36
20
33
32
24
36
