30
48
26
34
30
25
37
31
49
36
48
46
20
44
26
21
40
26
42
34
55
26
20
31
37
20
36
45
25
36
33
37
35
29
24
44
41
35
27
20
34
35
33
33
48
31
20
22
34
31
32
43
34
34
26
27
36
26
32
42
44
32
46
26
26
45
31
31
53
27
21
59
20
32
56
39
20
20
24
40
28
33
34
28
31
23
38
21
27
40
20
26
25
26
57
31
36
27
45
57
36
39
50
40
36
30
22
26
41
20
40
30
27
36
25
23
25
20
28
30
36
29
36
58
42
40
38
39
20
31
29
44
51
25
34
20
31
40
27
35
44
20
23
39
29
36
35
28
53
20
25
28
31
54
20
33
38
28
38
27
48
51
44
42
30
28
29
37
20
37
45
38
40
29
32
46
42
29
31
32
32
39
26
26
29
25
23
49
36
22
49
35
42
33
60
35
43
40
49
28
39
25
40
21
37
30
46
45
43
31
24
30
20
41
48
37
31
29
30
54
42
24
43
20
26
34
24
49
38
25
40
35
25
31
23
36
24
20
47
28
31
30
29
20
29
44
48
36
21
40
23
33
27
39
47
36
30
44
33
31
40
40
34
21
42
43
29
26
20
43
26
42
41
41
45
20
36
30
40
31
21
33
36
38
28
39
37
29
30
