42
26
33
31
34
36
36
35
30
38
39
40
31
27
29
32
27
28
34
39
23
47
30
28
26
35
27
26
22
29
27
32
38
30
38
45
60
34
36
22
22
39
34
26
31
38
31
33
34
40
34
24
26
33
30
27
44
27
30
26
26
28
32
25
33
22
30
31
34
24
39
30
24
22
39
20
41
30
20
39
37
22
27
31
34
32
35
29
34
29
27
38
30
27
29
20
29
38
42
30
23
25
39
37
27
30
24
31
31
38
20
35
27
26
21
28
33
25
45
41
24
35
44
29
20
37
37
34
29
25
31
29
48
34
38
20
26
21
30
30
24
36
30
26
32
25
27
29
32
36
20
34
29
29
27
35
40
30
35
29
35
24
25
27
44
35
28
30
29
20
33
29
35
44
25
30
36
39
33
34
24
31
20
30
38
23
32
38
21
20
32
27
28
24
45
23
26
32
27
27
25
44
22
26
39
23
26
28
33
32
34
26
25
20
32
23
40
28
26
45
29
33
27
41
29
41
38
20
33
33
30
27
37
22
21
31
34
28
37
37
20
24
29
29
32
37
28
25
23
34
22
20
21
20
33
27
28
35
38
30
33
26
34
36
34
32
22
33
21
30
22
23
32
24
36
25
32
23
27
26
31
20
23
35
22
39
33
29
27
