29
33
26
32
21
29
32
26
24
24
30
26
46
33
43
26
39
23
28
24
27
31
34
27
34
35
38
32
37
37
29
31
23
41
51
41
35
26
20
42
28
31
33
36
43
26
28
20
43
38
23
27
41
27
38
20
32
53
30
24
41
48
27
41
25
29
33
41
31
31
38
26
26
24
34
31
27
33
40
35
50
29
27
39
38
24
27
38
24
38
36
31
43
29
26
25
26
30
20
32
51
24
46
35
29
23
25
22
36
25
23
20
22
37
22
31
34
34
39
24
27
31
25
29
31
41
23
20
20
49
31
32
38
40
34
26
36
32
34
22
28
20
33
32
31
23
43
32
29
34
30
31
43
20
20
23
46
30
25
26
27
29
28
32
32
26
24
28
37
25
36
38
46
60
27
32
42
30
32
36
20
31
21
33
27
21
25
26
30
29
46
45
36
47
25
43
27
38
20
39
25
35
37
27
24
26
21
40
29
20
28
26
25
24
36
51
23
26
25
28
44
28
44
20
29
46
32
26
26
32
29
39
30
20
24
24
23
25
20
33
29
24
22
31
26
37
20
35
50
29
24
28
24
24
37
31
44
33
31
42
26
27
39
38
45
32
35
27
30
25
29
37
32
47
31
28
21
20
28
33
31
24
46
28
25
28
23
39
51
