29
22
28
27
20
31
42
36
32
40
31
33
21
53
20
28
32
25
20
26
47
23
20
23
44
50
36
46
35
25
38
34
27
30
35
20
39
43
33
60
38
30
28
32
21
31
33
32
38
27
36
20
45
43
24
42
26
20
30
31
29
33
27
33
24
45
44
42
25
26
24
24
32
26
39
28
25
26
31
41
36
33
30
44
25
34
38
27
39
32
25
30
25
25
22
21
33
37
40
40
24
20
40
30
32
23
38
20
28
26
27
32
40
29
30
24
33
32
22
28
27
39
31
31
52
24
28
20
32
40
46
38
20
29
25
30
49
25
26
22
25
24
35
40
34
33
27
41
28
26
24
33
33
54
42
43
33
35
47
42
35
27
29
32
37
42
22
23
40
26
45
29
36
36
20
35
46
31
40
49
33
29
25
37
31
50
30
41
28
36
30
37
48
43
32
39
20
20
31
26
45
33
40
43
20
31
26
34
37
34
41
20
43
43
36
44
40
20
26
27
33
35
42
39
31
25
30
36
34
23
30
34
32
32
37
41
32
31
38
48
39
33
20
42
42
22
39
31
40
41
31
32
42
33
22
26
45
22
40
27
32
26
39
28
23
37
27
35
39
33
34
35
20
30
20
33
28
30
20
30
39
30
35
39
36
21
33
49
48
