44
24
30
34
25
33
20
33
37
53
32
42
33
29
42
43
34
36
45
34
32
22
54
52
33
33
38
27
26
34
33
36
38
39
20
22
20
54
49
43
26
47
28
32
49
28
43
40
47
36
32
37
39
48
43
36
29
26
42
27
41
53
33
57
47
29
44
50
42
42
43
32
37
22
51
28
32
33
51
45
34
29
35
20
33
43
28
34
27
20
21
26
46
42
32
49
36
20
29
20
30
25
27
43
29
29
20
24
38
32
58
33
43
44
42
35
31
32
31
45
28
36
26
33
45
38
48
48
32
20
25
32
27
26
25
26
48
20
46
21
38
24
58
35
38
20
33
35
53
56
38
28
21
28
25
28
45
20
54
41
34
38
20
29
32
53
32
46
36
37
32
41
46
27
43
38
20
29
52
20
22
34
39
25
31
34
40
29
29
31
42
20
36
20
32
30
29
27
59
32
57
36
28
27
42
42
33
22
25
60
44
20
56
40
29
31
27
39
30
32
32
48
33
40
43
46
56
38
37
34
40
50
22
45
42
53
34
34
30
44
30
49
32
22
42
29
44
25
24
54
22
41
46
20
20
44
49
52
36
38
45
38
45
25
33
32
33
34
46
42
31
52
42
56
47
23
34
20
25
45
33
46
42
53
43
44
48
37
30
