27
21
34
43
29
37
22
48
26
25
35
52
26
36
24
48
26
23
50
30
34
41
39
37
30
47
51
25
33
20
32
26
20
47
35
33
29
27
22
38
25
30
25
33
23
47
33
24
30
25
26
60
24
36
34
25
33
35
30
35
38
27
24
20
26
21
33
24
20
21
35
31
37
29
29
30
37
31
35
30
31
25
36
29
39
40
46
20
41
37
45
39
23
29
20
30
29
27
31
36
29
21
21
24
31
52
33
47
26
28
20
41
38
21
29
37
32
48
21
37
32
32
49
38
37
29
27
37
41
29
34
46
35
40
21
41
33
31
25
34
41
20
41
45
23
33
44
26
38
32
32
33
30
37
28
37
31
30
30
30
38
28
35
35
42
26
30
32
20
33
27
36
25
24
29
35
20
30
30
49
30
38
30
32
32
38
22
35
45
22
23
30
36
35
21
34
23
39
36
38
20
27
33
37
20
43
34
35
35
30
20
38
36
32
34
24
41
35
28
30
39
54
25
29
48
22
28
37
38
29
52
37
22
30
30
32
45
43
26
46
41
28
22
26
35
39
20
25
29
44
29
35
30
27
48
28
42
35
27
28
23
30
28
32
37
30
32
39
27
33
39
22
37
33
33
27
35
27
46
33
42
35
27
44
34
20
36
22
23
