31
25
25
44
28
52
37
25
33
36
29
26
25
42
34
26
27
32
27
20
22
40
22
35
46
48
29
58
43
20
31
40
37
20
38
32
29
32
23
41
34
24
34
35
21
51
30
30
23
46
34
34
32
41
40
33
28
25
31
27
38
23
26
24
29
24
42
34
34
38
25
27
20
43
20
35
44
21
25
32
46
21
20
45
22
28
35
27
28
38
60
29
38
27
32
38
48
23
26
25
39
37
38
39
32
26
31
38
20
38
45
23
40
39
39
34
33
33
26
44
24
26
24
42
21
35
24
30
29
27
37
24
35
42
43
42
30
25
23
20
27
27
34
26
23
37
31
20
47
27
31
24
27
46
28
31
39
28
31
27
43
35
31
25
59
29
45
39
29
24
43
26
21
37
35
21
35
20
38
50
21
51
29
24
33
37
43
38
24
24
32
24
41
27
20
32
39
20
49
40
38
35
26
28
40
30
22
39
21
36
27
38
34
20
32
28
38
27
22
27
29
40
27
29
25
37
27
23
46
37
21
26
29
36
39
29
33
24
31
41
31
37
24
20
26
33
33
36
34
20
45
27
35
26
38
47
34
21
54
25
32
48
35
48
25
26
25
31
38
45
33
20
31
36
41
37
23
38
30
26
37
35
30
28
31
22
33
31
28
