47
21
39
20
32
37
35
25
21
23
37
30
20
47
22
20
25
39
30
20
20
47
25
20
33
32
28
21
21
31
35
36
37
24
41
25
32
41
37
28
38
52
32
33
24
33
24
25
26
25
35
28
34
20
25
32
28
29
26
28
30
29
33
24
20
39
30
42
28
21
20
33
42
32
39
31
28
60
22
29
49
29
33
31
28
28
26
32
21
30
32
36
40
34
35
33
26
50
51
20
50
31
26
31
28
25
30
30
33
30
47
33
29
25
44
25
35
33
20
28
34
20
32
35
27
35
23
29
28
30
31
35
24
29
21
38
40
28
26
41
37
48
24
37
20
37
27
35
21
27
28
30
32
41
27
35
22
26
23
33
32
36
32
37
25
23
25
24
29
25
35
47
32
27
41
20
28
22
35
29
25
30
39
33
46
48
26
27
36
24
20
52
20
41
30
33
41
38
23
28
40
37
32
27
20
41
21
25
28
29
23
39
48
33
36
51
42
32
37
44
32
38
25
28
27
37
20
45
24
42
21
25
30
44
35
31
28
28
27
22
36
38
29
20
27
35
31
30
29
25
20
37
34
29
35
29
37
24
47
41
21
34
32
36
23
32
49
34
53
22
23
34
30
33
21
21
47
20
50
36
39
24
20
51
20
28
45
28
35
