25
35
26
26
33
44
29
29
28
60
28
53
36
39
29
20
21
50
41
29
24
26
29
23
20
22
32
52
37
25
47
35
24
33
25
39
20
39
35
35
36
32
32
36
30
34
45
27
48
37
38
34
30
26
38
48
50
32
26
33
39
52
25
29
34
44
34
51
35
30
38
47
29
39
33
22
24
36
33
26
38
37
33
54
23
25
35
31
41
36
40
20
28
35
32
38
23
43
21
28
34
25
31
25
35
33
30
38
23
25
45
38
25
30
32
49
30
30
35
37
44
35
36
37
30
40
20
39
25
40
35
30
25
26
35
30
33
24
44
25
43
30
29
24
27
29
53
39
30
34
29
41
35
35
36
32
45
20
30
31
40
27
46
26
24
38
27
34
22
22
38
30
36
32
35
39
21
24
36
24
33
38
20
34
28
47
47
26
20
32
27
33
42
41
34
25
27
38
26
31
28
28
32
29
20
37
27
30
23
46
22
22
22
31
32
25
23
27
28
37
26
30
41
28
30
27
37
24
36
34
31
23
43
34
22
22
35
35
31
22
29
39
25
53
30
36
31
30
32
33
25
45
20
24
23
42
39
22
36
27
41
35
30
23
27
36
49
30
33
48
52
50
39
46
32
29
24
30
28
25
27
27
49
28
42
26
25
20
20
