21
20
36
20
44
27
24
20
33
46
35
20
33
34
31
27
32
27
34
26
23
21
35
41
29
31
23
27
20
24
22
44
41
29
36
41
35
41
32
27
24
29
37
36
20
35
34
28
32
33
36
32
36
22
20
31
34
33
32
37
28
25
34
38
21
24
32
21
30
31
42
39
42
39
32
20
20
45
20
25
37
28
29
37
21
26
24
33
20
29
28
26
52
25
27
31
37
34
20
24
34
43
30
20
38
27
30
20
22
28
37
23
26
24
27
38
32
32
44
27
33
29
22
34
22
28
33
36
27
42
29
49
30
26
44
39
32
29
33
43
26
32
22
26
35
36
29
21
28
20
46
38
33
30
22
35
34
35
37
28
36
41
40
32
47
27
29
23
29
26
40
35
60
42
30
26
37
41
28
35
36
28
23
22
38
26
20
31
39
22
27
32
26
27
29
33
31
28
42
31
35
31
31
32
29
28
23
37
22
28
29
46
21
21
34
28
21
29
29
45
36
36
26
29
31
32
36
49
35
35
30
24
20
40
24
41
35
35
22
34
30
42
29
39
30
21
31
26
51
28
21
29
45
24
20
35
31
42
20
37
43
52
25
36
34
29
31
43
24
30
36
30
38
31
22
42
25
28
29
29
26
31
30
36
39
32
38
35
30
