20
31
37
60
37
28
32
34
24
20
27
24
27
39
37
42
31
42
27
49
25
36
27
42
35
33
37
26
23
46
27
23
23
32
32
27
28
31
32
33
55
24
40
32
35
25
35
41
30
33
24
26
34
39
34
34
32
27
47
35
38
28
39
41
41
28
26
53
38
39
36
42
21
38
34
32
57
44
53
31
34
46
43
27
47
36
36
25
30
39
41
20
39
38
36
24
37
35
31
20
20
49
29
26
29
26
28
37
26
47
29
23
28
22
33
20
35
50
20
41
22
49
31
47
37
35
29
36
27
34
20
47
28
20
27
32
38
20
39
34
43
36
33
56
30
42
48
28
25
32
26
39
28
42
35
29
25
40
30
25
30
36
34
36
26
40
37
20
30
52
22
22
40
40
20
26
26
20
28
42
29
31
36
29
43
40
26
27
44
23
30
34
42
26
29
35
37
26
28
22
38
20
49
20
32
36
34
59
20
34
41
37
33
32
35
28
20
48
32
33
22
26
40
34
51
30
43
25
26
35
42
45
32
33
42
41
50
56
45
36
26
20
45
33
27
50
37
32
27
37
32
45
28
30
25
43
35
42
47
20
20
37
38
30
22
25
30
23
39
30
26
32
41
30
26
51
36
44
27
55
30
41
30
24
30
34
39
46
36
