20
43
41
42
30
25
20
28
39
25
43
24
22
20
22
21
29
36
29
29
50
49
36
33
34
27
34
37
37
27
34
32
45
30
23
39
44
28
33
28
34
36
35
32
23
29
33
45
23
34
29
24
27
34
54
30
30
40
33
42
34
35
49
27
37
25
33
29
26
38
36
39
20
49
46
37
37
36
31
34
39
49
26
34
48
38
20
31
38
24
35
35
39
38
23
32
36
28
42
42
57
36
25
25
20
24
39
35
32
34
35
23
32
39
20
20
26
43
34
41
25
26
28
42
35
31
36
21
51
27
34
26
24
42
29
39
20
38
27
20
20
23
37
23
44
31
26
36
33
45
24
37
37
39
36
25
32
20
23
39
28
44
26
42
20
39
26
20
37
26
31
30
38
29
34
37
33
27
55
46
32
42
25
20
33
36
44
58
32
46
34
32
35
35
31
41
33
44
49
56
28
48
25
35
23
27
27
37
20
54
33
30
39
59
40
44
20
30
48
30
34
46
39
34
45
21
42
30
25
57
44
39
43
59
36
49
47
32
22
39
26
29
30
38
59
42
20
28
42
42
20
29
29
41
60
21
39
20
53
31
32
32
29
23
25
51
34
33
28
36
36
20
38
37
30
20
20
31
36
35
58
33
40
44
30
36
34
52
20
