29
28
33
38
28
42
26
20
28
37
42
31
30
24
34
54
35
33
30
34
27
29
35
32
33
26
24
28
41
32
31
25
27
23
35
31
48
29
20
22
39
24
22
43
36
30
27
29
38
27
40
23
42
27
33
42
26
33
25
26
27
25
31
29
38
39
38
20
31
37
52
20
33
22
24
30
31
33
26
31
23
27
34
28
25
25
36
20
27
33
27
26
33
20
21
37
20
55
30
20
35
35
40
28
29
40
26
52
20
32
31
32
29
23
21
31
27
25
25
23
20
24
28
26
23
52
20
30
32
28
26
38
26
33
35
46
45
33
27
21
22
37
26
28
24
33
42
32
31
28
28
29
54
25
24
33
33
30
41
36
32
20
26
20
32
24
22
32
24
30
39
29
37
20
28
25
31
20
24
33
29
21
60
32
31
22
28
36
34
26
33
20
24
33
28
30
35
31
37
43
20
32
22
40
25
27
25
32
27
30
35
22
35
32
27
35
24
32
47
33
24
41
31
26
32
22
56
31
33
41
37
25
26
27
39
48
31
31
32
28
30
29
37
20
40
37
25
29
29
20
40
36
40
22
26
28
42
23
21
34
32
26
31
29
32
45
32
42
34
20
33
31
34
20
38
20
46
31
36
27
20
33
31
29
32
24
41
28
32
