34
21
29
25
26
30
20
27
33
26
29
25
26
22
25
28
28
28
30
30
25
35
35
35
26
28
27
23
23
27
34
28
26
33
21
39
46
29
31
32
40
37
30
35
29
41
31
25
25
33
34
26
40
27
28
25
20
36
32
32
28
40
30
22
21
22
31
32
35
30
20
23
37
26
32
22
31
22
36
20
36
26
31
22
27
36
30
27
29
22
23
24
38
20
30
36
25
25
20
24
40
36
20
29
27
20
35
25
23
37
24
30
32
20
23
25
34
28
20
25
25
32
43
42
22
31
33
38
44
29
20
28
29
39
25
23
29
31
26
41
30
36
28
41
24
27
29
34
25
24
23
31
28
24
34
47
20
35
38
20
25
27
38
20
60
21
29
30
29
25
22
34
29
20
31
27
25
31
26
38
25
38
30
20
40
20
20
21
26
30
37
21
42
28
27
26
33
31
30
40
32
33
28
20
27
36
22
30
23
43
29
26
31
29
23
21
29
27
25
33
36
23
32
28
38
34
28
31
27
25
20
32
25
35
25
26
38
23
26
30
30
27
28
24
44
26
30
27
30
31
22
24
26
26
20
20
24
35
33
33
34
24
35
34
26
31
27
35
29
29
21
36
35
20
35
28
20
23
26
22
20
42
20
20
28
33
27
20
29
