27
31
49
44
29
50
20
22
28
28
20
37
36
37
31
35
41
38
32
42
37
29
31
28
30
33
35
30
35
34
40
26
41
20
31
40
22
34
25
23
22
25
60
26
25
20
22
41
31
30
29
47
35
31
34
23
26
32
42
20
23
43
33
27
39
29
39
36
28
27
24
39
24
28
45
23
29
41
49
30
24
44
39
35
22
37
42
38
26
44
41
38
32
40
27
29
41
33
27
35
40
28
38
38
28
23
31
37
24
28
39
29
34
23
48
41
20
33
35
43
35
30
21
35
32
38
33
41
32
20
37
51
25
30
23
46
23
26
40
50
45
46
30
20
40
29
34
45
32
36
24
35
44
35
21
26
20
43
33
25
24
21
23
28
33
39
49
42
32
27
27
24
23
38
20
30
24
33
26
29
21
47
21
53
33
37
26
22
22
39
48
28
25
27
37
37
48
29
34
22
36
31
55
44
25
26
35
32
25
20
28
44
22
45
28
20
29
30
36
27
30
46
27
23
50
37
27
40
27
50
25
24
41
46
30
36
42
39
32
33
36
38
20
20
24
36
46
30
33
26
41
39
36
31
34
26
20
23
56
39
30
37
35
25
39
43
23
29
20
20
43
31
20
35
24
35
23
20
44
46
20
52
30
27
46
32
38
34
42
