34
20
28
29
33
41
29
49
27
30
37
29
47
57
35
40
44
25
23
29
34
20
23
37
25
36
22
30
41
31
44
25
37
32
36
33
23
33
41
28
23
49
56
49
26
46
37
22
44
33
48
38
41
39
45
38
34
26
51
58
52
37
20
36
37
26
28
51
23
21
22
34
33
28
28
35
25
21
32
58
50
30
47
33
31
28
29
33
51
32
47
33
22
21
45
26
41
44
38
34
37
33
34
31
41
36
20
50
39
46
42
48
39
35
47
44
21
37
35
46
27
44
29
41
43
35
30
20
31
22
47
29
21
29
45
25
26
20
30
22
27
41
34
31
40
31
27
51
29
32
23
29
45
33
20
20
29
36
24
31
42
59
22
42
43
34
45
32
48
23
37
30
33
41
21
39
34
28
20
20
37
26
36
34
28
22
42
38
25
40
26
31
34
33
47
29
39
49
30
22
29
42
36
41
23
29
20
39
31
45
31
33
42
21
28
40
44
51
36
28
32
36
21
34
29
24
31
47
40
46
31
42
35
32
33
32
31
40
25
58
30
51
22
33
41
40
42
27
21
45
45
46
43
46
36
47
21
36
30
51
60
42
47
31
33
25
29
48
20
43
20
21
32
46
21
49
36
35
37
32
23
50
50
33
35
39
25
39
37
