32
39
34
39
39
27
27
46
26
39
42
40
40
41
26
26
31
27
24
36
27
42
29
23
32
29
36
43
38
46
42
44
29
58
31
35
45
45
47
34
38
50
44
43
44
54
34
25
28
20
22
32
35
21
35
26
26
30
23
20
38
20
44
22
33
20
34
35
35
35
37
36
53
34
39
48
35
48
35
35
22
30
31
26
44
37
21
30
36
43
25
30
32
20
31
54
45
39
38
53
40
26
37
23
25
41
32
48
38
46
23
27
26
22
26
31
45
36
43
54
50
24
23
34
20
31
42
42
20
40
34
51
20
28
43
38
33
50
31
44
40
42
29
39
42
36
44
36
25
29
52
33
43
28
34
22
21
30
52
21
30
40
35
42
28
37
32
21
35
21
38
38
39
22
31
25
40
20
29
29
49
37
32
33
41
56
43
32
31
38
37
20
28
22
21
38
26
40
35
43
28
26
41
37
36
35
34
33
20
41
21
53
31
40
25
49
20
28
24
57
46
39
39
49
22
22
33
23
27
48
46
39
36
32
35
28
31
20
38
36
39
34
42
39
33
33
60
39
28
48
27
22
20
34
22
28
38
31
20
23
25
22
38
53
23
28
33
42
34
43
25
34
41
31
41
26
22
21
48
41
31
37
37
36
44
36
22
36
26
