43
20
32
31
30
22
43
20
30
37
42
53
22
37
30
22
30
26
50
34
39
23
20
20
42
34
32
29
30
23
20
26
39
30
26
42
42
45
46
23
33
23
24
22
41
27
36
31
28
31
46
50
34
24
30
33
23
42
30
27
42
34
37
30
36
28
41
27
30
38
25
47
23
24
35
36
53
36
45
22
35
20
29
46
22
23
34
24
54
34
37
28
37
20
33
43
32
24
41
20
27
37
50
24
27
21
23
23
26
28
40
29
22
29
26
27
27
32
43
39
29
21
60
23
24
20
38
24
41
32
28
40
45
31
23
24
39
45
38
24
35
28
25
26
39
33
26
23
20
20
32
21
30
41
43
28
50
27
38
21
25
30
49
33
20
25
32
46
31
29
45
29
26
51
27
31
43
22
34
33
35
39
46
30
20
24
31
31
30
39
30
56
21
43
33
31
27
27
51
46
32
20
30
30
35
41
29
20
31
48
47
33
20
34
25
32
29
28
50
24
44
45
35
43
34
36
39
44
40
22
33
35
28
32
26
22
33
38
25
36
30
37
32
42
41
31
39
22
45
21
34
24
34
21
25
42
30
40
30
47
21
44
20
49
20
22
23
21
30
41
50
32
30
36
28
22
26
39
20
32
30
40
37
29
36
32
26
43
42
