20
31
32
43
21
39
31
31
22
34
31
23
33
49
32
35
22
34
31
34
29
37
32
31
48
36
25
27
32
22
39
33
46
33
27
28
34
31
36
40
24
41
20
20
20
23
60
32
30
22
30
29
31
26
35
35
29
40
37
26
40
32
25
20
30
29
25
29
27
35
20
45
36
23
29
36
30
37
41
40
21
21
39
28
41
26
26
20
33
26
21
21
31
25
34
23
41
28
26
22
20
20
43
28
38
40
44
26
30
26
40
27
24
32
25
29
27
35
41
24
26
20
20
27
41
29
24
33
29
25
28
40
26
39
30
34
33
27
33
46
35
34
34
37
25
32
27
40
43
40
22
35
25
31
37
24
33
37
20
23
43
31
21
38
28
40
23
30
26
35
25
48
45
33
30
39
30
30
31
44
23
24
24
21
20
24
33
28
27
40
38
25
36
48
21
20
25
32
25
26
37
25
37
29
26
27
34
38
20
28
23
26
22
28
37
35
23
26
26
25
40
31
39
31
34
24
32
28
36
30
29
23
39
28
26
43
39
27
49
29
40
29
29
28
25
38
40
44
34
24
27
47
48
30
36
29
22
27
28
27
26
35
39
30
20
36
29
20
27
32
32
25
30
21
20
48
27
21
33
33
30
32
35
28
37
38
29
32
35
