27
32
43
24
35
31
31
49
47
24
37
29
40
34
60
48
26
24
29
26
35
37
23
42
49
21
23
29
40
26
22
30
31
25
25
26
30
26
31
29
27
32
27
46
37
31
20
29
48
24
21
32
45
41
25
39
31
48
28
43
25
37
31
46
20
42
27
32
46
31
46
43
44
28
39
26
24
51
21
21
40
23
35
47
28
25
27
33
20
32
41
20
31
29
33
31
27
25
32
41
30
33
38
46
20
33
38
39
34
47
31
22
26
30
54
31
25
23
20
49
48
37
27
31
25
33
22
44
49
28
34
31
40
46
57
29
35
39
33
34
57
38
23
40
40
29
43
22
38
28
51
44
29
22
31
27
39
28
24
29
37
21
34
25
29
27
27
39
46
31
31
53
21
20
44
38
21
29
41
20
32
57
21
34
20
39
24
36
26
32
24
42
41
36
28
31
26
34
23
36
50
42
38
29
20
25
41
33
31
23
21
28
32
26
24
44
27
26
33
25
20
35
20
20
23
22
32
39
34
44
42
42
31
36
36
28
22
31
35
24
35
43
32
34
38
50
29
30
29
22
48
46
44
34
22
27
24
36
47
48
50
40
25
21
33
20
26
39
34
22
45
31
31
29
42
29
42
21
42
35
38
36
24
21
23
37
36
36
53
