44
39
28
32
37
31
24
26
20
34
26
21
34
23
20
39
31
34
43
28
20
28
41
28
43
35
26
21
24
49
39
41
26
38
27
29
36
39
20
25
26
20
24
27
24
26
43
33
25
20
20
24
32
33
27
36
30
27
23
49
31
28
36
22
28
33
44
31
20
37
20
38
39
23
25
27
38
29
46
38
24
32
37
29
31
29
28
26
32
23
35
27
20
30
32
32
21
47
32
20
40
34
26
28
26
41
22
27
24
25
34
23
42
35
26
27
29
24
31
47
28
22
35
46
24
20
34
23
20
36
31
40
51
42
20
33
41
40
20
27
20
29
39
39
37
24
24
21
22
41
37
55
50
37
29
36
28
48
28
46
36
28
44
27
20
27
34
25
20
29
33
40
29
21
57
31
27
42
38
34
31
28
29
38
24
30
34
29
32
21
27
55
37
31
35
43
36
34
31
23
46
34
37
36
33
20
49
26
35
20
46
26
33
22
42
49
47
38
27
38
26
39
28
44
48
33
27
35
37
36
30
20
28
38
28
31
21
29
28
47
26
22
27
38
22
32
26
58
32
27
22
24
41
34
20
24
44
26
48
38
53
42
26
44
37
25
28
40
38
46
50
28
30
24
35
34
20
46
35
36
60
27
34
49
47
57
51
33
46
