26
44
41
39
44
20
23
23
40
32
40
29
47
31
51
33
27
20
46
20
30
29
33
24
49
25
28
39
50
32
32
29
34
40
34
46
27
33
31
28
49
20
38
24
25
35
28
32
28
28
33
60
30
36
24
42
23
50
35
33
20
21
42
23
24
29
38
28
29
35
29
44
37
20
29
25
38
25
28
27
37
27
22
20
27
33
29
33
36
20
31
43
21
28
33
20
38
29
37
29
33
47
34
26
53
40
44
38
40
54
32
46
22
20
24
26
42
35
35
25
51
31
26
40
37
20
35
36
20
31
35
37
35
32
37
39
43
37
39
48
47
24
40
32
30
27
43
37
41
21
24
41
42
27
37
20
32
38
28
28
33
38
27
47
35
32
41
22
23
36
35
37
26
45
23
39
20
41
32
28
33
28
43
45
29
50
47
31
23
26
25
25
46
20
40
21
36
49
32
42
27
27
38
43
42
40
25
25
39
43
31
25
41
44
37
29
33
40
32
30
20
46
34
33
36
28
35
29
37
27
22
26
35
35
33
32
25
42
27
31
38
21
37
26
43
32
31
32
20
28
53
25
47
24
23
31
38
23
24
33
33
34
32
40
46
22
32
44
33
20
38
29
40
27
27
38
52
20
26
27
35
22
28
37
26
29
22
42
42
