36
32
31
26
55
37
57
25
34
24
33
34
38
44
48
20
35
47
33
25
40
42
36
35
26
45
28
34
23
30
36
33
20
35
33
34
41
46
20
40
20
29
37
32
31
24
39
38
29
24
32
33
51
46
37
41
31
32
32
42
55
40
20
47
29
27
25
20
47
30
43
38
34
37
36
41
27
60
29
46
33
22
21
26
29
28
22
24
33
26
29
25
46
32
34
30
32
46
35
23
20
41
32
37
39
20
27
35
30
21
42
46
47
37
52
21
20
28
20
38
20
31
27
30
21
31
41
34
30
39
34
34
26
45
46
23
38
27
33
28
44
34
36
32
39
30
39
30
24
24
24
46
29
29
22
28
39
36
20
27
27
27
20
25
20
28
23
30
47
28
36
20
20
29
30
34
33
36
28
37
31
38
25
38
38
39
46
50
30
28
48
39
28
38
42
40
41
43
39
24
29
30
22
26
32
27
39
24
26
35
33
39
24
44
32
28
27
23
39
28
21
20
27
46
47
37
41
34
33
36
34
46
56
29
31
37
46
34
45
27
27
42
22
51
37
53
26
26
33
24
39
27
32
35
34
29
28
33
49
22
43
39
50
47
25
54
22
30
35
23
26
55
42
41
51
24
24
35
39
41
28
53
35
33
31
31
33
36
37
