41
30
25
37
33
20
37
39
40
35
32
25
31
37
31
40
20
49
20
26
29
29
42
42
21
40
30
25
46
22
29
29
21
34
30
26
33
27
25
36
40
34
42
45
28
30
22
29
41
22
30
30
26
20
27
30
45
20
26
36
29
22
24
41
45
43
30
26
31
20
26
34
26
30
42
45
26
29
34
25
26
26
29
20
37
34
32
22
30
39
43
28
29
23
24
23
24
42
29
48
34
44
37
37
23
33
25
26
37
34
35
36
22
36
24
22
31
25
55
20
31
31
35
38
46
33
22
23
28
22
34
40
34
21
28
33
29
31
41
33
50
25
20
35
24
37
22
60
47
41
23
38
34
35
47
29
43
20
32
40
33
28
23
43
25
35
27
26
35
34
37
31
31
26
38
27
24
54
30
32
29
37
28
36
32
37
29
32
33
39
25
35
44
29
36
22
22
41
29
28
28
31
26
25
37
38
23
40
20
38
39
28
57
28
27
35
33
25
22
33
27
32
28
26
22
35
33
20
32
20
31
34
22
22
23
28
32
26
21
45
24
34
23
39
20
20
24
33
28
31
27
30
24
43
20
25
21
26
34
31
25
27
46
23
24
28
32
39
38
43
33
31
36
26
26
29
32
21
31
42
38
44
26
31
36
21
29
40
20
