29
53
28
22
30
32
20
28
23
60
39
36
54
40
29
20
21
49
36
33
40
48
24
46
33
20
28
56
41
33
53
30
42
26
33
26
20
38
38
28
32
42
29
32
38
25
32
26
31
40
22
33
28
31
49
36
59
35
39
45
33
31
48
40
32
23
44
30
27
51
40
38
30
28
40
43
23
40
30
20
38
24
38
43
42
45
43
34
42
43
32
37
43
42
20
25
20
21
36
23
26
22
22
20
38
47
32
22
38
35
34
33
28
36
30
24
30
23
34
28
32
36
29
32
20
44
44
24
22
29
54
29
21
28
32
56
29
43
26
26
32
43
35
25
45
28
23
31
38
32
20
35
50
50
23
26
46
47
46
26
23
39
27
41
38
38
27
53
40
23
47
34
24
29
20
36
24
36
39
41
22
21
22
45
27
27
31
20
24
37
43
32
25
26
36
30
58
36
39
37
34
51
25
28
52
30
25
22
38
38
30
51
20
29
23
27
38
32
38
34
37
31
35
36
47
20
20
28
22
33
23
57
20
36
46
38
40
36
28
39
36
37
31
20
20
43
23
33
54
27
29
34
38
48
42
24
42
44
21
20
33
47
40
30
22
31
20
32
20
26
33
35
39
30
20
41
23
38
26
41
27
38
20
33
21
24
27
28
43
