45
46
34
34
45
29
41
39
31
38
47
20
42
36
39
28
38
31
34
26
20
50
44
31
36
33
36
30
47
37
34
21
31
35
56
39
27
36
39
46
20
31
34
51
20
28
45
41
22
35
39
44
40
46
24
39
26
25
26
36
41
25
36
40
42
23
30
42
28
21
28
29
45
29
37
53
33
42
21
42
46
35
23
38
40
26
28
43
22
20
28
44
26
36
27
20
22
53
49
33
34
30
27
38
20
35
20
30
20
35
23
46
23
54
31
45
22
20
20
32
34
57
35
23
32
33
30
32
42
28
23
52
30
39
52
30
28
46
40
37
36
52
37
30
24
30
20
23
39
47
29
31
27
51
49
37
50
26
26
37
25
24
34
34
30
51
39
44
38
35
33
36
51
32
28
38
32
28
21
38
28
31
54
30
23
38
20
20
31
30
20
43
34
34
47
37
30
27
25
24
49
25
25
41
42
31
35
23
30
22
25
50
43
49
20
34
35
51
33
44
34
45
22
24
36
21
35
48
32
28
39
28
20
44
25
31
33
38
33
29
28
26
31
34
25
22
43
22
31
34
35
37
35
36
20
24
28
60
20
46
46
26
37
22
42
38
20
27
33
47
32
34
37
44
39
42
39
52
41
35
54
39
36
55
33
32
45
28
30
