34
21
24
32
34
20
24
27
24
23
20
20
32
25
29
29
20
29
26
27
31
32
25
39
23
24
31
20
30
28
34
23
23
28
22
23
50
30
40
28
24
37
20
38
43
29
22
20
23
20
33
27
26
40
40
28
36
37
46
39
37
39
43
36
22
28
27
30
24
22
32
20
26
27
31
29
36
45
29
31
42
20
37
27
34
23
39
28
30
32
32
26
23
29
24
29
60
38
30
22
20
42
27
30
34
36
20
28
32
44
21
20
31
25
37
28
29
22
32
31
30
27
25
32
28
29
23
28
24
28
30
30
33
23
37
24
20
26
41
36
35
32
25
25
31
37
20
38
31
36
26
24
36
28
43
34
30
41
26
32
23
30
20
53
29
47
23
25
20
26
26
27
31
23
29
20
28
24
30
20
35
39
39
29
22
24
26
31
37
34
27
30
32
38
31
42
35
30
34
30
41
27
44
27
35
27
26
31
38
35
51
25
20
26
30
33
26
33
26
26
28
24
27
32
24
30
31
42
30
24
34
41
36
26
43
34
20
45
34
24
32
33
34
29
27
35
32
22
32
30
32
27
27
33
28
21
32
25
36
28
26
35
42
20
21
35
24
40
31
26
38
54
32
28
30
36
28
29
23
24
30
25
31
29
28
31
20
35
25
