54
36
20
23
28
22
42
28
24
26
39
43
41
55
38
36
31
51
41
21
23
36
20
32
44
35
39
52
35
29
34
36
37
26
27
29
28
26
39
30
39
46
20
44
32
21
42
48
49
51
20
44
22
37
47
34
37
57
31
41
40
36
32
56
27
20
32
41
49
58
42
33
29
34
57
45
38
26
41
44
50
42
34
36
34
21
34
27
36
34
22
38
41
30
26
41
37
39
41
29
44
52
28
34
23
30
37
33
25
42
30
24
20
32
20
37
32
29
23
40
35
49
25
44
30
30
47
35
36
46
23
42
47
25
46
39
31
49
41
56
32
40
37
36
24
59
21
29
20
31
20
33
42
20
42
29
35
40
43
36
56
38
44
39
32
33
37
39
44
38
29
39
56
45
31
42
34
35
30
31
38
25
29
42
34
37
25
24
43
27
35
48
46
27
42
56
32
34
41
47
26
29
31
35
34
24
39
27
22
33
20
53
44
38
43
39
45
43
53
30
35
50
33
42
27
36
37
31
22
48
34
26
51
25
37
60
20
26
22
21
32
36
35
37
23
27
25
32
49
42
44
50
38
24
56
34
28
44
23
27
35
24
40
25
28
30
47
35
47
33
44
20
30
20
36
20
23
24
51
27
44
22
27
45
45
40
51
39
31
