32
22
21
22
34
35
26
29
22
31
26
36
33
47
38
35
42
43
36
38
37
21
30
34
20
33
31
34
37
39
33
36
52
30
28
31
35
35
24
26
34
25
35
25
24
23
33
23
38
26
38
25
33
22
42
31
37
32
48
37
23
29
25
49
32
33
40
60
38
21
30
44
35
38
24
22
33
26
43
33
42
31
36
36
40
26
36
29
27
39
42
31
24
33
21
23
28
41
31
25
20
31
32
44
34
39
37
25
38
41
26
20
30
49
27
35
28
36
28
40
37
20
31
30
40
38
24
24
40
23
32
42
28
25
42
34
28
35
45
49
24
25
32
23
27
33
26
32
39
30
28
43
30
20
20
47
29
20
48
27
37
39
37
38
29
21
27
20
36
32
32
31
40
38
30
28
39
33
38
36
21
35
30
20
27
29
24
33
40
57
34
27
32
21
38
28
42
24
34
40
23
31
28
50
29
31
23
28
25
31
23
29
27
38
24
22
26
50
34
28
40
29
21
45
20
40
24
31
20
55
36
26
28
31
37
36
34
35
40
44
27
20
38
28
20
24
33
40
20
22
24
40
40
32
22
31
34
37
23
28
23
24
23
27
24
20
27
20
40
31
41
27
27
24
35
30
32
30
37
50
32
23
36
36
30
27
27
35
26
