37
43
25
25
20
26
36
42
23
29
27
24
36
28
41
29
24
34
43
21
44
47
26
21
32
20
23
26
25
26
30
32
50
40
23
34
44
25
22
34
26
23
34
20
35
25
53
21
25
45
38
20
20
26
21
34
45
21
23
35
45
33
27
46
26
29
46
28
38
30
36
21
40
33
26
48
46
28
26
32
24
22
43
28
26
23
20
22
25
20
43
26
37
22
26
33
45
22
24
32
29
28
36
48
31
47
20
26
27
27
48
29
40
33
36
39
34
32
35
25
52
35
20
57
28
27
24
41
48
21
24
36
33
31
24
34
21
31
22
43
35
37
32
27
21
35
37
36
37
26
46
25
27
20
42
33
44
25
31
38
44
21
35
27
21
28
24
40
51
24
30
43
20
25
20
30
22
27
30
40
37
23
41
22
34
25
30
28
33
32
33
21
32
21
36
37
38
42
34
36
42
29
51
37
20
27
32
35
31
20
31
46
41
39
30
27
40
27
27
22
31
30
51
51
28
49
33
20
33
20
27
29
20
36
24
26
40
22
24
60
33
48
29
36
32
23
44
24
23
46
27
29
33
28
35
44
36
25
39
38
30
38
46
37
26
25
22
35
46
29
54
31
37
42
25
28
31
32
24
26
36
42
48
21
32
22
30
51
27
