36
60
24
31
30
25
27
21
34
20
37
35
30
20
38
28
32
37
22
21
22
28
20
22
30
27
41
47
27
29
20
27
21
30
21
23
20
39
34
31
28
22
20
26
29
31
35
27
32
21
38
33
34
33
28
28
44
23
36
28
22
49
25
30
20
32
35
30
27
26
34
38
43
29
24
26
28
38
20
34
20
22
38
39
35
20
32
39
25
25
21
39
26
28
27
32
30
35
25
39
25
23
25
26
32
33
36
30
27
20
27
37
26
49
33
52
25
30
29
37
34
24
33
23
26
28
35
42
29
29
29
27
27
23
29
30
23
20
32
23
33
34
33
39
36
20
28
30
20
22
36
36
31
26
25
29
33
36
32
25
34
36
26
24
25
24
28
29
28
32
39
33
26
36
32
22
36
32
53
20
31
22
38
21
26
37
28
26
27
41
20
27
28
32
20
29
26
27
29
23
26
27
32
23
33
27
20
34
36
23
29
31
25
28
32
23
20
27
33
28
29
26
31
35
25
23
33
33
42
24
30
24
31
29
23
44
24
29
27
27
26
41
23
31
26
40
36
20
34
29
20
26
25
36
28
37
33
28
33
37
34
32
32
26
23
29
38
28
42
20
22
20
27
37
29
25
40
49
51
33
33
23
32
20
46
37
22
20
28
