34
29
33
24
25
22
29
24
45
28
20
42
34
27
21
39
38
27
34
36
26
29
48
32
25
27
28
31
27
45
34
22
29
25
44
35
42
29
26
26
26
29
34
25
25
35
24
24
26
34
20
31
37
48
28
55
20
29
37
35
49
37
39
36
26
29
25
31
34
55
20
49
27
34
47
38
31
41
35
20
28
49
22
35
34
40
29
40
35
35
21
33
25
36
46
29
35
41
31
29
28
34
22
35
20
31
38
35
32
25
42
33
23
27
24
32
35
42
42
47
26
33
29
20
32
37
23
37
46
24
23
23
34
28
31
23
31
51
42
44
26
33
28
33
38
32
22
41
37
34
23
32
29
29
20
32
40
30
33
22
51
37
24
40
20
46
20
33
23
22
47
28
31
35
22
24
24
35
39
20
29
32
32
22
30
41
22
30
31
20
40
46
30
28
47
22
28
23
33
30
28
28
35
39
30
35
31
35
30
22
20
36
44
26
20
26
25
40
30
32
28
30
31
39
32
29
28
50
30
27
32
24
42
28
28
35
34
33
32
49
33
35
23
32
34
36
44
36
31
40
26
33
26
20
37
30
34
32
51
37
28
39
23
31
36
60
32
28
46
35
25
25
48
22
26
25
27
38
27
28
32
23
29
42
42
31
32
22
35
