42
35
29
22
36
44
20
44
42
27
31
21
22
31
24
23
48
38
21
39
40
37
30
29
28
22
28
51
39
50
32
40
38
25
40
35
31
28
33
40
20
53
26
39
31
43
34
30
25
30
20
30
28
24
27
21
26
32
32
28
23
31
22
37
32
23
28
44
40
34
25
30
20
24
36
31
29
28
41
49
33
43
41
21
20
23
32
38
30
46
25
48
33
27
34
30
39
28
45
38
40
50
35
29
34
25
26
33
27
27
49
24
25
22
29
40
38
38
57
43
25
31
38
32
20
28
43
33
30
44
43
42
25
42
21
36
22
44
31
27
41
29
35
34
23
30
37
38
21
44
36
36
51
34
34
47
23
26
23
20
34
44
40
30
34
29
48
32
27
26
38
21
20
36
30
20
20
23
20
25
29
32
20
20
46
21
34
34
30
36
24
45
20
32
20
20
29
20
23
35
23
38
26
27
36
33
29
23
30
32
48
41
31
38
26
23
59
40
55
41
55
39
39
40
20
29
44
21
36
27
41
20
34
32
38
25
28
30
31
42
25
35
42
35
25
34
36
36
33
34
29
21
22
21
22
36
39
22
35
32
37
40
22
39
23
42
31
31
27
25
37
33
27
35
36
27
20
20
40
31
34
33
38
39
39
39
60
20
40
