20
32
32
32
48
49
31
39
30
33
38
28
52
40
39
25
31
43
26
33
22
27
35
32
45
33
33
41
21
25
46
33
31
23
37
45
23
48
29
40
35
20
21
41
28
29
33
38
53
35
26
35
30
28
28
32
39
39
33
41
24
45
32
29
41
30
39
49
43
23
42
41
31
32
34
38
34
25
57
33
35
28
30
35
32
27
46
27
31
21
50
42
30
25
37
24
33
28
36
40
24
34
30
32
26
37
30
32
25
53
35
26
36
41
33
34
26
45
35
24
26
33
20
37
52
27
52
60
30
43
43
34
28
31
36
38
32
30
47
21
34
40
25
21
32
32
25
34
24
33
43
20
46
29
34
26
29
39
49
25
24
22
25
25
48
42
25
33
33
37
32
38
28
32
36
32
52
40
39
32
35
33
39
48
34
24
37
28
28
34
41
39
22
34
26
42
35
48
28
30
37
50
39
44
31
39
27
24
54
33
32
20
44
37
48
29
32
29
36
33
34
33
22
30
34
20
37
38
30
34
21
32
39
41
30
30
25
48
40
23
42
20
38
23
47
28
34
52
21
32
31
29
36
56
45
27
29
38
30
27
27
39
45
35
49
33
23
44
49
42
33
32
26
24
29
31
31
24
31
49
28
28
25
29
27
34
25
36
46
