25
34
46
25
28
25
31
44
20
24
27
22
26
22
27
40
28
38
34
24
24
27
20
20
27
40
29
20
36
41
21
24
38
30
33
23
44
40
23
39
31
36
37
20
33
25
35
27
41
39
22
20
34
27
21
23
23
36
38
25
24
37
28
23
28
31
27
30
23
20
22
21
33
38
28
25
26
31
44
33
29
39
38
27
28
32
53
31
32
26
26
28
44
28
32
42
47
27
20
34
44
27
51
35
31
33
34
31
23
35
34
39
34
24
28
30
31
30
37
25
22
31
32
42
27
26
30
28
22
46
28
21
43
36
29
42
30
31
20
21
32
32
41
32
32
60
31
33
32
36
20
24
24
29
32
41
20
35
24
29
32
31
32
35
32
35
25
24
42
27
43
31
25
31
33
21
29
32
53
27
39
33
40
22
37
20
21
33
43
35
23
27
33
26
29
39
42
21
31
23
39
25
28
26
30
47
48
30
37
41
29
44
40
38
32
26
29
30
32
31
47
44
26
36
30
33
52
26
20
22
32
21
34
20
33
34
34
34
25
37
30
20
23
37
48
32
26
28
26
28
29
25
28
38
33
52
39
24
46
47
32
26
33
20
37
41
35
24
33
28
27
38
39
39
35
31
22
36
26
25
40
41
39
43
33
45
30
44
37
