47
37
28
31
47
39
35
35
42
33
20
54
32
37
36
21
22
22
35
36
39
23
40
34
22
27
31
20
27
35
28
41
39
46
20
23
23
21
23
36
26
40
47
28
44
25
43
30
32
25
39
24
47
28
40
21
42
41
20
54
46
26
28
43
53
26
31
39
27
45
39
38
20
38
30
34
44
27
30
36
39
20
37
40
47
33
24
20
28
26
34
27
34
34
35
20
26
34
37
33
28
37
56
29
36
39
30
29
34
33
23
35
30
38
54
24
31
27
35
22
32
22
32
43
28
45
57
32
31
26
33
35
45
25
34
32
20
27
20
35
21
38
24
20
35
24
46
28
40
24
25
23
56
29
40
25
20
52
27
38
39
25
26
25
44
40
26
31
22
29
30
20
29
35
27
29
52
42
27
26
35
59
51
35
20
31
42
20
27
38
31
31
36
31
47
45
31
28
43
25
38
37
34
40
32
20
45
28
29
26
34
27
27
28
22
45
31
46
20
26
41
31
34
35
24
43
27
22
38
29
27
26
25
33
20
27
30
36
31
37
30
40
27
35
39
31
21
39
20
28
25
30
36
39
20
29
21
43
30
43
44
28
34
20
20
26
20
41
24
29
37
57
20
32
27
60
35
34
32
30
39
34
35
27
52
35
41
21
24
