40
26
32
23
38
29
25
33
23
30
34
42
29
58
39
34
20
20
21
25
38
22
33
29
43
28
23
31
31
41
25
41
24
27
32
29
30
33
39
30
48
46
30
23
30
20
38
27
31
32
35
41
29
30
52
41
41
20
23
32
33
30
60
30
34
30
35
26
45
20
51
20
40
38
34
34
20
52
33
37
23
37
24
26
30
44
32
34
30
38
30
45
28
21
20
23
48
28
34
20
37
28
29
29
32
47
24
49
33
39
25
31
35
20
32
28
20
45
30
42
35
23
35
24
41
22
32
26
47
38
25
38
30
28
20
34
33
28
39
34
42
32
40
39
38
45
25
29
20
43
21
45
41
32
35
25
34
33
25
31
30
30
40
24
23
38
29
20
24
31
32
20
41
31
21
25
39
28
33
31
22
27
25
22
41
32
42
29
27
41
42
45
24
33
57
45
28
28
42
28
31
35
33
35
37
22
31
42
32
38
28
45
34
31
34
38
32
33
43
32
32
30
42
29
35
42
31
50
25
40
28
29
47
29
20
44
39
30
20
23
41
26
36
24
20
23
48
50
46
39
42
23
35
38
38
23
20
25
48
33
45
31
21
21
40
23
33
52
26
38
36
27
30
32
20
27
29
45
36
27
39
40
32
43
24
22
29
24
42
