31
27
45
37
25
38
28
44
36
25
32
20
34
50
32
33
57
44
43
31
36
36
20
27
50
29
28
36
41
29
36
23
29
30
34
35
29
47
40
32
43
20
29
38
45
38
26
51
26
37
39
29
45
37
40
25
20
29
29
43
24
39
45
23
26
21
44
50
33
45
44
34
34
40
31
28
35
44
37
24
20
27
40
20
32
39
23
54
28
33
51
26
36
43
20
58
27
35
46
37
38
30
26
33
41
29
36
43
24
40
27
32
20
25
38
26
42
28
20
32
24
20
31
20
33
20
27
27
36
24
36
50
35
24
37
23
20
23
20
40
50
36
41
28
44
22
36
32
33
39
26
46
27
36
33
29
60
44
20
38
29
27
32
30
26
30
23
27
53
28
28
39
32
21
32
26
26
39
37
34
25
37
24
27
27
30
45
24
20
38
38
20
36
30
30
34
28
33
41
41
40
34
22
37
25
31
45
44
39
34
27
26
40
20
20
32
33
48
36
20
20
26
25
34
23
26
33
31
52
40
31
22
37
28
37
50
39
36
33
20
20
29
26
23
36
39
39
44
35
20
33
29
39
27
35
34
37
29
22
56
20
50
48
23
25
36
30
45
21
32
29
41
32
20
41
20
20
45
36
35
45
42
22
50
21
24
44
32
50
