51
53
33
30
37
23
31
23
24
40
25
32
30
28
42
39
33
44
23
44
26
32
38
32
47
38
29
21
27
27
30
33
33
38
20
43
44
53
42
22
28
33
38
21
35
22
32
29
25
29
34
24
32
41
36
46
31
23
37
26
36
33
20
41
37
36
30
29
34
30
30
41
41
28
32
28
23
34
35
28
37
37
27
28
37
27
31
33
42
20
36
34
33
33
33
23
31
39
23
37
37
36
36
20
32
26
32
35
28
36
26
39
32
35
42
34
52
48
27
24
27
25
28
27
42
44
23
24
27
29
21
32
33
20
46
42
31
38
36
37
32
33
21
25
30
45
23
41
23
21
27
30
49
29
30
26
35
21
45
26
42
29
42
46
29
29
29
20
20
46
34
20
34
26
36
24
30
26
20
30
35
25
25
25
31
34
24
25
23
33
38
30
32
44
37
36
40
25
23
32
41
26
38
39
27
23
32
26
35
37
23
20
27
30
23
22
49
34
49
33
48
30
22
22
40
25
35
33
31
38
23
33
20
20
23
21
31
30
35
32
24
35
29
47
39
26
31
32
20
26
25
36
31
37
22
28
38
26
56
32
37
30
32
45
34
47
21
20
27
36
24
34
33
38
30
29
33
34
23
37
40
33
25
60
20
27
29
30
44
