20
32
43
44
28
24
33
33
43
23
29
43
26
51
56
31
39
35
39
34
42
31
49
37
60
20
25
39
25
31
25
45
26
26
39
28
35
49
37
46
41
28
34
26
34
25
34
24
20
49
21
45
41
38
55
30
20
27
38
23
46
33
36
37
28
33
39
25
36
30
32
38
29
31
36
24
31
36
27
41
28
28
41
44
31
37
24
24
41
29
38
20
34
35
23
22
33
36
21
24
44
48
40
25
39
51
55
31
31
33
56
37
48
46
32
24
35
36
23
47
34
30
28
29
38
43
33
28
36
34
59
21
24
39
41
21
31
30
30
20
34
33
34
41
32
43
27
40
31
20
21
54
41
20
43
41
38
43
49
36
20
26
22
36
37
34
25
23
45
47
46
31
29
36
28
38
51
37
22
50
42
30
32
23
32
22
30
31
22
24
32
28
23
20
33
43
38
25
30
43
44
47
28
28
26
24
32
35
33
29
32
29
54
20
33
22
40
35
31
44
20
34
36
28
21
43
20
22
31
24
30
33
39
26
40
25
29
39
29
37
26
20
28
20
27
33
37
29
30
28
38
21
34
48
22
39
55
38
39
32
38
40
23
20
31
40
42
44
23
42
21
52
28
34
31
38
36
26
28
31
20
31
35
41
21
41
43
36
35
