21
36
34
40
27
33
29
31
26
26
38
35
32
24
32
36
30
31
36
20
32
32
32
33
37
32
28
20
41
37
44
28
27
31
26
23
27
22
28
24
22
34
28
33
26
30
26
27
24
28
32
22
43
27
22
33
31
23
20
28
20
29
27
39
24
29
26
33
20
36
47
34
25
29
23
33
20
26
36
22
31
28
33
24
21
39
22
28
40
22
38
33
33
51
35
30
32
33
41
32
37
28
36
28
29
46
45
33
29
23
26
44
30
27
41
20
49
30
36
40
35
39
34
20
30
30
44
27
35
24
30
37
25
26
45
42
23
27
35
35
48
23
20
20
28
33
20
37
29
35
47
28
38
32
22
35
23
35
34
33
30
29
20
45
26
39
34
35
43
35
31
51
26
20
31
44
37
35
25
29
23
29
24
44
22
33
29
26
30
26
30
33
26
34
33
21
33
34
37
23
42
43
38
24
29
30
40
39
31
29
36
49
26
28
29
37
37
29
35
35
28
36
22
33
36
34
46
26
22
30
22
29
37
29
21
30
34
48
30
32
34
28
29
37
36
28
29
24
28
30
20
28
39
28
29
25
28
29
44
28
39
26
40
27
20
42
34
20
25
24
30
34
32
26
37
27
38
41
26
20
43
26
60
33
28
48
29
30
25
