31
38
40
21
28
35
27
31
32
28
35
28
33
20
34
28
25
38
28
36
29
41
26
21
30
29
33
20
24
33
30
27
22
37
29
27
29
34
32
26
29
26
37
38
28
21
20
21
38
24
26
27
24
29
22
30
26
29
27
35
37
37
28
30
29
25
26
29
30
31
29
31
20
20
35
28
30
38
26
30
31
25
30
41
32
33
26
43
30
28
24
23
24
26
30
41
40
23
20
31
36
26
42
37
29
28
33
20
28
27
21
39
43
33
20
30
29
23
31
24
20
44
20
28
25
23
23
27
24
34
36
38
29
31
35
33
22
31
36
23
41
20
28
29
44
24
30
23
28
20
22
30
21
30
31
27
46
27
36
24
25
29
21
38
44
23
26
33
33
27
33
32
24
35
29
26
21
26
21
39
34
38
29
29
45
29
36
24
20
27
31
31
23
45
37
26
21
41
20
31
30
22
44
20
33
29
32
26
26
20
25
33
31
28
29
26
38
29
37
32
44
27
34
22
36
28
23
27
24
35
36
25
29
39
26
26
20
27
41
38
27
34
60
24
27
20
51
41
26
24
38
29
47
20
20
40
34
28
33
20
33
31
20
45
32
28
23
32
25
27
29
28
24
20
25
31
31
35
23
26
36
34
32
34
40
20
21
26
27
