47
24
26
31
26
49
20
29
43
60
45
46
37
49
22
29
24
32
56
32
39
20
29
28
37
28
39
36
23
34
38
37
37
34
25
39
29
43
53
39
41
33
31
28
28
43
40
49
33
38
34
37
26
29
46
30
20
42
57
36
37
36
25
29
25
25
25
44
29
39
27
32
37
33
36
39
43
35
36
35
33
52
38
33
28
23
31
32
30
22
39
39
28
29
43
33
34
36
34
35
37
42
36
29
28
33
37
47
40
28
35
32
23
20
37
29
29
29
33
29
31
49
35
29
31
43
39
31
31
25
32
20
25
34
26
47
20
20
31
32
20
28
36
27
48
43
41
50
25
25
30
35
29
21
20
20
37
32
53
24
51
25
32
34
38
35
30
29
37
33
20
29
43
27
32
22
20
32
27
30
33
36
36
26
30
36
24
29
28
55
34
38
25
43
34
25
42
21
39
39
29
20
25
30
45
20
46
32
48
36
37
42
26
20
36
29
38
36
35
30
22
25
37
21
39
29
40
41
30
24
39
29
28
37
35
25
34
28
44
43
28
31
29
30
20
33
39
26
30
28
38
43
32
25
25
27
23
29
42
27
38
41
35
28
48
28
53
52
38
32
29
31
25
22
39
27
20
31
26
27
30
27
37
33
22
28
37
38
32
