23
35
37
20
26
40
27
27
26
35
20
44
30
47
38
42
30
50
36
55
36
37
29
35
51
60
36
25
26
42
23
51
31
44
20
29
38
37
31
36
28
39
36
33
20
42
34
27
40
24
31
36
30
44
32
31
42
21
29
33
20
36
37
25
48
27
37
23
28
37
32
26
35
28
50
36
33
36
32
23
27
45
27
22
33
40
41
20
29
33
25
27
35
20
24
51
50
27
35
36
34
41
33
45
41
37
32
36
30
43
23
41
21
45
48
33
32
43
26
26
42
27
43
20
40
27
31
22
42
22
26
50
35
25
35
24
29
42
44
29
35
38
40
41
51
45
44
33
37
20
44
22
47
45
20
20
29
33
20
31
38
42
30
42
49
49
29
20
51
32
30
36
21
33
34
38
24
37
27
32
26
21
39
30
32
38
26
46
25
30
34
27
30
34
34
41
31
22
21
24
41
21
34
25
21
42
31
42
34
43
20
33
48
31
35
28
31
25
26
37
28
29
35
38
29
28
43
26
37
29
31
25
43
39
33
35
38
36
20
23
26
30
43
29
20
21
26
49
25
30
35
29
20
20
23
35
20
20
32
32
32
36
20
50
32
40
38
24
35
28
33
26
54
24
32
39
28
24
42
30
24
47
30
37
36
31
20
43
40
