34
21
31
20
35
31
29
24
36
23
28
27
28
20
44
50
27
27
30
34
27
44
34
36
26
27
44
28
39
20
28
21
29
45
24
31
25
22
21
25
37
23
34
43
37
34
32
39
27
27
29
24
38
26
26
32
23
26
20
49
28
24
23
22
38
37
40
33
26
26
41
26
39
22
30
28
31
60
25
22
36
36
37
25
33
33
36
54
25
25
26
24
26
45
31
37
28
30
42
22
38
20
28
32
20
23
31
35
30
35
36
28
33
25
27
27
28
51
33
50
32
30
35
40
25
23
41
38
28
34
27
30
33
39
47
36
23
22
39
41
28
22
24
23
36
32
28
33
46
29
25
43
24
22
36
25
39
33
38
28
32
34
20
21
29
36
39
20
26
47
31
35
30
33
35
34
20
36
34
23
26
39
36
33
50
37
26
35
27
44
26
33
31
28
35
38
20
37
29
35
23
39
43
30
34
37
24
33
33
22
36
32
30
24
28
29
32
27
37
41
22
20
31
27
35
23
23
30
32
26
35
24
23
32
41
43
33
33
42
36
38
23
54
30
29
26
32
33
40
31
29
35
27
30
39
28
20
37
41
26
31
29
36
30
25
50
28
20
31
30
44
26
40
24
20
25
24
36
26
27
34
22
33
26
29
31
30
31
40
