42
57
31
35
58
27
47
30
26
24
36
49
29
28
30
47
25
35
26
28
27
33
25
41
31
37
30
32
21
29
20
36
33
20
37
38
43
31
42
42
20
44
44
34
37
39
26
43
35
39
35
26
39
28
40
20
34
20
33
34
33
39
53
35
22
31
44
29
25
47
39
29
52
37
54
39
45
38
22
28
24
26
26
45
25
34
38
24
20
42
29
23
32
31
51
23
36
23
35
34
47
34
23
48
29
27
20
30
43
24
44
21
40
37
54
35
36
56
53
28
22
20
43
20
43
33
24
20
38
40
20
28
42
20
20
35
39
33
43
29
34
30
39
35
39
30
48
60
22
31
35
37
21
33
52
45
32
31
27
47
55
27
30
32
32
45
26
38
48
44
42
54
34
40
32
40
45
37
28
57
35
30
53
45
40
41
36
52
32
32
46
35
49
35
28
29
33
27
25
46
23
39
48
23
44
40
37
29
33
34
24
20
35
41
37
35
51
38
33
29
40
30
25
55
57
54
28
22
30
41
20
35
27
24
20
28
50
24
42
26
56
22
49
43
42
25
38
40
36
38
28
45
20
45
25
32
24
52
29
25
28
37
20
20
29
35
52
40
34
28
21
44
43
40
35
28
35
30
32
52
26
20
39
23
40
38
49
37
44
