41
36
29
20
40
24
43
33
38
26
20
30
34
28
34
39
32
40
22
22
46
27
39
37
22
28
32
34
32
26
32
29
26
36
25
50
24
27
22
33
35
24
37
32
40
50
35
39
23
29
28
32
26
30
29
32
39
23
29
20
27
27
31
34
50
29
35
37
30
36
33
39
33
41
29
25
32
56
34
37
32
39
29
32
42
30
37
27
27
20
56
20
25
28
31
37
26
27
43
29
34
29
39
29
24
29
30
26
25
38
31
21
20
32
40
20
32
31
34
43
23
37
32
34
20
40
20
31
37
21
35
21
35
34
44
40
20
42
24
27
35
27
37
28
48
39
34
22
43
32
24
33
23
45
34
20
25
34
23
32
23
45
43
37
27
56
20
32
40
29
39
32
25
30
29
25
33
37
30
32
50
24
29
38
30
33
32
26
42
27
28
23
37
22
40
20
27
42
29
21
42
27
41
28
27
39
38
29
22
25
28
33
35
37
30
29
25
21
34
20
26
39
25
24
20
36
39
35
34
38
34
24
38
28
31
20
25
20
26
39
37
40
22
25
25
38
20
24
25
45
39
30
34
36
27
38
20
26
33
21
34
27
22
30
34
37
27
42
20
36
39
42
24
35
41
29
30
37
28
60
38
32
39
45
20
28
20
36
41
