34
41
25
49
22
34
20
30
28
50
39
40
60
25
35
23
32
34
43
41
25
22
28
20
38
58
32
32
41
36
35
45
51
42
38
23
37
55
32
45
45
29
34
59
20
35
51
35
32
26
41
36
39
31
43
20
31
25
38
28
29
20
36
30
34
32
24
23
42
32
29
32
32
53
30
40
39
36
43
51
39
20
20
29
34
39
41
38
25
31
36
45
42
31
33
28
27
32
28
23
27
23
36
32
40
30
44
27
32
31
39
30
20
45
28
30
21
25
26
35
25
30
35
53
38
27
28
48
21
38
43
34
38
30
34
36
32
26
24
31
21
38
41
45
20
45
20
34
34
30
42
39
28
27
46
23
39
35
25
37
21
35
21
25
32
20
40
48
48
20
42
20
30
28
27
40
45
25
33
34
20
27
44
27
41
25
37
31
20
32
37
40
25
42
20
27
41
40
33
43
42
45
26
26
29
20
47
20
37
41
30
33
24
31
41
35
37
31
37
30
51
26
33
25
38
29
28
21
52
48
31
38
37
22
50
31
34
30
43
33
35
25
30
39
51
22
34
41
27
33
25
35
37
20
29
39
38
33
26
34
20
50
39
24
24
30
22
37
29
42
37
41
35
31
31
33
41
38
50
25
32
29
31
33
33
28
37
24
45
