20
43
37
28
26
44
28
38
40
24
23
29
26
34
43
21
22
42
20
32
51
32
29
51
31
49
22
30
26
39
30
28
34
27
20
35
24
36
30
21
35
48
47
30
26
41
37
43
25
34
35
27
46
41
27
42
44
20
27
51
34
28
20
36
33
35
40
47
36
29
28
34
23
35
23
44
28
33
38
38
20
28
32
25
27
28
20
34
60
57
46
38
46
29
34
38
32
30
29
45
40
32
36
25
36
25
34
48
23
28
27
22
34
37
26
27
21
44
24
23
35
36
22
35
43
43
45
39
30
36
35
23
24
34
35
41
27
26
20
23
20
28
27
38
30
41
26
33
32
38
36
37
36
24
24
26
44
25
29
35
26
34
29
20
21
32
21
29
32
37
36
55
38
30
33
39
25
30
32
43
34
27
42
25
28
42
48
29
42
25
31
32
31
27
22
35
46
28
20
27
53
27
31
48
36
35
49
25
36
36
45
32
25
32
45
34
31
35
32
31
29
21
25
38
24
20
43
45
33
35
43
25
33
34
45
39
20
52
35
20
33
28
42
20
26
38
35
32
33
32
45
34
28
24
37
31
41
20
38
40
28
23
29
38
37
40
32
34
34
20
22
33
23
39
26
46
27
34
20
33
36
39
32
44
37
28
24
41
40
