33
20
27
29
23
20
20
29
56
56
27
22
38
28
34
39
45
31
40
44
38
40
32
36
33
31
40
25
37
38
33
20
22
42
25
42
45
33
21
39
26
34
30
42
39
39
31
41
22
50
38
57
39
27
21
21
56
28
23
35
39
22
20
46
54
40
37
35
35
49
32
40
40
45
28
33
36
38
34
31
30
50
23
34
32
23
22
37
32
29
39
35
39
54
56
32
32
37
20
32
45
36
27
33
40
29
45
52
20
38
34
43
23
24
41
33
51
29
30
45
20
36
40
30
40
41
22
34
30
25
36
34
27
41
21
33
39
24
24
29
58
47
33
36
36
39
25
29
39
32
45
36
23
34
34
21
28
25
44
38
27
31
29
28
31
49
31
60
23
28
52
39
39
49
47
37
51
24
38
20
20
41
32
43
33
49
33
38
35
46
20
53
31
32
48
32
31
25
26
23
34
34
22
58
34
30
50
46
39
49
31
20
45
31
54
30
37
50
29
32
39
40
33
33
29
41
26
41
33
55
59
38
20
25
54
39
39
34
25
37
34
40
35
20
49
29
43
48
20
33
30
34
24
33
42
22
40
40
45
55
36
25
20
55
54
35
43
32
39
25
26
34
30
29
23
30
47
26
40
31
38
36
28
40
45
34
41
29
40
