21
22
26
34
20
42
29
28
28
36
37
28
29
38
49
35
23
38
20
44
22
34
24
45
29
31
37
35
42
31
28
35
32
23
43
27
41
38
31
30
43
29
27
26
42
38
36
33
20
27
27
31
25
39
32
37
27
39
28
41
28
29
25
26
28
30
23
35
45
27
36
36
34
22
22
23
34
34
26
22
32
28
35
20
47
23
34
35
25
27
37
29
29
31
33
30
38
38
56
33
42
23
24
20
45
20
32
27
33
40
39
44
46
35
42
20
20
33
49
52
57
23
37
48
27
29
48
41
43
26
38
26
26
24
32
28
38
35
46
32
29
51
32
30
36
24
23
27
45
47
32
22
38
27
24
27
39
34
43
32
60
29
23
34
27
52
21
41
25
28
31
37
23
45
37
36
26
35
54
26
28
20
25
42
35
43
44
31
38
24
40
26
22
26
37
24
50
30
28
31
30
34
47
28
25
28
33
29
24
39
25
29
23
28
26
31
26
26
36
20
38
39
37
30
57
25
33
29
21
21
35
51
30
42
30
34
36
27
35
37
24
38
34
21
37
31
23
39
25
28
27
25
34
29
40
39
37
29
37
40
34
41
20
27
30
20
39
24
20
20
20
44
34
23
34
20
37
20
26
34
26
27
20
26
30
31
31
45
28
