20
41
25
27
46
30
20
36
29
36
36
30
33
30
31
25
41
25
43
34
33
28
43
22
51
31
40
41
37
34
26
33
29
31
28
50
44
20
30
35
43
39
39
33
40
30
35
31
32
37
46
26
51
25
35
25
47
25
23
24
35
42
24
38
34
33
27
23
20
36
43
56
31
34
20
20
31
25
38
49
30
41
31
28
26
44
54
28
34
32
31
31
31
24
41
52
23
31
39
21
26
39
25
36
52
40
23
60
36
32
31
42
31
32
31
38
36
28
26
28
28
28
29
30
41
31
22
29
49
31
29
44
35
45
35
40
25
28
42
45
44
24
25
46
32
28
20
36
23
29
24
38
25
24
29
20
41
20
44
20
29
30
37
27
23
27
24
31
46
33
21
31
35
20
39
25
33
31
52
27
37
45
34
40
33
27
37
48
31
23
33
36
25
27
32
31
32
49
32
27
38
43
24
23
23
21
34
35
32
24
36
47
32
20
24
20
33
34
23
20
22
30
22
23
24
29
33
31
30
23
30
39
25
40
20
25
32
22
47
33
45
29
22
30
21
21
24
46
25
40
24
21
34
20
25
26
33
34
35
20
42
42
38
46
24
47
27
25
20
25
26
26
32
30
45
25
49
33
34
42
32
46
51
28
38
33
32
33
27
