26
22
36
40
36
24
28
40
37
37
37
41
24
23
22
42
40
38
45
37
22
29
23
30
21
27
33
23
23
34
38
26
20
40
35
41
32
38
27
27
32
33
34
23
37
34
24
25
42
27
32
35
31
30
27
31
43
46
37
46
32
29
20
28
28
29
42
20
22
39
24
33
35
49
31
52
20
27
20
31
37
26
37
30
30
20
26
32
34
38
28
20
32
24
32
20
30
37
23
20
28
30
26
53
21
32
30
20
44
33
41
32
36
31
26
41
21
20
37
25
27
48
24
59
24
30
23
41
27
33
47
35
26
40
31
44
43
35
22
42
36
22
22
43
28
24
28
32
33
32
35
22
26
28
45
26
36
31
42
20
45
35
27
51
34
31
28
26
31
27
26
21
30
20
27
22
20
39
36
35
25
30
33
30
32
25
58
34
22
26
26
29
28
36
36
44
34
42
45
23
29
22
45
28
46
30
33
33
26
49
22
28
25
38
34
21
27
31
39
25
34
23
35
37
20
25
27
52
32
34
23
36
42
44
20
33
33
29
26
32
42
47
50
30
21
30
31
27
20
34
42
27
31
27
39
47
36
38
27
34
35
38
29
37
48
36
51
25
20
26
28
20
33
34
37
29
37
23
26
29
36
60
32
32
37
26
39
26
22
