42
34
20
37
35
33
36
35
22
30
21
30
20
38
49
38
33
37
39
24
42
24
42
30
41
22
40
26
20
39
28
25
40
24
27
34
24
21
29
38
32
23
47
20
30
41
36
49
26
30
29
44
24
27
30
21
35
37
37
21
37
37
40
27
40
48
34
20
34
36
22
43
22
30
31
21
30
22
33
28
50
51
34
29
60
56
28
20
37
20
26
34
43
30
42
36
28
37
22
29
37
20
22
42
33
38
22
38
31
33
51
31
34
24
30
36
31
41
37
24
20
30
31
41
20
31
20
34
44
32
35
40
21
26
36
20
21
26
39
20
20
37
30
25
36
42
23
27
23
37
24
20
23
28
20
33
37
34
20
29
37
37
36
33
33
32
24
25
25
30
38
40
24
30
38
20
26
31
26
20
29
33
32
34
30
32
30
30
23
28
26
34
32
36
38
23
35
53
29
22
28
46
43
28
28
42
47
37
46
36
28
27
42
44
30
32
25
41
25
23
30
32
35
34
39
47
31
39
23
26
32
25
25
37
27
31
30
37
20
29
25
38
25
28
20
53
40
35
22
24
46
20
35
34
21
25
33
41
48
40
38
28
33
43
38
20
30
45
36
24
23
28
31
30
30
47
29
42
34
40
36
48
20
40
27
40
28
36
40
