20
32
27
21
26
20
32
40
34
32
21
33
35
30
26
20
30
38
32
43
49
34
50
25
33
22
26
23
20
31
41
26
28
41
38
27
31
49
47
20
23
45
21
24
40
40
27
32
31
29
25
29
20
20
20
40
27
21
52
45
36
39
32
27
35
32
20
36
25
34
59
30
24
35
20
25
27
59
25
24
21
25
31
25
31
44
42
47
38
20
33
31
34
23
48
20
29
41
29
20
26
21
35
35
41
27
31
40
30
37
28
34
31
30
20
30
32
20
20
43
30
22
33
20
36
24
27
32
37
23
38
49
28
20
23
30
34
30
48
27
29
37
28
45
30
49
46
38
32
24
47
23
47
54
32
37
48
37
21
34
27
44
47
40
20
53
34
30
26
20
41
45
28
41
36
22
44
35
23
36
40
29
40
50
37
35
47
39
28
40
34
35
22
34
56
26
22
30
37
32
32
30
33
52
33
58
23
40
23
32
36
21
22
25
42
25
31
24
25
20
29
47
20
23
20
42
23
41
22
32
33
45
35
50
25
34
32
34
29
23
34
46
28
50
33
42
35
29
20
38
37
24
30
20
28
34
28
60
33
28
38
44
30
42
36
32
46
45
46
20
32
21
45
52
29
33
41
27
30
33
28
30
39
39
44
34
49
34
46
