42
20
21
26
35
34
32
20
29
33
34
34
29
45
34
31
25
29
28
32
40
24
27
30
29
24
24
49
29
20
22
29
39
49
35
41
49
20
34
30
28
29
30
40
20
47
28
42
23
24
22
20
28
33
33
36
25
33
26
23
26
36
38
31
25
33
41
34
30
26
37
35
35
31
41
38
43
38
20
41
27
41
20
30
24
38
32
24
29
26
28
29
33
34
32
37
27
32
43
22
33
30
25
24
29
60
33
28
27
29
21
28
31
26
32
26
51
33
21
34
27
36
24
48
32
46
26
24
40
32
31
20
37
26
40
31
39
45
35
46
30
33
33
29
36
26
37
30
29
39
29
29
23
54
26
20
41
33
22
25
22
28
21
42
20
23
26
37
29
33
32
23
29
30
32
20
31
36
40
32
38
33
25
35
20
28
28
32
33
44
39
39
22
33
39
39
28
22
33
33
29
29
23
36
50
22
20
33
21
24
41
30
35
24
33
28
26
47
31
32
30
38
30
48
31
22
38
46
36
37
35
31
36
20
38
32
35
37
31
40
44
21
29
44
34
38
33
26
42
27
30
50
26
30
20
30
43
20
28
32
28
21
41
23
23
24
33
36
35
32
26
54
23
25
29
48
38
29
28
31
23
39
37
22
22
34
35
21
51
