31
33
57
30
20
59
23
59
31
43
37
34
49
38
38
37
37
46
45
47
36
48
49
23
28
52
50
31
29
47
20
51
54
30
36
40
23
43
42
21
51
30
38
32
48
36
40
37
20
38
37
49
41
55
30
38
55
38
30
42
40
50
33
39
36
46
25
23
24
36
23
20
20
32
30
32
33
47
36
26
26
43
43
32
30
31
31
44
40
21
51
29
30
23
51
37
26
45
21
23
33
44
27
22
31
28
40
23
47
22
29
33
60
40
30
31
37
37
49
34
35
34
40
38
20
22
48
24
33
40
34
28
36
52
34
35
35
33
24
25
38
29
42
34
29
41
29
53
22
26
55
42
33
43
40
31
34
27
56
20
45
41
36
20
20
28
53
28
54
34
30
40
27
35
32
42
41
54
28
45
39
42
32
50
32
20
20
43
27
25
41
23
38
25
29
50
39
46
27
40
46
50
22
29
51
37
22
39
26
40
23
29
20
29
34
22
24
36
33
30
24
40
51
31
26
45
20
47
51
27
34
45
51
33
43
20
42
41
50
26
28
54
23
39
23
35
52
52
38
33
49
39
47
30
24
47
20
48
56
20
31
40
49
48
45
41
31
46
38
47
23
40
49
34
44
46
35
22
45
29
35
40
27
47
20
45
31
20
46
