42
33
21
49
22
27
26
35
37
35
27
37
31
29
42
26
20
31
39
34
20
40
26
22
28
41
24
24
21
35
29
42
31
25
30
46
37
22
50
27
55
27
38
24
29
48
49
32
34
39
33
22
37
30
39
33
33
38
27
30
28
29
35
36
36
29
37
28
47
33
30
25
30
29
32
43
30
24
37
25
28
46
24
37
36
26
35
20
43
20
32
60
39
26
28
29
37
36
20
31
38
33
46
33
33
45
36
34
23
42
35
32
25
33
40
56
31
32
40
39
33
25
22
20
35
24
42
33
30
20
46
30
43
34
25
22
43
37
25
30
48
40
35
40
40
36
30
38
37
35
22
34
32
26
46
42
37
28
26
31
29
32
34
26
42
20
34
25
29
30
43
38
21
38
28
50
32
37
49
38
27
21
25
31
30
38
25
34
24
52
25
26
30
23
28
37
42
27
25
47
37
30
32
32
32
28
33
22
43
21
37
24
33
24
26
33
20
40
49
38
38
33
46
20
44
35
23
44
32
29
33
27
54
46
27
28
38
28
26
32
26
49
20
38
30
33
23
26
38
31
20
45
23
32
30
29
30
22
27
40
20
20
27
33
20
31
21
27
25
20
33
37
28
35
28
43
42
34
34
24
40
47
29
25
48
27
27
29
37
