34
52
40
35
40
30
29
23
37
49
40
48
29
26
24
45
50
54
23
26
42
34
49
28
27
25
20
22
38
23
26
39
26
20
20
25
37
36
20
34
29
27
30
41
35
22
36
21
37
23
30
21
42
30
39
39
34
36
33
43
31
27
32
22
42
39
34
36
32
55
38
46
27
38
38
39
30
24
32
30
35
38
25
40
29
48
26
21
28
23
39
37
54
37
28
23
30
34
45
55
52
32
39
35
40
34
38
31
29
23
41
30
24
26
52
33
28
20
34
40
41
22
24
37
39
48
40
28
20
37
22
48
20
38
41
40
28
29
43
20
32
24
43
31
24
45
35
27
35
20
26
28
45
32
22
33
29
25
29
38
22
39
31
40
44
39
24
25
44
37
36
39
21
34
25
31
34
35
24
37
46
42
35
30
30
20
32
31
20
48
25
38
26
45
33
29
37
20
35
23
40
39
41
34
29
29
33
50
23
26
34
31
42
32
34
28
32
31
50
32
35
20
38
40
44
36
27
34
32
36
28
30
21
20
49
20
28
28
30
38
32
32
46
28
25
32
22
32
23
27
36
32
33
23
32
26
33
30
60
33
38
27
40
34
29
31
23
20
34
34
32
29
33
32
32
28
35
45
23
43
33
39
36
21
31
36
31
27
27
