32
39
21
35
28
36
20
21
20
21
32
32
33
31
34
22
24
20
33
24
30
28
23
29
45
35
57
39
30
41
29
32
49
21
27
24
34
38
29
21
48
36
28
28
31
36
34
23
35
34
29
38
38
42
23
25
21
20
26
35
47
20
37
20
28
31
36
21
33
36
29
39
36
26
33
31
31
27
25
50
47
37
23
41
23
33
38
27
37
25
29
29
20
23
21
24
28
40
38
32
27
34
22
35
21
29
26
27
49
32
39
37
20
28
37
27
22
38
28
39
20
31
43
20
30
24
30
25
27
20
37
29
40
21
20
29
37
20
21
32
26
24
46
20
27
35
29
35
39
37
41
42
25
21
33
20
30
43
23
20
33
32
28
29
30
20
31
27
28
36
37
41
29
24
29
26
43
43
26
49
32
25
30
25
23
24
31
36
41
27
20
26
27
38
25
36
49
30
36
44
33
24
20
27
36
26
21
45
31
41
20
20
40
60
20
30
30
41
36
34
32
42
27
38
37
23
46
34
20
24
23
39
35
36
27
20
21
31
20
24
38
34
25
31
36
32
38
34
31
37
24
30
25
26
40
46
35
24
27
43
26
29
33
39
20
34
29
37
31
41
39
25
32
22
25
41
31
37
21
38
26
35
29
44
31
23
22
42
42
