46
28
25
29
37
38
41
28
29
41
37
29
31
25
35
34
35
23
31
20
34
27
30
25
25
34
26
29
31
20
28
35
38
26
26
29
36
28
28
32
28
23
32
28
45
41
20
27
25
20
32
42
32
23
31
26
29
40
40
25
39
25
41
37
34
35
28
27
34
27
32
22
37
31
28
35
21
23
33
27
35
40
28
41
29
23
22
31
35
38
30
20
34
30
25
27
26
31
29
24
28
39
47
39
34
20
39
23
32
41
34
42
21
32
60
35
33
20
27
21
21
41
31
27
25
34
42
34
35
20
38
22
26
43
23
20
29
35
32
31
22
23
20
26
29
38
38
32
29
45
20
41
32
21
33
21
38
44
24
35
32
23
34
46
35
37
35
38
22
29
35
35
28
22
21
27
29
29
30
28
21
21
32
27
36
31
32
25
47
25
25
29
31
20
28
20
26
44
27
34
24
24
38
30
41
44
22
20
22
37
20
26
36
33
27
29
31
38
27
20
22
38
34
23
26
35
42
20
23
37
38
31
31
20
36
26
25
34
27
38
20
26
21
25
20
25
27
41
45
32
25
29
36
21
20
33
22
29
31
26
41
23
27
38
42
39
20
36
41
36
44
20
35
29
30
46
20
27
20
29
20
32
23
32
34
32
26
23
34
