23
36
30
31
37
22
31
48
26
31
35
36
32
28
20
27
37
30
39
50
40
27
37
59
21
47
36
40
20
26
26
24
41
33
25
37
21
31
33
35
30
41
46
36
26
33
37
41
40
32
30
26
20
27
22
40
20
20
26
39
33
33
27
48
26
28
28
29
28
34
45
27
49
38
25
26
48
31
42
31
34
39
40
47
29
30
27
41
33
30
39
22
24
45
45
34
30
21
31
42
26
20
32
47
60
21
25
32
36
20
46
24
22
25
37
54
20
24
37
24
35
45
38
21
45
20
20
35
34
53
29
26
40
27
31
34
43
26
38
39
27
27
38
25
29
39
34
40
37
35
29
45
37
30
36
30
52
35
40
25
40
39
21
24
23
25
42
36
50
42
35
26
29
48
43
55
23
42
59
27
33
25
49
20
30
54
35
38
20
30
25
20
46
28
48
42
35
22
44
20
31
38
34
43
27
20
54
22
52
24
47
49
25
29
28
39
35
35
43
29
33
27
27
42
38
20
44
31
41
23
44
25
20
33
34
42
34
25
36
41
46
23
35
24
21
38
53
33
38
27
20
56
35
50
36
35
40
33
39
42
37
27
41
35
35
29
46
41
33
59
28
28
33
50
30
23
36
25
40
34
33
25
31
35
31
25
37
49
43
