34
24
47
36
33
27
26
38
29
36
20
24
20
34
41
48
28
31
30
33
31
43
37
38
36
34
20
32
31
24
24
28
30
30
24
31
25
31
27
35
52
33
20
41
42
44
42
28
28
35
34
27
21
20
20
32
25
26
35
29
42
26
28
28
24
24
29
20
30
25
21
36
54
53
36
48
33
25
24
43
32
34
35
27
23
36
42
32
48
23
30
37
33
23
24
24
33
24
26
31
28
28
51
30
31
31
43
36
24
41
36
31
42
25
21
27
26
26
39
31
29
37
35
25
46
48
34
38
33
26
28
32
45
25
29
24
27
42
28
27
37
35
48
39
33
24
34
41
37
24
28
24
27
27
29
21
33
37
20
35
31
34
26
27
30
32
48
28
26
32
40
32
41
39
40
22
45
44
30
26
25
37
30
20
39
25
21
26
39
35
36
40
49
26
24
30
38
30
20
24
39
34
42
28
36
28
29
32
32
29
21
25
39
35
20
60
27
42
31
30
32
29
30
23
24
29
47
42
36
32
25
23
26
26
44
42
35
36
44
22
21
34
20
39
37
20
32
30
33
43
34
42
29
53
23
38
28
20
33
45
25
25
47
20
21
27
29
29
42
42
22
29
32
30
23
51
23
23
40
30
20
26
28
33
33
38
20
45
28
